100
10
0 25 53 46 77 77 2 35 76 74 14 8 97 60 8 49 69 58 74 20 51 56 6 18 70 15 20 56 39 22 95 45 89 4 70 70 83 90 22 83 71 87 94 59 12 97 45 68 100 69 39 93 89 31 66 9 77 70 74 56 61 13 51 67 43 79 9 41 99 77 13 46 50 70 83 56 78 29 35 57 73 34 63 54 82 86 52 88 36 59 48 28 75 46 13 91 13 49 12 46
25 0 5 24 85 36 20 70 33 76 87 99 86 41 30 3 9 76 9 97 48 36 35 36 32 74 50 38 64 41 64 99 71 55 37 92 79 78 51 95 88 86 53 19 49 75 72 39 74 11 43 16 95 19 28 27 83 78 19 91 23 97 83 36 13 25 72 8 97 87 73 22 12 44 33 28 29 4 29 47 15 100 48 71 27 38 88 21 26 7 28 61 19 15 94 62 30 42 53 20
53 5 0 13 59 9 85 64 57 74 51 49 43 85 1 66 67 11 40 74 61 36 70 53 40 91 87 73 24 64 59 18 73 9 36 57 61 22 12 11 49 57 83 99 48 32 49 97 27 4 69 68 65 31 64 2 100 47 53 36 27 23 63 88 57 22 3 74 84 28 34 76 73 60 82 42 42 12 71 20 32 60 60 91 51 64 87 4 64 36 11 47 39 85 59 85 54 18 21 43
46 24 13 0 63 96 77 4 52 100 26 11 87 90 63 34 29 39 19 43 30 6 9 98 37 34 80 46 60 99 51 77 25 84 63 18 20 41 52 74 3 73 28 87 62 52 55 27 29 31 94 22 29 77 50 25 57 39 1 90 65 74 50 50 21 20 4 13 91 27 78 76 42 62 39 53 58 38 27 44 69 87 62 81 1 90 37 14 37 29 74 27 76 89 45 59 49 92 29 78
77 85 59 63 0 78 11 56 80 35 45 46 22 37 10 22 48 49 99 31 57 25 57 57 79 73 35 54 96 67 12 59 36 23 34 13 100 26 56 62 87 93 47 52 1 27 45 99 59 15 34 5 66 93 3 66 59 23 47 44 88 44 44 72 56 53 32 81 15 80 11 59 24 1 17 26 80 20 70 92 66 49 38 40 57 74 69 59 71 78 31 54 41 94 9 23 5 89 12 99
77 36 9 96 78 0 41 2 85 48 4 95 46 31 7 94 26 14 21 60 91 84 15 93 21 84 24 65 47 46 95 51 36 93 39 21 60 42 73 56 84 63 55 10 43 95 52 27 44 23 70 53 72 55 2 99 68 85 79 48 97 86 95 51 25 80 32 80 15 99 26 43 29 75 62 60 99 27 79 34 20 92 46 97 98 2 64 3 95 60 14 89 97 20 25 13 21 45 45 32
2 20 85 77 11 41 0 31 15 83 10 94 51 56 5 17 65 77 98 28 36 11 11 21 64 65 82 28 97 41 44 79 13 75 69 8 9 81 39 44 46 98 75 94 21 98 40 70 64 37 95 87 72 59 87 1 100 78 58 82 56 65 79 35 46 36 44 5 74 43 84 24 77 15 94 100 98 79 75 45 19 87 82 55 45 17 23 80 41 61 90 13 96 94 23 20 40 89 9 31
35 70 64 4 56 2 31 0 24 90 98 50 59 23 68 22 76 91 50 78 34 9 32 62 71 91 88 35 79 84 44 1 1 45 46 61 34 37 77 17 14 65 95 2 28 12 60 82 39 63 70 40 41 77 23 94 29 24 46 15 34 48 76 97 56 33 70 21 63 67 18 83 26 7 54 88 36 62 80 3 63 66 56 36 61 8 26 4 38 58 89 10 47 51 23 98 90 97 84 87
76 33 57 52 80 85 15 24 0 12 26 51 14 45 25 28 21 36 8 27 25 32 27 18 43 85 69 95 97 82 13 20 52 16 67 36 97 63 63 34 1 93 81 50 34 48 53 37 15 35 45 99 49 89 7 38 33 19 94 54 22 81 31 27 60 24 41 62 84 3 24 72 38 21 35 70 12 57 57 93 90 20 50 74 49 79 87 7 8 11 80 46 78 41 26 88 69 85 38 79
74 76 74 100 35 48 83 90 12 0 84 36 98 98 98 41 28 63 55 50 44 59 2 88 67 12 26 48 29 14 36 79 73 70 38 7 77 42 4 61 60 15 26 82 81 47 100 94 58 13 25 97 97 69 41 52 16 89 72 59 14 22 32 24 100 23 80 85 93 58 53 25 98 20 78 80 41 33 37 22 68 10 74 36 38 35 88 99 39 61 24 10 25 43 24 58 34 71 22 96
14 87 51 26 45 4 10 98 26 84 0 82 30 13 54 16 58 91 63 4 24 50 42 54 66 12 73 27 92 18 51 90 58 89 75 22 19 43 48 11 79 98 20 31 41 82 91 83 8 51 46 73 95 18 46 60 54 75 64 2 63 70 46 97 46 4 62 23 83 81 7 36 67 41 47 59 84 68 34 83 99 69 5 20 68 20 15 83 84 2 74 88 62 11 51 65 41 88 35 12
8 99 49 11 46 95 94 50 51 36 82 0 63 100 58 99 95 31 67 15 6 32 98 91 65 56 50 29 72 86 97 14 76 55 1 19 27 10 47 32 44 56 50 88 1 70 92 28 68 27 75 68 7 67 79 1 33 63 30 81 14 59 69 45 62 96 78 74 64 28 46 96 45 13 63 77 80 69 28 35 8 85 43 52 81 32 16 42 78 63 4 19 28 52 50 89 15 89 92 72
97 86 43 87 22 46 51 59 14 98 30 63 0 42 47 34 76 20 84 77 12 50 67 83 93 99 42 41 24 51 70 68 88 16 50 96 83 76 27 87 26 77 33 85 59 9 97 42 97 52 77 94 78 72 53 50 67 84 81 45 34 48 88 18 55 1 37 28 97 92 86 100 81 80 51 48 78 74 41 66 85 74 98 82 95 65 93 22 41 50 30 33 14 98 77 29 46 73 15 1
60 41 85 90 37 31 56 23 45 98 13 100 42 0 67 44 17 43 27 56 43 42 62 16 46 98 56 69 91 97 52 55 83 8 29 95 42 77 31 58 10 59 47 42 32 53 27 76 25 92 59 74 24 12 39 65 2 12 90 100 55 56 100 8 15 98 65 2 66 80 17 87 98 95 69 92 32 41 73 92 78 31 12 35 21 87 90 14 68 75 1 17 47 90 95 1 83 95 46 9
8 30 1 63 10 7 5 68 25 98 54 58 47 67 0 99 15 37 65 12 90 57 80 80 94 63 17 18 76 70 73 9 40 40 93 58 77 77 20 78 16 19 28 67 10 10 84 17 53 75 81 97 70 77 29 91 53 100 58 64 48 2 56 62 45 64 58 37 95 43 65 76 100 47 100 10 8 49 88 37 44 85 59 41 76 44 96 7 97 31 75 98 30 3 21 97 92 78 80 85
49 3 66 34 22 94 17 22 28 41 16 99 34 44 99 0 61 27 38 76 17 54 43 38 30 18 4 72 100 92 77 87 17 62 44 91 22 49 69 27 88 86 31 14 7 98 100 19 67 57 28 54 51 94 75 82 97 50 68 87 13 98 16 94 41 59 13 15 10 94 4 70 35 67 96 77 29 11 64 99 43 59 62 20 74 66 71 20 6 20 52 58 60 72 24 80 18 60 49 36
69 9 67 29 48 26 65 76 21 28 58 95 76 17 15 61 0 33 59 9 39 23 25 92 42 20 73 52 96 71 25 100 42 70 39 16 67 2 76 1 100 24 17 16 77 35 15 37 4 39 70 23 9 8 51 44 100 34 69 48 87 63 34 89 3 51 81 25 99 58 1 59 78 92 17 14 65 62 58 76 80 71 44 13 85 59 57 14 89 7 65 28 94 19 62 64 71 83 2 98
58 76 11 39 49 14 77 91 36 63 91 31 20 43 37 27 33 0 69 75 61 47 38 59 14 79 35 17 60 52 36 18 63 63 71 12 8 53 92 70 14 22 4 17 30 48 87 42 13 60 92 34 15 7 14 89 22 55 11 82 51 36 10 31 39 28 13 41 20 44 93 38 62 81 100 60 64 73 88 38 8 9 72 36 77 20 41 21 74 29 60 99 44 30 96 36 93 70 37 48
74 9 40 19 99 21 98 50 8 55 63 67 84 27 65 38 59 69 0 35 46 12 18 40 61 7 2 83 60 91 24 1 2 61 65 87 32 97 14 14 97 15 52 34 11 18 24 41 60 59 11 73 78 6 69 70 43 23 83 95 1 6 57 17 45 87 11 30 17 5 16 35 10 78 52 77 45 86 58 47 75 58 10 80 17 11 85 46 68 48 5 28 66 54 43 79 53 59 5 53
20 97 74 43 31 60 28 78 27 50 4 15 77 56 12 76 9 75 35 0 10 38 36 21 29 26 4 24 28 92 59 45 40 74 8 73 35 67 84 12 45 14 18 70 60 89 68 15 87 83 43 79 88 89 44 25 19 77 13 78 76 37 24 2 1 24 60 46 41 70 48 58 15 35 89 23 92 17 51 35 63 59 64 13 43 55 42 14 64 16 11 15 31 5 85 7 64 22 5 97
51 48 61 30 57 91 36 34 25 44 24 6 12 43 90 17 39 61 46 10 0 96 26 2 52 67 35 45 40 72 6 8 33 14 42 35 31 4 55 44 72 44 48 9 10 89 30 50 64 8 11 12 41 7 50 24 13 3 48 74 71 64 19 72 28 77 67 74 46 72 28 34 93 99 78 92 73 26 100 93 40 24 60 52 100 28 29 82 92 64 45 90 54 75 93 58 68 76 43 73
56 36 36 6 25 84 11 9 32 59 50 32 50 42 57 54 23 47 12 38 96 0 25 95 28 73 21 18 70 64 81 96 44 63 62 59 63 43 58 14 57 73 32 16 18 41 22 13 28 32 20 33 80 10 83 79 93 60 11 17 69 65 8 76 84 60 68 100 95 45 99 31 21 98 88 58 88 22 63 6 32 43 17 20 20 30 46 78 17 61 45 76 61 18 51 24 87 36 3 53
6 35 70 9 57 15 11 32 27 2 42 98 67 62 80 43 25 38 18 36 26 25 0 83 8 43 18 92 95 99 3 61 34 91 38 19 80 7 96 52 82 61 58 95 17 3 79 2 91 22 58 3 11 17 49 96 82 18 62 10 31 36 95 77 12 54 80 12 80 54 92 83 32 29 18 25 59 35 43 65 86 84 88 95 47 62 60 91 69 67 88 65 59 67 54 19 20 95 64 77
18 36 53 98 57 93 21 62 18 88 54 91 83 16 80 38 92 59 40 21 2 95 83 0 33 100 77 100 67 8 35 60 32 25 11 22 8 3 9 30 84 87 77 79 22 7 98 94 87 67 61 62 54 22 97 7 18 70 89 9 76 28 38 76 87 90 31 53 86 39 97 18 74 99 21 16 96 68 13 40 88 24 48 81 20 68 63 81 62 9 80 48 30 55 80 15 52 90 24 97
70 32 40 37 79 21 64 71 43 67 66 65 93 46 94 30 42 14 61 29 52 28 8 33 0 68 49 60 33 28 54 39 68 44 20 46 8 54 16 55 6 11 59 41 96 95 22 31 70 24 99 38 49 2 70 91 81 14 47 66 22 26 100 40 20 13 45 13 30 66 72 11 79 63 13 89 96 86 91 20 19 6 16 56 41 3 58 33 87 12 58 36 69 97 28 8 23 2 22 92
15 74 91 34 73 84 65 91 85 12 12 56 99 98 63 18 20 79 7 26 67 73 43 100 68 0 74 96 81 88 10 14 61 48 81 77 96 94 33 25 65 47 60 2 4 53 69 28 84 37 12 75 46 77 35 91 44 50 87 45 3 90 76 51 74 82 89 73 20 39 89 44 76 44 17 47 2 77 70 4 90 81 37 48 46 22 17 1 93 28 91 51 19 16 72 91 29 86 24 37
20 50 87 80 35 24 82 88 69 26 73 50 42 56 17 4 73 35 2 4 35 21 18 77 49 74 0 5 13 6 87 14 95 50 85 32 21 19 27 63 100 19 27 14 82 60 59 38 34 43 61 79 51 9 82 97 50 85 88 64 2 72 26 34 50 32 97 76 77 19 11 85 87 96 30 1 18 62 67 41 51 7 64 15 35 52 20 76 38 77 58 8 70 86 17 90 69 83 72 69
56 38 73 46 54 65 28 35 95 48 27 29 41 69 18 72 52 17 83 24 45 18 92 100 60 96 5 0 23 99 46 84 46 91 95 100 58 7 35 74 55 84 35 25 92 97 18 37 25 16 71 64 20 91 93 44 84 78 87 99 25 26 99 69 27 26 69 40 51 55 19 35 65 38 14 3 18 2 60 21 55 57 100 1 78 63 51 4 89 37 2 19 98 49 86 54 82 1 47 40
39 64 24 60 96 47 97 79 97 29 92 72 24 91 76 100 96 60 60 28 40 70 95 67 33 81 13 23 0 76 6 30 97 66 71 9 12 42 37 47 40 6 46 46 31 19 45 68 31 71 31 8 75 39 100 8 83 72 66 19 92 21 70 76 85 93 79 75 72 97 10 96 79 23 1 80 28 84 3 7 93 8 99 43 67 31 81 21 68 1 94 17 77 93 92 2 46 47 91 12
22 41 64 99 67 46 41 84 82 14 18 86 51 97 70 92 71 52 91 92 72 64 99 8 28 88 6 99 76 0 25 33 51 10 84 80 39 60 42 17 91 12 6 89 33 46 42 18 47 67 81 55 52 46 15 12 77 76 24 82 18 61 82 85 40 90 57 91 84 1 36 34 36 2 42 62 14 22 17 21 45 67 95 94 91 59 88 37 12 15 77 97 43 76 35 7 13 52 94 55
95 64 59 51 12 95 44 44 13 36 51 97 70 52 73 77 25 36 24 59 6 81 3 35 54 10 87 46 6 25 0 52 95 66 66 37 13 14 21 93 37 20 86 73 48 65 9 23 42 85 58 3 85 81 80 76 39 13 64 67 70 24 99 48 77 34 37 50 24 37 24 66 20 1 81 53 5 10 23 60 69 91 7 3 64 88 50 29 64 12 5 22 60 59 46 24 96 5 38 29
45 99 18 77 59 51 79 1 20 79 90 14 68 55 9 87 100 18 1 45 8 96 61 60 39 14 14 84 30 33 52 0 17 76 91 13 40 100 47 41 86 61 60 13 17 46 68 48 69 47 19 66 34 50 39 31 94 28 61 14 68 92 30 43 53 37 88 58 10 41 35 33 91 47 40 25 67 79 41 96 72 80 86 12 33 34 92 32 16 62 30 59 2 1 4 5 90 70 84 54
89 71 73 25 36 36 13 1 52 73 58 76 88 83 40 17 42 63 2 40 33 44 34 32 68 61 95 46 97 51 95 17 0 21 97 76 25 16 15 86 29 32 41 78 1 4 53 25 6 35 2 55 98 52 55 17 16 41 6 68 84 92 8 82 71 57 57 11 42 21 10 16 80 76 82 70 49 98 19 96 29 52 4 38 96 44 80 91 86 14 33 7 34 33 51 82 51 83 77 61
4 55 9 84 23 93 75 45 16 70 89 55 16 8 40 62 70 63 61 74 14 63 91 25 44 48 50 91 66 10 66 76 21 0 37 19 23 12 8 47 86 63 21 37 32 78 100 28 26 21 14 61 23 63 10 98 81 7 80 22 51 56 65 32 29 30 20 44 41 78 62 10 3 1 87 94 1 97 89 5 45 76 64 93 98 77 93 73 72 70 51 36 83 61 20 81 37 71 84 56
70 37 36 63 34 39 69 46 67 38 75 1 50 29 93 44 39 71 65 8 42 62 38 11 20 81 85 95 71 84 66 91 97 37 0 2 94 56 65 63 46 59 66 78 13 28 15 81 10 76 33 71 66 58 88 23 72 27 48 61 70 22 88 15 42 37 8 27 49 53 11 7 7 37 18 16 17 64 82 84 46 87 80 31 59 84 33 71 79 4 4 73 90 34 95 6 8 27 57 36
70 92 57 18 13 21 8 61 36 7 22 19 96 95 58 91 16 12 87 73 35 59 19 22 46 77 32 100 9 80 37 13 76 19 2 0 28 70 67 31 46 84 74 33 24 13 46 28 16 63 95 22 22 9 28 100 25 13 47 10 45 12 62 39 66 85 61 91 38 60 6 55 94 48 16 95 61 90 8 49 81 72 64 2 19 39 69 95 37 75 58 10 33 24 27 89 13 22 18 51
83 79 61 20 100 60 9 34 97 77 19 27 83 42 77 22 67 8 32 35 31 63 80 8 8 96 21 58 12 39 13 40 25 23 94 28 0 31 35 4 56 22 71 59 42 47 96 79 23 88 67 38 74 48 90 17 31 3 29 84 22 87 78 5 98 50 7 44 22 58 74 33 27 89 1 16 97 50 4 44 54 76 78 65 25 86 6 84 42 12 34 90 12 99 8 8 83 50 69 5
90 78 22 41 26 42 81 37 63 42 43 10 76 77 77 49 2 53 97 67 4 43 7 3 54 94 19 7 42 60 14 100 16 12 56 70 31 0 48 1 15 53 10 46 44 70 1 94 34 42 36 75 73 37 63 94 71 45 3 19 57 86 87 72 94 46 65 99 28 90 15 37 47 35 11 33 49 38 75 91 56 30 100 2 25 76 30 100 18 65 34 7 49 79 53 35 64 14 58 96
22 51 12 52 56 73 39 77 63 4 48 47 27 31 20 69 76 92 14 84 55 58 96 9 16 33 27 35 37 42 21 47 15 8 65 67 35 48 0 37 55 18 51 55 54 42 99 78 52 10 26 35 15 24 29 21 4 91 91 56 37 81 40 56 24 84 7 75 34 35 57 44 16 57 7 64 37 51 20 87 46 88 33 25 35 41 47 67 55 50 59 15 65 23 14 13 6 67 1 39
83 95 11 74 62 56 44 17 34 61 11 32 87 58 78 27 1 70 14 12 44 14 52 30 55 25 63 74 47 17 93 41 86 47 63 31 4 1 37 0 86 92 29 49 30 73 41 50 58 50 19 48 32 59 98 86 50 66 45 22 91 4 33 19 94 27 33 77 92 36 13 83 13 42 5 93 93 83 60 1 85 54 71 61 58 24 83 61 28 66 31 9 33 23 79 92 33 24 10 81
71 88 49 3 87 84 46 14 1 60 79 44 26 10 16 88 100 14 97 45 72 57 82 84 6 65 100 55 40 91 37 86 29 86 46 46 56 15 55 86 0 63 17 5 100 13 10 98 81 95 82 81 20 71 15 14 13 12 46 38 2 23 14 78 35 19 16 7 5 1 66 64 89 34 55 64 11 67 62 29 100 29 38 36 35 69 91 2 56 2 16 84 84 85 46 26 37 27 21 49
87 86 57 73 93 63 98 65 93 15 98 56 77 59 19 86 24 22 15 14 44 73 61 87 11 47 19 84 6 12 20 61 32 63 59 84 22 53 18 92 63 0 55 13 20 97 51 51 42 11 39 60 79 83 22 81 53 60 3 96 13 26 58 1 78 17 38 4 5 64 40 6 96 89 35 50 17 15 64 73 25 51 64 37 25 89 52 79 12 2 68 55 50 71 66 72 32 80 22 75
94 53 83 28 47 55 75 95 81 26 20 50 33 47 28 31 17 4 52 18 48 32 58 77 59 60 27 35 46 6 86 60 41 21 66 74 71 10 51 29 17 55 0 81 18 84 72 48 94 75 84 31 97 73 28 29 92 26 89 47 86 62 81 70 59 21 34 94 54 52 43 22 56 72 41 73 81 12 40 57 38 71 39 59 36 37 94 32 68 26 44 33 93 54 58 100 25 61 10 17
59 19 99 87 52 10 94 2 50 82 31 88 85 42 67 14 16 17 34 70 9 16 95 79 41 2 14 25 46 89 73 13 78 37 78 33 59 46 55 49 5 13 81 0 21 90 43 48 70 60 83 92 61 99 79 6 18 61 18 17 13 79 38 67 32 72 8 39 83 71 24 89 27 2 69 83 63 62 97 47 27 99 61 9 82 18 73 80 82 73 42 92 17 41 75 11 27 29 27 55
12 49 48 62 1 43 21 28 34 81 41 1 59 32 10 7 77 30 11 60 10 18 17 22 96 4 82 92 31 33 48 17 1 32 13 24 42 44 54 30 100 20 18 21 0 11 41 30 35 11 94 3 2 10 50 7 38 6 88 19 13 15 36 36 27 52 97 20 90 73 59 20 32 54 37 76 80 61 71 89 17 52 95 28 50 15 23 62 71 32 99 87 70 23 3 56 15 60 98 21
97 75 32 52 27 95 98 12 48 47 82 70 9 53 10 98 35 48 18 89 89 41 3 7 95 53 60 97 19 46 65 46 4 78 28 13 47 70 42 73 13 97 84 90 11 0 1 47 46 12 96 52 93 44 43 77 21 43 77 10 33 77 39 15 98 15 94 16 9 87 38 8 5 26 51 60 40 44 18 38 80 84 1 55 85 76 43 64 73 15 51 77 51 22 42 72 70 60 24 93
45 72 49 55 45 52 40 60 53 100 91 92 97 27 84 100 15 87 24 68 30 22 79 98 22 69 59 18 45 42 9 68 53 100 15 46 96 1 99 41 10 51 72 43 41 1 0 24 2 69 65 67 63 28 47 96 93 71 39 88 27 33 77 21 4 78 36 19 71 94 78 87 6 86 98 61 69 76 23 33 83 10 93 63 52 52 63 55 91 22 59 85 48 91 42 55 77 49 77 74
68 39 97 27 99 27 70 82 37 94 83 28 42 76 17 19 37 42 41 15 50 13 2 94 31 28 38 37 68 18 23 48 25 28 81 28 79 94 78 50 98 51 48 48 30 47 24 0 39 77 58 99 87 85 26 12 60 74 11 53 67 9 81 28 49 31 96 32 13 27 65 7 57 92 22 21 6 14 37 98 49 65 81 93 14 33 48 25 49 1 14 4 81 54 99 22 12 33 52 5
100 74 27 29 59 44 64 39 15 58 8 68 97 25 53 67 4 13 60 87 64 28 91 87 70 84 34 25 31 47 42 69 6 26 10 16 23 34 52 58 81 42 94 70 35 46 2 39 0 12 17 26 48 78 1 28 58 33 27 96 62 78 4 56 22 57 3 69 14 79 50 74 15 37 42 43 6 65 83 64 24 22 11 45 88 86 55 36 99 80 40 99 4 63 53 93 3 76 92 37
69 11 4 31 15 23 37 63 35 13 51 27 52 92 75 57 39 60 59 83 8 32 22 67 24 37 43 16 71 67 85 47 35 21 76 63 88 42 10 50 95 11 75 60 11 12 69 77 12 0 3 32 94 12 16 33 97 42 60 79 23 29 44 14 43 26 66 98 94 12 81 10 86 34 65 9 78 13 57 51 79 48 40 46 84 89 25 59 72 21 79 72 75 26 60 7 29 73 71 91
39 43 69 94 34 70 95 70 45 25 46 75 77 59 81 28 70 92 11 43 11 20 58 61 99 12 61 71 31 81 58 19 2 14 33 95 67 36 26 19 82 39 84 83 94 96 65 58 17 3 0 1 52 20 35 66 82 96 14 12 73 33 65 9 50 14 85 12 52 58 38 55 68 59 71 43 37 44 62 73 10 16 56 47 61 21 2 99 10 67 50 75 93 61 44 75 13 80 73 58
93 16 68 22 5 53 87 40 99 97 73 68 94 74 97 54 23 34 73 79 12 33 3 62 38 75 79 64 8 55 3 66 55 61 71 22 38 75 35 48 81 60 31 92 3 52 67 99 26 32 1 0 7 41 85 69 91 89 98 46 23 73 100 94 98 45 21 14 93 68 96 96 71 77 78 52 60 44 77 88 37 53 83 69 50 46 48 85 97 41 9 72 57 41 22 40 74 40 8 3
89 95 65 29 66 72 72 41 49 97 95 7 78 24 70 51 9 15 78 88 41 80 11 54 49 46 51 20 75 52 85 34 98 23 66 22 74 73 15 32 20 79 97 61 2 93 63 87 48 94 52 7 0 44 78 94 24 12 100 41 15 3 39 17 94 72 72 87 84 44 15 85 29 48 24 94 39 48 40 82 59 63 11 78 30 52 76 99 33 69 50 17 94 32 3 79 9 59 63 74
31 19 31 77 93 55 59 77 89 69 18 67 72 12 77 94 8 7 6 89 7 10 17 22 2 77 9 91 39 46 81 50 52 63 58 9 48 37 24 59 71 83 73 99 10 44 28 85 78 12 20 41 44 0 84 58 73 72 89 79 25 54 17 13 6 93 36 51 39 99 23 90 59 96 31 29 32 17 99 82 92 22 69 100 89 34 29 59 43 74 63 65 11 66 50 97 55 40 54 88
66 28 64 50 3 2 87 23 7 41 46 79 53 39 29 75 51 14 69 44 50 83 49 97 70 35 82 93 100 15 80 39 55 10 88 28 90 63 29 98 15 22 28 79 50 43 47 26 1 16 35 85 78 84 0 19 3 36 51 79 60 56 99 91 25 74 72 75 66 95 9 23 82 50 5 40 48 81 93 7 25 64 54 38 96 65 81 66 66 34 21 57 94 19 4 21 62 74 61 13
9 27 2 25 66 99 1 94 38 52 60 1 50 65 91 82 44 89 70 25 24 79 96 7 91 91 97 44 8 12 76 31 17 98 23 100 17 94 21 86 14 81 29 6 7 77 96 12 28 33 66 69 94 58 19 0 60 85 83 39 30 13 61 24 66 88 67 88 68 33 11 73 58 34 38 48 95 34 18 85 28 37 31 94 6 17 48 82 78 4 68 100 5 67 88 69 76 54 89 45
77 83 100 57 59 68 100 29 33 16 54 33 67 2 53 97 100 22 43 19 13 93 82 18 81 44 50 84 83 77 39 94 16 81 72 25 31 71 4 50 13 53 92 18 38 21 93 60 58 97 82 91 24 73 3 60 0 71 65 28 10 100 34 61 42 82 72 40 17 91 20 8 61 65 91 70 50 20 32 40 96 86 51 70 37 9 61 96 94 43 70 79 98 33 78 10 79 41 21 56
70 78 47 39 23 85 78 24 19 89 75 63 84 12 100 50 34 55 23 77 3 60 18 70 14 50 85 78 72 76 13 28 41 7 27 13 3 45 91 66 12 60 26 61 6 43 71 74 33 42 96 89 12 72 36 85 71 0 48 94 85 47 76 44 7 10 39 86 63 94 16 70 70 18 93 6 16 95 12 38 1 80 69 88 86 17 34 34 99 97 56 19 5 46 74 32 11 48 76 76
74 19 53 1 47 79 58 46 94 72 64 30 81 90 58 68 69 11 83 13 48 11 62 89 47 87 88 87 66 24 64 61 6 80 48 47 29 3 91 45 46 3 89 18 88 77 39 11 27 60 14 98 100 89 51 83 65 48 0 49 70 67 57 67 38 81 15 56 61 60 31 28 60 88 30 53 4 100 56 6 30 5 2 53 57 79 92 87 69 19 16 18 98 29 27 64 59 29 55 55
56 91 36 90 44 48 82 15 54 59 2 81 45 100 64 87 48 82 95 78 74 17 10 9 66 45 64 99 19 82 67 14 68 22 61 10 84 19 56 22 38 96 47 17 19 10 88 53 96 79 12 46 41 79 79 39 28 94 49 0 21 88 26 76 60 95 99 62 62 32 83 16 1 69 37 67 63 27 7 46 54 86 57 35 3 91 11 21 68 69 95 88 79 88 31 8 70 71 28 30
61 23 27 65 88 97 56 34 22 14 63 14 34 55 48 13 87 51 1 76 71 69 31 76 22 3 2 25 92 18 70 68 84 51 70 45 22 57 37 91 2 13 86 13 13 33 27 67 62 23 73 23 15 25 60 30 10 85 70 21 0 88 31 77 92 93 76 91 75 99 90 71 70 13 89 80 14 27 22 91 4 85 98 97 12 92 96 48 95 62 96 69 62 57 2 71 50 51 75 11
13 97 23 74 44 86 65 48 81 22 70 59 48 56 2 98 63 36 6 37 64 65 36 28 26 90 72 26 21 61 24 92 92 56 22 12 87 86 81 4 23 26 62 79 15 77 33 9 78 29 33 73 3 54 56 13 100 47 67 88 88 0 82 52 70 83 16 13 23 73 64 90 73 1 92 47 71 98 13 73 31 31 76 3 85 86 17 58 65 96 26 45 62 49 54 79 35 90 59 100
51 83 63 50 44 95 79 76 31 32 46 69 88 100 56 16 34 10 57 24 19 8 95 38 100 76 26 99 70 82 99 30 8 65 88 62 78 87 40 33 14 58 81 38 36 39 77 81 4 44 65 100 39 17 99 61 34 76 57 26 31 82 0 32 63 79 89 20 65 31 88 15 64 47 32 87 66 40 3 64 46 76 32 81 8 12 27 73 50 9 48 78 2 99 41 2 72 26 82 13
67 36 88 50 72 51 35 97 27 24 97 45 18 8 62 94 89 31 17 2 72 76 77 76 40 51 34 69 76 85 48 43 82 32 15 39 5 72 56 19 78 1 70 67 36 15 21 28 56 14 9 94 17 13 91 24 61 44 67 76 77 52 32 0 50 39 42 2 98 36 55 32 14 38 81 64 89 52 14 61 29 57 14 41 55 19 25 47 32 46 4 51 76 85 88 47 87 91 59 34
43 13 57 21 56 25 46 56 60 100 46 62 55 15 45 41 3 39 45 1 28 84 12 87 20 74 50 27 85 40 77 53 71 29 42 66 98 94 24 94 35 78 59 32 27 98 4 49 22 43 50 98 94 6 25 66 42 7 38 60 92 70 63 50 0 8 79 47 62 80 25 32 70 35 30 85 77 82 83 95 43 85 77 35 87 80 98 40 28 13 99 74 26 83 6 2 32 55 1 82
79 25 22 20 53 80 36 33 24 23 4 96 1 98 64 59 51 28 87 24 77 60 54 90 13 82 32 26 93 90 34 37 57 30 37 85 50 46 84 27 19 17 21 72 52 15 78 31 57 26 14 45 72 93 74 88 82 10 81 95 93 83 79 39 8 0 88 18 88 5 79 88 55 94 55 65 81 80 31 34 71 70 34 85 89 40 85 53 86 18 33 56 68 57 95 14 36 70 87 53
9 72 3 4 32 32 44 70 41 80 62 78 37 65 58 13 81 13 11 60 67 68 80 31 45 89 97 69 79 57 37 88 57 20 8 61 7 65 7 33 16 38 34 8 97 94 36 96 3 66 85 21 72 36 72 67 72 39 15 99 76 16 89 42 79 88 0 59 64 68 50 81 15 70 97 22 87 29 63 89 37 11 32 79 8 80 96 69 27 42 89 16 39 13 71 1 62 63 15 11
41 8 74 13 81 80 5 21 62 85 23 74 28 2 37 15 25 41 30 46 74 100 12 53 13 73 76 40 75 91 50 58 11 44 27 91 44 99 75 77 7 4 94 39 20 16 19 32 69 98 12 14 87 51 75 88 40 86 56 62 91 13 20 2 47 18 59 0 30 58 49 76 31 42 51 22 82 28 7 73 11 94 96 11 30 49 93 75 56 91 19 74 24 1 89 47 13 85 66 51
99 97 84 91 15 15 74 63 84 93 83 64 97 66 95 10 99 20 17 41 46 95 80 86 30 20 77 51 72 84 24 10 42 41 49 38 22 28 34 92 5 5 54 83 90 9 71 13 14 94 52 93 84 39 66 68 17 63 61 62 75 23 65 98 62 88 64 30 0 1 57 39 1 41 38 37 37 16 97 72 99 41 38 50 49 97 95 30 53 59 57 80 99 45 24 36 47 18 5 79
77 87 28 27 80 99 43 67 3 58 81 28 92 80 43 94 58 44 5 70 72 45 54 39 66 39 19 55 97 1 37 41 21 78 53 60 58 90 35 36 1 64 52 71 73 87 94 27 79 12 58 68 44 99 95 33 91 94 60 32 99 73 31 36 80 5 68 58 1 0 15 70 16 62 68 89 1 54 83 50 10 31 13 45 53 61 91 83 51 85 52 58 39 52 6 18 31 67 56 90
13 73 34 78 11 26 84 18 24 53 7 46 86 17 65 4 1 93 16 48 28 99 92 97 72 89 11 19 10 36 24 35 10 62 11 6 74 15 57 13 66 40 43 24 59 38 78 65 50 81 38 96 15 23 9 11 20 16 31 83 90 64 88 55 25 79 50 49 57 15 0 17 18 25 46 2 47 84 74 19 68 72 11 19 94 29 31 5 42 12 45 62 18 55 51 78 84 85 50 10
46 22 76 76 59 43 24 83 72 25 36 96 100 87 76 70 59 38 35 58 34 31 83 18 11 44 85 35 96 34 66 33 16 10 7 55 33 37 44 83 64 6 22 89 20 8 87 7 74 10 55 96 85 90 23 73 8 70 28 16 71 90 15 32 32 88 81 76 39 70 17 0 81 22 21 36 49 90 92 19 16 18 56 58 35 19 95 26 59 25 14 6 99 26 59 99 63 10 82 19
50 12 73 42 24 29 77 26 38 98 67 45 81 98 100 35 78 62 10 15 93 21 32 74 79 76 87 65 79 36 20 91 80 3 7 94 27 47 16 13 89 96 56 27 32 5 6 57 15 86 68 71 29 59 82 58 61 70 60 1 70 73 64 14 70 55 15 31 1 16 18 81 0 68 93 96 8 32 7 49 72 81 15 72 3 40 11 28 20 7 52 28 80 65 55 94 96 48 51 45
70 44 60 62 1 75 15 7 21 20 41 13 80 95 47 67 92 81 78 35 99 98 29 99 63 44 96 38 23 2 1 47 76 1 37 48 89 35 57 42 34 89 72 2 54 26 86 92 37 34 59 77 48 96 50 34 65 18 88 69 13 1 47 38 35 94 70 42 41 62 25 22 68 0 39 14 100 72 30 17 94 34 27 69 18 11 21 51 43 95 8 70 17 59 23 92 32 58 95 94
83 33 82 39 17 62 94 54 35 78 47 63 51 69 100 96 17 100 52 89 78 88 18 21 13 17 30 14 1 42 81 40 82 87 18 16 1 11 7 5 55 35 41 69 37 51 98 22 42 65 71 78 24 31 5 38 91 93 30 37 89 92 32 81 30 55 97 51 38 68 46 21 93 39 0 45 90 47 33 72 87 12 4 85 98 20 89 69 72 57 64 23 76 84 6 37 96 16 44 87
56 28 42 53 26 60 100 88 70 80 59 77 48 92 10 77 14 60 77 23 92 58 25 16 89 47 1 3 80 62 53 25 70 94 16 95 16 33 64 93 64 50 73 83 76 60 61 21 43 9 43 52 94 29 40 48 70 6 53 67 80 47 87 64 85 65 22 22 37 89 2 36 96 14 45 0 55 58 94 29 23 53 12 78 42 38 10 96 58 40 35 15 14 62 49 3 45 31 36 36
78 29 42 58 80 99 98 36 12 41 84 80 78 32 8 29 65 64 45 92 73 88 59 96 96 2 18 18 28 14 5 67 49 1 17 61 97 49 37 93 11 17 81 63 80 40 69 6 6 78 37 60 39 32 48 95 50 16 4 63 14 71 66 89 77 81 87 82 37 1 47 49 8 100 90 55 0 70 31 29 17 84 94 77 23 79 80 14 72 84 33 49 24 88 58 49 43 59 85 44
29 4 12 38 20 27 79 62 57 33 68 69 74 41 49 11 62 73 86 17 26 22 35 68 86 77 62 2 84 22 10 79 98 97 64 90 50 38 51 83 67 15 12 62 61 44 76 14 65 13 44 44 48 17 81 34 20 95 100 27 27 98 40 52 82 80 29 28 16 54 84 90 32 72 47 58 70 0 61 19 10 17 65 75 59 71 84 48 47 15 90 15 76 88 30 95 34 49 65 1
35 29 71 27 70 79 75 80 57 37 34 28 41 73 88 64 58 88 58 51 100 63 43 13 91 70 67 60 3 17 23 41 19 89 82 8 4 75 20 60 62 64 40 97 71 18 23 37 83 57 62 77 40 99 93 18 32 12 56 7 22 13 3 14 83 31 63 7 97 83 74 92 7 30 33 94 31 61 0 62 43 83 90 32 38 82 67 16 4 24 32 89 4 18 11 70 18 36 9 15
57 47 20 44 92 34 45 3 93 22 83 35 66 92 37 99 76 38 47 35 93 6 65 40 20 4 41 21 7 21 60 96 96 5 84 49 44 91 87 1 29 73 57 47 89 38 33 98 64 51 73 88 82 82 7 85 40 38 6 46 91 73 64 61 95 34 89 73 72 50 19 19 49 17 72 29 29 19 62 0 40 52 59 7 38 13 65 14 15 56 20 94 52 96 43 55 7 72 86 43
73 15 32 69 66 20 19 63 90 68 99 8 85 78 44 43 80 8 75 63 40 32 86 88 19 90 51 55 93 45 69 72 29 45 46 81 54 56 46 85 100 25 38 27 17 80 83 49 24 79 10 37 59 92 25 28 96 1 30 54 4 31 46 29 43 71 37 11 99 10 68 16 72 94 87 23 17 10 43 40 0 34 27 65 25 47 100 89 72 80 2 92 78 17 18 91 57 21 19 6
34 100 60 87 49 92 87 66 20 10 69 85 74 31 85 59 71 9 58 59 24 43 84 24 6 81 7 57 8 67 91 80 52 76 87 72 76 30 88 54 29 51 71 99 52 84 10 65 22 48 16 53 63 22 64 37 86 80 5 86 85 31 76 57 85 70 11 94 41 31 72 18 81 34 12 53 84 17 83 52 34 0 51 1 88 67 40 75 58 88 3 72 24 86 28 64 63 88 43 61
63 48 60 62 38 46 82 56 50 74 5 43 98 12 59 62 44 72 10 64 60 17 88 48 16 37 64 100 99 95 7 86 4 64 80 64 78 100 33 71 38 64 39 61 95 1 93 81 11 40 56 83 11 69 54 31 51 69 2 57 98 76 32 14 77 34 32 96 38 13 11 56 15 27 4 12 94 65 90 59 27 51 0 69 93 11 79 78 34 51 35 82 50 88 9 63 39 6 38 96
54 71 91 81 40 97 55 36 74 36 20 52 82 35 41 20 13 36 80 13 52 20 95 81 56 48 15 1 43 94 3 12 38 93 31 2 65 2 25 61 36 37 59 9 28 55 63 93 45 46 47 69 78 100 38 94 70 88 53 35 97 3 81 41 35 85 79 11 50 45 19 58 72 69 85 78 77 75 32 7 65 1 69 0 88 60 38 2 13 8 36 35 93 97 28 15 20 10 14 67
82 27 51 1 57 98 45 61 49 38 68 81 95 21 76 74 85 77 17 43 100 20 47 20 41 46 35 78 67 91 64 33 96 98 59 19 25 25 35 58 35 25 36 82 50 85 52 14 88 84 61 50 30 89 96 6 37 86 57 3 12 85 8 55 87 89 8 30 49 53 94 35 3 18 98 42 23 59 38 38 25 88 93 88 0 64 29 49 67 97 94 56 20 99 73 57 8 26 9 98
86 38 64 90 74 2 17 8 79 35 20 32 65 87 44 66 59 20 11 55 28 30 62 68 3 22 52 63 31 59 88 34 44 77 84 39 86 76 41 24 69 89 37 18 15 76 52 33 86 89 21 46 52 34 65 17 9 17 79 91 92 86 12 19 80 40 80 49 97 61 29 19 40 11 20 38 79 71 82 13 47 67 11 60 64 0 1 80 17 10 10 22 76 99 32 88 34 24 8 91
52 88 87 37 69 64 23 26 87 88 15 16 93 90 96 71 57 41 85 42 29 46 60 63 58 17 20 51 81 88 50 92 80 93 33 69 6 30 47 83 91 52 94 73 23 43 63 48 55 25 2 48 76 29 81 48 61 34 92 11 96 17 27 25 98 85 96 93 95 91 31 95 11 21 89 10 80 84 67 65 100 40 79 38 29 1 0 13 83 38 84 46 2 85 63 41 37 63 4 38
88 21 4 14 59 3 80 4 7 99 83 42 22 14 7 20 14 21 46 14 82 78 91 81 33 1 76 4 21 37 29 32 91 73 71 95 84 100 67 61 2 79 32 80 62 64 55 25 36 59 99 85 99 59 66 82 96 34 87 21 48 58 73 47 40 53 69 75 30 83 5 26 28 51 69 96 14 48 16 14 89 75 78 2 49 80 13 0 3 81 17 98 45 44 14 29 98 57 71 33
36 26 64 37 71 95 41 38 8 39 84 78 41 68 97 6 89 74 68 64 92 17 69 62 87 93 38 89 68 12 64 16 86 72 79 37 42 18 55 28 56 12 68 82 71 73 91 49 99 72 10 97 33 43 66 78 94 99 69 68 95 65 50 32 28 86 27 56 53 51 42 59 20 43 72 58 72 47 4 15 72 58 34 13 67 17 83 3 0 78 66 72 80 44 11 47 95 30 98 39
59 7 36 29 78 60 61 58 11 61 2 63 50 75 31 20 7 29 48 16 64 61 67 9 12 28 77 37 1 15 12 62 14 70 4 75 12 65 50 66 2 2 26 73 32 15 22 1 80 21 67 41 69 74 34 4 43 97 19 69 62 96 9 46 13 18 42 91 59 85 12 25 7 95 57 40 84 15 24 56 80 88 51 8 97 10 38 81 78 0 21 97 4 83 91 66 42 24 95 39
48 28 11 74 31 14 90 89 80 24 74 4 30 1 75 52 65 60 5 11 45 45 88 80 58 91 58 2 94 77 5 30 33 51 4 58 34 34 59 31 16 68 44 42 99 51 59 14 40 79 50 9 50 63 21 68 70 56 16 95 96 26 48 4 99 33 89 19 57 52 45 14 52 8 64 35 33 90 32 20 2 3 35 36 94 10 84 17 66 21 0 99 70 55 46 97 34 92 27 48
28 61 47 27 54 89 13 10 46 10 88 19 33 17 98 58 28 99 28 15 90 76 65 48 36 51 8 19 17 97 22 59 7 36 73 10 90 7 15 9 84 55 33 92 87 77 85 4 99 72 75 72 17 65 57 100 79 19 18 88 69 45 78 51 74 56 16 74 80 58 62 6 28 70 23 15 49 15 89 94 92 72 82 35 56 22 46 98 72 97 99 0 13 60 3 98 96 91 86 2
75 19 39 76 41 97 96 47 78 25 62 28 14 47 30 60 94 44 66 31 54 61 59 30 69 19 70 98 77 43 60 2 34 83 90 33 12 49 65 33 84 50 93 17 70 51 48 81 4 75 93 57 94 11 94 5 98 5 98 79 62 62 2 76 26 68 39 24 99 39 18 99 80 17 76 14 24 76 4 52 78 24 50 93 20 76 2 45 80 4 70 13 0 61 38 84 30 10 21 89
46 15 85 89 94 20 94 51 41 43 11 52 98 90 3 72 19 30 54 5 75 18 67 55 97 16 86 49 93 76 59 1 33 61 34 24 99 79 23 23 85 71 54 41 23 22 91 54 63 26 61 41 32 66 19 67 33 46 29 88 57 49 99 85 83 57 13 1 45 52 55 26 65 59 84 62 88 88 18 96 17 86 88 97 99 99 85 44 44 83 55 60 61 0 2 27 40 7 64 57
13 94 59 45 9 25 23 23 26 24 51 50 77 95 21 24 62 96 43 85 93 51 54 80 28 72 17 86 92 35 46 4 51 20 95 27 8 53 14 79 46 66 58 75 3 42 42 99 53 60 44 22 3 50 4 88 78 74 27 31 2 54 41 88 6 95 71 89 24 6 51 59 55 23 6 49 58 30 11 43 18 28 9 28 73 32 63 14 11 91 46 3 38 2 0 11 39 47 43 86
91 62 85 59 23 13 20 98 88 58 65 89 29 1 97 80 64 36 79 7 58 24 19 15 8 91 90 54 2 7 24 5 82 81 6 89 8 35 13 92 26 72 100 11 56 72 55 22 93 7 75 40 79 97 21 69 10 32 64 8 71 79 2 47 2 14 1 47 36 18 78 99 94 92 37 3 49 95 70 55 91 64 63 15 57 88 41 29 47 66 97 98 84 27 11 0 56 91 54 18
13 30 54 49 5 21 40 90 69 34 41 15 46 83 92 18 71 93 53 64 68 87 20 52 23 29 69 82 46 13 96 90 51 37 8 13 83 64 6 33 37 32 25 27 15 70 77 12 3 29 13 74 9 55 62 76 79 11 59 70 50 35 72 87 32 36 62 13 47 31 84 63 96 32 96 45 43 34 18 7 57 63 39 20 8 34 37 98 95 42 34 96 30 40 39 56 0 20 100 43
49 42 18 92 89 45 89 97 85 71 88 89 73 95 78 60 83 70 59 22 76 36 95 90 2 86 83 1 47 52 5 70 83 71 27 22 50 14 67 24 27 80 61 29 60 60 49 33 76 73 80 40 59 40 74 54 41 48 29 71 51 90 26 91 55 70 63 85 18 67 85 10 48 58 16 31 59 49 36 72 21 88 6 10 26 24 63 57 30 24 92 91 10 7 47 91 20 0 88 55
12 53 21 29 12 45 9 84 38 22 35 92 15 46 80 49 2 37 5 5 43 3 64 24 22 24 72 47 91 94 38 84 77 84 57 18 69 58 1 10 21 22 10 27 98 24 77 52 92 71 73 8 63 54 61 89 21 76 55 28 75 59 82 59 1 87 15 66 5 56 50 82 51 95 44 36 85 65 9 86 19 43 38 14 9 8 4 71 98 95 27 86 21 64 43 54 100 88 0 90
46 20 43 78 99 32 31 87 79 96 12 72 1 9 85 36 98 48 53 97 73 53 77 97 92 37 69 40 12 55 29 54 61 56 36 51 5 96 39 81 49 75 17 55 21 93 74 5 37 91 58 3 74 88 13 45 56 76 55 30 11 100 13 34 82 53 11 51 79 90 10 19 45 94 87 36 44 1 15 43 6 61 96 67 98 91 38 33 39 39 48 2 89 57 86 18 43 55 90 0
