100
10
0 49 89 60 96 8 42 64 78 46 61 53 20 9 88 67 68 38 35 19 4 21 51 60 92 65 20 25 91 51 32 79 34 37 29 57 88 72 16 73 22 20 100 96 14 96 7 16 18 58 83 79 52 16 16 79 20 77 53 9 23 29 62 58 84 77 93 63 54 16 98 43 32 45 85 15 99 45 54 46 87 68 94 56 38 78 49 61 90 85 91 13 19 93 42 18 39 5 6 20
49 0 93 78 73 24 9 79 94 92 2 32 86 75 100 1 36 77 38 19 76 18 13 92 26 57 70 22 57 10 2 37 41 99 45 77 6 40 55 91 79 67 53 65 79 67 91 2 47 10 45 66 91 66 64 86 45 64 84 21 45 91 23 32 60 24 33 91 60 46 71 23 74 8 40 72 79 7 70 45 76 60 66 70 16 32 52 91 21 88 32 15 24 44 56 41 97 55 98 97
89 93 0 65 93 33 87 96 72 33 78 13 30 9 27 51 54 70 93 51 68 85 45 38 96 72 93 47 74 1 98 32 26 8 90 5 82 21 86 1 46 53 70 92 43 44 11 36 33 98 90 81 23 62 99 30 1 24 63 8 61 7 63 9 77 8 96 99 17 96 61 96 50 53 69 61 4 19 34 40 7 78 20 48 22 30 88 9 20 7 51 99 73 25 39 15 21 53 2 15
60 78 65 0 97 53 4 13 12 82 5 15 13 87 59 40 52 76 5 64 82 50 39 38 48 77 40 24 83 37 23 76 100 40 60 47 20 76 61 75 94 30 21 4 38 15 55 81 34 59 65 34 78 88 16 25 16 85 20 81 35 70 44 88 67 33 97 93 83 32 42 14 85 56 65 99 62 77 38 8 25 23 75 84 56 2 44 64 87 67 68 74 69 83 23 87 88 7 55 4
96 73 93 97 0 71 50 47 70 31 65 13 69 46 28 61 59 34 59 20 55 46 67 23 45 7 72 86 68 80 85 49 79 94 15 16 40 80 78 48 68 87 79 94 68 90 77 23 23 87 3 47 72 44 24 96 39 68 64 10 56 25 78 45 97 64 49 35 11 77 51 73 50 35 52 48 14 22 88 41 6 45 74 51 32 80 15 41 23 63 36 8 65 45 30 15 56 25 54 34
8 24 33 53 71 0 59 76 14 2 21 4 31 54 96 27 85 33 18 44 74 16 17 53 41 85 18 38 10 69 86 71 67 11 87 42 90 29 89 34 39 41 80 38 75 31 24 74 69 96 38 83 13 19 33 78 9 79 21 30 67 36 72 3 90 19 83 88 69 16 95 85 38 77 84 72 12 83 60 2 43 84 23 76 26 26 25 46 9 97 16 60 18 16 49 5 83 95 29 70
42 9 87 4 50 59 0 32 35 100 99 66 75 52 81 69 7 7 2 17 54 2 17 12 9 97 70 40 39 87 2 77 64 30 85 20 46 46 68 81 2 1 93 99 35 38 22 92 18 47 48 86 11 92 99 11 100 85 21 26 96 83 43 16 57 7 12 92 78 47 23 43 25 25 75 83 70 7 21 83 68 59 42 65 61 12 21 11 83 35 42 100 6 10 52 31 97 11 60 52
64 79 96 13 47 76 32 0 4 96 3 44 27 68 78 22 76 1 67 76 98 44 62 51 80 95 92 47 29 58 39 87 27 10 44 87 20 11 89 12 4 96 13 35 73 41 3 11 91 75 75 88 40 16 27 73 9 15 90 40 95 8 46 35 27 100 76 92 38 82 33 40 22 11 72 49 71 73 83 5 64 75 67 68 79 3 65 44 42 61 76 11 1 58 50 91 73 60 45 71
78 94 72 12 70 14 35 4 0 76 30 97 31 48 91 51 12 6 83 30 39 7 77 75 55 78 20 97 96 55 86 71 33 48 71 38 16 75 7 3 15 84 90 87 58 82 18 72 10 76 32 38 82 28 59 27 57 54 71 9 2 35 21 43 67 17 73 18 36 68 16 40 55 66 38 38 2 68 85 19 34 43 70 24 56 70 15 87 73 40 10 70 43 60 79 8 14 32 78 63
46 92 33 82 31 2 100 96 76 0 63 62 93 49 72 66 17 98 23 62 35 71 39 2 95 27 69 21 17 10 1 15 39 31 75 45 38 20 58 100 5 95 31 99 96 56 57 80 4 72 38 79 95 61 35 50 50 83 26 64 65 41 54 2 50 72 26 51 37 93 41 70 56 84 99 43 28 80 2 81 99 5 76 77 58 39 12 67 79 12 100 82 81 75 53 31 63 11 99 45
61 2 78 5 65 21 99 3 30 63 0 37 20 86 24 79 60 61 21 15 93 53 6 97 3 45 7 57 79 95 52 25 38 14 6 73 64 66 9 38 20 89 65 44 55 16 37 29 54 70 30 2 69 38 3 66 23 96 3 45 86 54 45 57 30 18 14 58 84 13 83 82 1 62 69 21 84 45 24 3 13 37 59 36 62 57 38 59 89 39 24 68 74 87 8 87 19 38 9 77
53 32 13 15 13 4 66 44 97 62 37 0 79 38 34 23 7 39 41 33 5 1 28 37 31 8 12 4 86 86 91 19 68 55 74 19 18 83 67 94 31 95 68 13 15 16 96 65 50 67 70 5 1 80 16 2 41 88 44 28 34 82 73 46 41 59 92 93 53 96 33 52 72 64 85 64 22 53 4 31 8 31 27 35 57 3 38 60 91 96 77 62 19 8 93 35 56 46 21 80
20 86 30 13 69 31 75 27 31 93 20 79 0 81 5 51 18 54 47 15 75 85 21 70 11 69 83 39 81 48 55 54 24 82 81 40 42 53 2 72 38 96 70 20 41 41 47 24 26 96 27 38 98 42 68 86 75 34 81 81 59 76 43 61 21 20 28 50 12 47 97 71 22 52 69 16 24 80 87 9 48 65 67 59 73 33 25 98 20 99 17 22 9 8 9 23 91 5 68 73
9 75 9 87 46 54 52 68 48 49 86 38 81 0 67 65 13 95 52 89 43 69 37 19 8 87 53 66 94 79 77 79 35 43 54 72 29 53 77 83 43 50 64 91 65 80 4 4 87 39 86 54 10 27 40 14 54 5 34 96 86 18 53 64 5 54 8 37 24 35 64 23 46 66 7 98 47 7 53 47 61 79 80 76 63 10 83 22 90 5 30 36 66 35 69 66 15 42 76 98
88 100 27 59 28 96 81 78 91 72 24 34 5 67 0 20 65 51 83 98 49 32 68 23 95 73 82 42 32 38 23 12 78 83 42 55 10 4 3 70 4 32 68 77 60 20 22 95 19 59 9 12 28 36 51 15 97 58 84 76 5 66 49 37 76 62 19 65 54 43 62 12 82 19 84 25 48 84 7 31 15 31 59 7 83 31 12 3 34 6 28 23 19 43 59 2 13 9 63 98
67 1 51 40 61 27 69 22 51 66 79 23 51 65 20 0 14 41 2 70 90 88 31 100 11 87 67 33 32 89 31 71 92 94 100 36 64 42 84 32 31 22 39 40 80 19 63 5 26 2 13 22 10 89 94 47 84 98 22 86 90 71 45 55 71 78 73 52 75 16 30 54 54 52 34 85 90 2 87 67 30 73 60 24 31 6 68 36 6 33 82 81 60 18 45 78 20 23 77 64
68 36 54 52 59 85 7 76 12 17 60 7 18 13 65 14 0 36 55 58 51 6 23 91 75 15 21 41 99 55 92 78 51 43 69 49 87 1 90 66 13 5 72 27 38 56 57 58 94 87 35 84 66 13 56 78 2 45 74 49 97 27 90 1 14 27 85 34 43 19 1 80 69 89 49 94 1 66 14 7 84 22 56 77 18 18 56 6 6 98 85 88 70 100 60 95 84 70 29 68
38 77 70 76 34 33 7 1 6 98 61 39 54 95 51 41 36 0 45 44 70 73 57 48 68 52 97 55 54 85 1 81 91 20 39 84 100 77 77 43 86 10 76 4 7 80 59 4 65 94 87 95 78 41 74 15 70 82 2 30 85 33 90 20 55 46 42 77 4 76 61 53 89 51 91 88 95 29 36 82 69 47 18 50 16 57 97 65 43 72 60 43 42 45 42 35 76 85 5 15
35 38 93 5 59 18 2 67 83 23 21 41 47 52 83 2 55 45 0 14 70 41 29 26 11 78 3 68 88 51 73 68 74 65 84 8 15 33 99 76 74 78 10 46 61 6 56 36 80 54 13 95 45 53 41 81 43 19 87 49 53 1 93 50 80 21 57 65 86 7 65 18 68 60 4 25 92 75 34 17 100 74 6 55 19 72 44 1 17 98 74 34 24 12 73 85 65 31 20 99
19 19 51 64 20 44 17 76 30 62 15 33 15 89 98 70 58 44 14 0 46 97 44 54 93 4 86 21 20 54 2 51 24 37 88 64 40 47 92 95 63 82 60 29 15 66 15 58 39 53 57 83 50 28 40 63 29 98 64 88 95 84 72 75 93 35 23 15 4 17 79 54 31 70 99 49 90 85 58 58 76 16 14 20 85 52 39 45 42 42 13 80 81 83 4 70 61 32 12 13
4 76 68 82 55 74 54 98 39 35 93 5 75 43 49 90 51 70 70 46 0 25 72 28 32 93 49 55 82 99 51 34 35 66 20 26 29 83 89 46 70 39 80 60 7 98 87 92 42 32 98 19 26 64 17 48 4 37 99 32 96 51 66 34 54 69 16 96 86 54 3 53 43 60 77 41 23 45 36 13 46 90 6 46 31 84 56 76 20 76 30 63 80 11 37 64 86 10 79 1
21 18 85 50 46 16 2 44 7 71 53 1 85 69 32 88 6 73 41 97 25 0 61 75 91 65 43 67 100 51 7 5 28 56 47 71 51 90 31 19 21 94 13 38 10 19 5 82 56 88 20 6 24 54 47 44 18 57 11 60 86 10 25 34 75 67 97 91 27 87 46 97 56 65 48 38 77 60 39 61 85 13 37 16 57 41 14 58 33 12 94 43 60 25 100 68 6 50 71 46
51 13 45 39 67 17 17 62 77 39 6 28 21 37 68 31 23 57 29 44 72 61 0 61 84 91 39 9 14 3 94 57 59 37 45 40 42 55 38 54 3 68 58 10 73 60 29 97 67 42 2 8 76 79 4 77 87 94 90 50 98 80 68 22 32 46 90 23 30 67 70 45 36 37 37 14 80 56 74 38 84 38 98 90 45 78 10 88 33 90 4 35 16 34 62 12 80 27 39 1
60 92 38 38 23 53 12 51 75 2 97 37 70 19 23 100 91 48 26 54 28 75 61 0 17 53 58 1 73 73 86 65 86 71 26 19 58 67 59 32 93 4 40 91 24 58 56 23 77 87 13 19 42 61 40 39 2 62 75 30 62 93 62 24 29 10 36 61 15 42 59 50 84 61 96 65 20 70 3 88 89 65 30 71 2 79 10 41 44 77 53 50 53 60 48 57 22 99 73 2
92 26 96 48 45 41 9 80 55 95 3 31 11 8 95 11 75 68 11 93 32 91 84 17 0 57 69 1 42 45 82 38 10 39 52 11 44 66 37 14 90 27 27 1 85 45 63 12 95 24 30 46 75 60 74 2 58 37 21 3 62 24 21 33 19 69 92 44 64 49 51 96 26 3 86 7 40 90 97 31 57 23 11 53 55 62 59 1 58 57 2 24 96 99 52 27 38 45 12 74
65 57 72 77 7 85 97 95 78 27 45 8 69 87 73 87 15 52 78 4 93 65 91 53 57 0 99 78 84 91 94 68 7 7 82 29 31 43 27 46 75 62 49 18 37 18 90 26 90 3 78 29 95 83 59 65 94 39 78 20 30 95 66 78 89 21 41 90 81 68 85 82 47 32 40 9 90 60 55 93 20 59 83 47 32 32 47 94 40 26 33 49 87 78 11 79 83 73 25 73
20 70 93 40 72 18 70 92 20 69 7 12 83 53 82 67 21 97 3 86 49 43 39 58 69 99 0 37 68 66 55 53 30 47 100 56 42 56 53 80 32 60 34 85 24 43 31 13 98 33 65 25 23 75 23 80 44 86 66 32 12 87 3 77 46 8 89 68 71 16 81 91 81 60 15 47 54 41 79 8 16 30 90 76 83 46 9 73 64 24 21 46 96 5 38 65 85 26 96 4
25 22 47 24 86 38 40 47 97 21 57 4 39 66 42 33 41 55 68 21 55 67 9 1 1 78 37 0 86 40 84 18 94 84 8 21 47 21 66 84 87 50 56 10 18 19 3 64 26 69 42 83 39 36 90 67 61 32 48 93 27 2 48 95 98 72 87 59 99 59 16 51 85 98 36 86 63 44 23 2 64 99 73 81 22 54 36 91 84 63 6 73 100 24 99 21 33 100 47 100
91 57 74 83 68 10 39 29 96 17 79 86 81 94 32 32 99 54 88 20 82 100 14 73 42 84 68 86 0 89 25 13 52 86 29 11 64 74 58 66 80 40 60 94 98 17 76 61 85 84 54 57 42 32 94 38 86 60 55 57 10 79 86 9 23 59 93 2 17 68 44 69 97 26 31 56 60 26 6 46 75 30 74 82 13 11 57 46 42 72 13 5 59 97 70 50 38 34 11 28
51 10 1 37 80 69 87 58 55 10 95 86 48 79 38 89 55 85 51 54 99 51 3 73 45 91 66 40 89 0 53 7 7 85 37 46 91 52 57 66 61 81 52 80 14 58 97 73 96 2 30 88 94 50 46 39 17 82 10 41 30 79 30 69 96 55 9 50 64 29 90 83 64 70 36 22 99 14 86 79 78 46 28 52 34 13 37 90 86 78 4 60 5 95 67 38 2 73 59 9
32 2 98 23 85 86 2 39 86 1 52 91 55 77 23 31 92 1 73 2 51 7 94 86 82 94 55 84 25 53 0 20 53 92 80 23 8 56 16 47 75 8 65 30 15 33 54 80 16 68 87 1 54 34 91 50 52 87 99 37 1 64 11 82 28 66 3 66 58 33 66 2 32 99 33 79 88 16 24 89 7 88 62 30 71 58 56 99 53 67 84 5 67 34 58 67 75 20 71 8
79 37 32 76 49 71 77 87 71 15 25 19 54 79 12 71 78 81 68 51 34 5 57 65 38 68 53 18 13 7 20 0 51 3 8 20 28 13 77 39 2 20 22 2 37 24 78 81 74 45 76 65 23 88 52 10 31 40 13 27 90 88 57 12 63 87 10 28 43 71 79 87 63 80 47 41 29 6 56 75 49 82 14 63 81 66 94 80 20 69 91 43 24 100 99 66 42 22 35 25
34 41 26 100 79 67 64 27 33 39 38 68 24 35 78 92 51 91 74 24 35 28 59 86 10 7 30 94 52 7 53 51 0 97 46 35 54 22 19 5 96 40 3 21 40 71 37 96 29 61 62 17 84 79 19 52 100 80 35 61 24 46 70 81 38 16 40 15 44 34 64 54 77 24 90 73 35 73 60 1 2 82 36 12 92 68 70 44 43 89 14 60 6 16 32 81 36 47 9 1
37 99 8 40 94 11 30 10 48 31 14 55 82 43 83 94 43 20 65 37 66 56 37 71 39 7 47 84 86 85 92 3 97 0 63 6 55 81 91 36 83 17 18 67 91 37 70 87 90 1 96 49 31 66 27 87 7 40 78 48 74 8 29 28 46 27 77 89 100 99 75 81 87 71 20 61 24 84 80 4 91 76 80 66 91 51 75 57 59 93 24 61 13 58 18 69 62 88 10 79
29 45 90 60 15 87 85 44 71 75 6 74 81 54 42 100 69 39 84 88 20 47 45 26 52 82 100 8 29 37 80 8 46 63 0 96 71 41 48 87 4 30 61 25 8 34 37 88 28 80 2 46 9 88 28 31 25 24 95 29 52 19 100 13 69 63 56 6 86 80 33 63 56 83 73 62 59 68 97 16 54 47 23 48 23 70 68 12 21 36 41 52 43 95 87 8 17 58 58 80
57 77 5 47 16 42 20 87 38 45 73 19 40 72 55 36 49 84 8 64 26 71 40 19 11 29 56 21 11 46 23 20 35 6 96 0 45 44 54 85 50 15 18 77 36 45 7 3 55 61 49 31 8 12 27 11 7 7 87 84 9 66 77 60 90 36 88 54 88 54 71 32 54 73 66 9 35 75 56 16 21 35 74 65 42 99 1 33 29 16 13 44 25 45 86 5 8 15 89 69
88 6 82 20 40 90 46 20 16 38 64 18 42 29 10 64 87 100 15 40 29 51 42 58 44 31 42 47 64 91 8 28 54 55 71 45 0 30 9 6 46 34 40 45 18 67 44 36 28 45 60 32 33 49 87 1 80 74 89 55 29 25 78 90 48 56 34 71 58 35 85 99 6 83 26 42 86 89 18 66 1 10 46 62 53 88 70 44 62 44 95 53 83 26 34 33 49 23 18 98
72 40 21 76 80 29 46 11 75 20 66 83 53 53 4 42 1 77 33 47 83 90 55 67 66 43 56 21 74 52 56 13 22 81 41 44 30 0 74 76 94 53 42 76 65 14 48 11 15 19 52 14 5 3 11 62 60 3 40 62 51 26 36 72 21 87 33 28 2 96 78 36 59 4 12 6 65 58 22 16 58 87 61 24 85 44 58 27 84 62 45 91 57 17 3 95 32 70 92 58
16 55 86 61 78 89 68 89 7 58 9 67 2 77 3 84 90 77 99 92 89 31 38 59 37 27 53 66 58 57 16 77 19 91 48 54 9 74 0 81 17 32 1 47 66 72 49 62 44 72 59 62 69 31 69 36 50 11 4 82 32 68 43 30 1 97 32 81 36 99 92 73 29 82 24 75 49 83 24 38 92 15 93 83 30 77 28 25 54 61 10 80 97 10 88 89 91 17 34 73
73 91 1 75 48 34 81 12 3 100 38 94 72 83 70 32 66 43 76 95 46 19 54 32 14 46 80 84 66 66 47 39 5 36 87 85 6 76 81 0 9 91 46 8 55 5 63 92 69 83 45 37 43 18 8 35 51 53 46 26 39 80 64 42 70 37 73 32 15 93 88 62 8 32 57 43 6 79 64 18 53 64 17 64 64 8 85 60 13 85 28 45 37 80 64 14 88 9 97 84
22 79 46 94 68 39 2 4 15 5 20 31 38 43 4 31 13 86 74 63 70 21 3 93 90 75 32 87 80 61 75 2 96 83 4 50 46 94 17 9 0 17 13 37 8 79 98 42 95 60 83 35 9 22 5 62 72 32 45 15 71 40 58 10 61 40 49 72 87 70 99 58 90 54 35 63 1 67 16 5 10 78 56 62 83 38 73 31 42 85 7 68 41 83 43 8 46 27 24 86
20 67 53 30 87 41 1 96 84 95 89 95 96 50 32 22 5 10 78 82 39 94 68 4 27 62 60 50 40 81 8 20 40 17 30 15 34 53 32 91 17 0 4 48 34 22 93 37 59 96 78 27 93 20 46 40 43 88 51 60 74 77 88 95 91 92 95 98 14 1 30 90 32 48 32 21 1 81 76 1 45 26 22 65 48 74 83 56 37 32 11 71 83 96 56 56 83 12 42 90
100 53 70 21 79 80 93 13 90 31 65 68 70 64 68 39 72 76 10 60 80 13 58 40 27 49 34 56 60 52 65 22 3 18 61 18 40 42 1 46 13 4 0 87 24 68 16 45 17 94 3 9 23 49 78 95 14 93 84 61 46 45 72 8 50 19 42 23 78 41 46 94 24 83 15 77 12 77 62 37 26 9 62 16 51 81 36 16 97 3 94 9 41 77 67 30 49 29 50 67
96 65 92 4 94 38 99 35 87 99 44 13 20 91 77 40 27 4 46 29 60 38 10 91 1 18 85 10 94 80 30 2 21 67 25 77 45 76 47 8 37 48 87 0 37 73 40 13 46 60 89 45 75 47 15 95 26 10 55 7 74 74 1 23 16 27 15 48 61 31 44 25 22 85 35 51 42 42 10 81 65 10 55 63 76 61 67 49 15 8 84 12 69 38 57 79 25 64 90 18
14 79 43 38 68 75 35 73 58 96 55 15 41 65 60 80 38 7 61 15 7 10 73 24 85 37 24 18 98 14 15 37 40 91 8 36 18 65 66 55 8 34 24 37 0 8 60 29 30 61 71 84 59 67 26 21 68 16 37 17 40 57 12 26 48 22 18 27 63 35 99 59 68 90 63 14 8 10 41 66 92 22 1 30 30 62 5 15 41 17 23 51 81 51 52 90 63 27 33 53
96 67 44 15 90 31 38 41 82 56 16 16 41 80 20 19 56 80 6 66 98 19 60 58 45 18 43 19 17 58 33 24 71 37 34 45 67 14 72 5 79 22 68 73 8 0 10 3 34 61 58 29 15 32 82 98 20 77 40 43 46 51 17 57 22 26 25 7 69 49 22 5 72 34 9 93 13 27 31 56 87 82 5 42 80 5 41 39 31 23 34 25 97 34 55 7 34 6 8 83
7 91 11 55 77 24 22 3 18 57 37 96 47 4 22 63 57 59 56 15 87 5 29 56 63 90 31 3 76 97 54 78 37 70 37 7 44 48 49 63 98 93 16 40 60 10 0 63 90 30 93 35 66 14 57 4 84 49 74 64 34 66 48 30 89 10 39 78 41 21 41 84 12 60 64 83 92 69 36 76 63 13 31 46 94 86 54 80 73 11 53 91 9 57 7 59 40 24 76 18
16 2 36 81 23 74 92 11 72 80 29 65 24 4 95 5 58 4 36 58 92 82 97 23 12 26 13 64 61 73 80 81 96 87 88 3 36 11 62 92 42 37 45 13 29 3 63 0 53 29 96 47 44 6 99 38 59 11 23 91 98 66 43 80 34 8 83 34 42 36 56 61 30 24 36 80 59 2 28 14 83 44 31 93 31 75 27 33 68 73 93 33 23 81 100 25 21 73 49 51
18 47 33 34 23 69 18 91 10 4 54 50 26 87 19 26 94 65 80 39 42 56 67 77 95 90 98 26 85 96 16 74 29 90 28 55 28 15 44 69 95 59 17 46 30 34 90 53 0 13 16 2 36 13 75 41 64 54 24 62 79 85 39 5 41 70 24 99 51 54 94 26 23 86 79 65 45 53 72 56 7 85 97 37 25 45 52 5 70 71 21 50 31 68 88 14 81 22 47 50
58 10 98 59 87 96 47 75 76 72 70 67 96 39 59 2 87 94 54 53 32 88 42 87 24 3 33 69 84 2 68 45 61 1 80 61 45 19 72 83 60 96 94 60 61 61 30 29 13 0 41 18 93 15 30 23 60 62 81 73 57 83 39 40 35 75 90 62 66 26 75 87 99 65 64 46 22 31 65 84 12 3 80 31 81 100 45 46 11 33 43 75 8 9 25 1 58 88 99 51
83 45 90 65 3 38 48 75 32 38 30 70 27 86 9 13 35 87 13 57 98 20 2 13 30 78 65 42 54 30 87 76 62 96 2 49 60 52 59 45 83 78 3 89 71 58 93 96 16 41 0 86 38 97 37 94 7 56 89 33 61 11 86 6 42 19 1 52 77 72 59 30 51 60 27 9 68 89 56 31 96 95 30 46 50 54 37 5 94 83 47 60 58 20 34 14 26 72 89 80
79 66 81 34 47 83 86 88 38 79 2 5 38 54 12 22 84 95 95 83 19 6 8 19 46 29 25 83 57 88 1 65 17 49 46 31 32 14 62 37 35 27 9 45 84 29 35 47 2 18 86 0 9 23 17 94 89 58 48 93 7 52 60 20 87 42 7 50 13 30 84 63 20 78 25 39 76 77 4 23 86 18 83 59 60 67 61 61 80 34 23 23 30 50 27 92 92 9 68 3
52 91 23 78 72 13 11 40 82 95 69 1 98 10 28 10 66 78 45 50 26 24 76 42 75 95 23 39 42 94 54 23 84 31 9 8 33 5 69 43 9 93 23 75 59 15 66 44 36 93 38 9 0 91 30 95 71 81 30 80 22 79 8 73 34 74 54 81 77 23 51 81 29 21 8 53 14 22 25 25 53 75 20 57 25 88 12 11 9 22 32 79 69 3 76 73 91 36 57 37
16 66 62 88 44 19 92 16 28 61 38 80 42 27 36 89 13 41 53 28 64 54 79 61 60 83 75 36 32 50 34 88 79 66 88 12 49 3 31 18 22 20 49 47 67 32 14 6 13 15 97 23 91 0 1 30 75 51 2 60 100 10 100 89 51 26 16 29 21 45 46 94 1 43 28 99 34 25 39 25 25 33 69 91 27 50 39 39 9 42 16 71 9 72 54 32 9 18 13 67
16 64 99 16 24 33 99 27 59 35 3 16 68 40 51 94 56 74 41 40 17 47 4 40 74 59 23 90 94 46 91 52 19 27 28 27 87 11 69 8 5 46 78 15 26 82 57 99 75 30 37 17 30 1 0 51 86 44 81 37 77 27 69 98 56 66 12 9 76 6 89 20 21 100 23 65 34 92 73 35 78 15 30 11 32 43 47 40 45 21 95 85 73 26 4 43 17 28 83 44
79 86 30 25 96 78 11 73 27 50 66 2 86 14 15 47 78 15 81 63 48 44 77 39 2 65 80 67 38 39 50 10 52 87 31 11 1 62 36 35 62 40 95 95 21 98 4 38 41 23 94 94 95 30 51 0 79 77 24 96 28 33 71 2 92 47 33 57 99 2 89 11 81 63 67 97 93 50 91 55 66 31 2 81 37 52 89 49 45 80 56 50 56 94 27 62 36 42 45 25
20 45 1 16 39 9 100 9 57 50 23 41 75 54 97 84 2 70 43 29 4 18 87 2 58 94 44 61 86 17 52 31 100 7 25 7 80 60 50 51 72 43 14 26 68 20 84 59 64 60 7 89 71 75 86 79 0 57 24 13 92 39 52 18 56 48 87 9 81 96 80 69 38 52 24 38 49 7 50 33 34 73 53 19 68 63 22 74 92 59 55 100 38 6 66 39 84 65 60 36
77 64 24 85 68 79 85 15 54 83 96 88 34 5 58 98 45 82 19 98 37 57 94 62 37 39 86 32 60 82 87 40 80 40 24 7 74 3 11 53 32 88 93 10 16 77 49 11 54 62 56 58 81 51 44 77 57 0 68 70 91 65 70 12 44 66 82 7 98 4 95 76 70 46 100 1 82 3 77 37 49 88 58 20 88 98 89 17 38 92 36 77 76 77 60 62 8 63 24 76
53 84 63 20 64 21 21 90 71 26 3 44 81 34 84 22 74 2 87 64 99 11 90 75 21 78 66 48 55 10 99 13 35 78 95 87 89 40 4 46 45 51 84 55 37 40 74 23 24 81 89 48 30 2 81 24 24 68 0 20 41 74 28 6 9 34 43 86 50 55 2 73 96 34 66 76 92 90 56 97 90 5 40 8 39 67 99 31 56 1 26 83 16 4 22 87 58 94 72 42
9 21 8 81 10 30 26 40 9 64 45 28 81 96 76 86 49 30 49 88 32 60 50 30 3 20 32 93 57 41 37 27 61 48 29 84 55 62 82 26 15 60 61 7 17 43 64 91 62 73 33 93 80 60 37 96 13 70 20 0 49 17 2 17 34 62 66 51 92 29 40 27 89 74 1 27 79 56 70 97 2 84 55 93 18 27 28 69 46 52 64 73 43 7 92 30 12 61 45 49
23 45 61 35 56 67 96 95 2 65 86 34 59 86 5 90 97 85 53 95 96 86 98 62 62 30 12 27 10 30 1 90 24 74 52 9 29 51 32 39 71 74 46 74 40 46 34 98 79 57 61 7 22 100 77 28 92 91 41 49 0 66 14 65 84 19 46 15 80 96 53 71 51 79 75 29 88 46 14 3 37 18 96 23 57 79 16 37 50 6 82 1 44 93 21 30 10 46 6 35
29 91 7 70 25 36 83 8 35 41 54 82 76 18 66 71 27 33 1 84 51 10 80 93 24 95 87 2 79 79 64 88 46 8 19 66 25 26 68 80 40 77 45 74 57 51 66 66 85 83 11 52 79 10 27 33 39 65 74 17 66 0 55 50 67 8 80 94 25 66 62 9 21 2 35 69 59 19 60 48 33 33 73 93 67 62 66 92 72 33 61 15 48 2 63 48 80 63 84 36
62 23 63 44 78 72 43 46 21 54 45 73 43 53 49 45 90 90 93 72 66 25 68 62 21 66 3 48 86 30 11 57 70 29 100 77 78 36 43 64 58 88 72 1 12 17 48 43 39 39 86 60 8 100 69 71 52 70 28 2 14 55 0 41 31 59 94 50 5 53 75 2 11 25 68 53 53 27 24 67 14 49 61 68 79 77 21 57 86 89 60 31 28 82 42 50 8 45 55 4
58 32 9 88 45 3 16 35 43 2 57 46 61 64 37 55 1 20 50 75 34 34 22 24 33 78 77 95 9 69 82 12 81 28 13 60 90 72 30 42 10 95 8 23 26 57 30 80 5 40 6 20 73 89 98 2 18 12 6 17 65 50 41 0 16 61 99 26 63 59 83 57 20 71 64 33 16 40 65 37 3 88 13 33 89 86 83 59 88 8 57 67 52 66 36 20 89 8 12 25
84 60 77 67 97 90 57 27 67 50 30 41 21 5 76 71 14 55 80 93 54 75 32 29 19 89 46 98 23 96 28 63 38 46 69 90 48 21 1 70 61 91 50 16 48 22 89 34 41 35 42 87 34 51 56 92 56 44 9 34 84 67 31 16 0 8 1 31 55 35 32 40 76 45 95 96 60 53 80 93 77 2 59 32 61 89 58 96 48 14 68 29 57 53 36 40 7 53 30 100
77 24 8 33 64 19 7 100 17 72 18 59 20 54 62 78 27 46 21 35 69 67 46 10 69 21 8 72 59 55 66 87 16 27 63 36 56 87 97 37 40 92 19 27 22 26 10 8 70 75 19 42 74 26 66 47 48 66 34 62 19 8 59 61 8 0 74 7 19 39 28 94 60 48 61 31 35 61 13 19 25 53 12 71 60 84 89 66 24 53 18 50 8 38 33 60 47 43 10 38
93 33 96 97 49 83 12 76 73 26 14 92 28 8 19 73 85 42 57 23 16 97 90 36 92 41 89 87 93 9 3 10 40 77 56 88 34 33 32 73 49 95 42 15 18 25 39 83 24 90 1 7 54 16 12 33 87 82 43 66 46 80 94 99 1 74 0 57 22 27 62 60 63 53 62 21 39 11 94 26 50 76 45 69 6 69 72 84 1 34 97 70 14 33 80 35 85 73 25 94
63 91 99 93 35 88 92 92 18 51 58 93 50 37 65 52 34 77 65 15 96 91 23 61 44 90 68 59 2 50 66 28 15 89 6 54 71 28 81 32 72 98 23 48 27 7 78 34 99 62 52 50 81 29 9 57 9 7 86 51 15 94 50 26 31 7 57 0 68 2 65 64 23 96 91 74 36 70 7 9 29 12 60 27 33 92 75 12 82 18 63 79 50 60 11 32 64 77 73 53
54 60 17 83 11 69 78 38 36 37 84 53 12 24 54 75 43 4 86 4 86 27 30 15 64 81 71 99 17 64 58 43 44 100 86 88 58 2 36 15 87 14 78 61 63 69 41 42 51 66 77 13 77 21 76 99 81 98 50 92 80 25 5 63 55 19 22 68 0 91 4 67 35 96 31 4 41 16 53 73 26 66 36 17 96 43 4 79 57 35 33 6 43 75 17 7 5 87 40 29
16 46 96 32 77 16 47 82 68 93 13 96 47 35 43 16 19 76 7 17 54 87 67 42 49 68 16 59 68 29 33 71 34 99 80 54 35 96 99 93 70 1 41 31 35 49 21 36 54 26 72 30 23 45 6 2 96 4 55 29 96 66 53 59 35 39 27 2 91 0 52 48 97 14 28 73 8 14 29 30 61 4 1 4 85 29 71 75 25 73 90 90 72 78 21 27 23 45 94 22
98 71 61 42 51 95 23 33 16 41 83 33 97 64 62 30 1 61 65 79 3 46 70 59 51 85 81 16 44 90 66 79 64 75 33 71 85 78 92 88 99 30 46 44 99 22 41 56 94 75 59 84 51 46 89 89 80 95 2 40 53 62 75 83 32 28 62 65 4 52 0 38 43 42 42 60 31 70 12 63 95 17 88 99 88 46 94 68 4 69 92 63 52 69 41 17 56 33 95 10
43 23 96 14 73 85 43 40 40 70 82 52 71 23 12 54 80 53 18 54 53 97 45 50 96 82 91 51 69 83 2 87 54 81 63 32 99 36 73 62 58 90 94 25 59 5 84 61 26 87 30 63 81 94 20 11 69 76 73 27 71 9 2 57 40 94 60 64 67 48 38 0 35 91 61 63 90 3 10 90 70 11 1 49 74 56 54 27 86 83 64 75 71 64 29 57 79 30 15 52
32 74 50 85 50 38 25 22 55 56 1 72 22 46 82 54 69 89 68 31 43 56 36 84 26 47 81 85 97 64 32 63 77 87 56 54 6 59 29 8 90 32 24 22 68 72 12 30 23 99 51 20 29 1 21 81 38 70 96 89 51 21 11 20 76 60 63 23 35 97 43 35 0 100 30 30 24 95 98 95 90 9 90 69 46 57 11 66 38 76 76 85 30 79 56 35 93 73 54 84
45 8 53 56 35 77 25 11 66 84 62 64 52 66 19 52 89 51 60 70 60 65 37 61 3 32 60 98 26 70 99 80 24 71 83 73 83 4 82 32 54 48 83 85 90 34 60 24 86 65 60 78 21 43 100 63 52 46 34 74 79 2 25 71 45 48 53 96 96 14 42 91 100 0 69 9 81 3 75 47 44 58 19 64 44 69 25 26 55 29 34 14 74 83 39 15 75 6 93 8
85 40 69 65 52 84 75 72 38 99 69 85 69 7 84 34 49 91 4 99 77 48 37 96 86 40 15 36 31 36 33 47 90 20 73 66 26 12 24 57 35 32 15 35 63 9 64 36 79 64 27 25 8 28 23 67 24 100 66 1 75 35 68 64 95 61 62 91 31 28 42 61 30 69 0 48 37 90 20 66 28 65 99 79 100 45 36 35 1 1 70 26 40 78 2 82 93 88 23 21
15 72 61 99 48 72 83 49 38 43 21 64 16 98 25 85 94 88 25 49 41 38 14 65 7 9 47 86 56 22 79 41 73 61 62 9 42 6 75 43 63 21 77 51 14 93 83 80 65 46 9 39 53 99 65 97 38 1 76 27 29 69 53 33 96 31 21 74 4 73 60 63 30 9 48 0 77 98 84 48 58 44 87 80 7 4 69 37 1 93 15 14 58 4 55 99 46 71 45 61
99 79 4 62 14 12 70 71 2 28 84 22 24 47 48 90 1 95 92 90 23 77 80 20 40 90 54 63 60 99 88 29 35 24 59 35 86 65 49 6 1 1 12 42 8 13 92 59 45 22 68 76 14 34 34 93 49 82 92 79 88 59 53 16 60 35 39 36 41 8 31 90 24 81 37 77 0 33 15 95 17 10 71 48 94 6 17 12 88 53 88 55 79 55 90 12 92 51 90 55
45 7 19 77 22 83 7 73 68 80 45 53 80 7 84 2 66 29 75 85 45 60 56 70 90 60 41 44 26 14 16 6 73 84 68 75 89 58 83 79 67 81 77 42 10 27 69 2 53 31 89 77 22 25 92 50 7 3 90 56 46 19 27 40 53 61 11 70 16 14 70 3 95 3 90 98 33 0 3 3 7 17 93 52 22 26 96 1 18 25 34 13 42 13 70 94 72 2 97 60
54 70 34 38 88 60 21 83 85 2 24 4 87 53 7 87 14 36 34 58 36 39 74 3 97 55 79 23 6 86 24 56 60 80 97 56 18 22 24 64 16 76 62 10 41 31 36 28 72 65 56 4 25 39 73 91 50 77 56 70 14 60 24 65 80 13 94 7 53 29 12 10 98 75 20 84 15 3 0 67 74 91 59 34 63 71 71 86 50 72 52 78 38 32 26 21 12 86 97 57
46 45 40 8 41 2 83 5 19 81 3 31 9 47 31 67 7 82 17 58 13 61 38 88 31 93 8 2 46 79 89 75 1 4 16 16 66 16 38 18 5 1 37 81 66 56 76 14 56 84 31 23 25 25 35 55 33 37 97 97 3 48 67 37 93 19 26 9 73 30 63 90 95 47 66 48 95 3 67 0 67 45 53 76 94 46 1 47 25 46 39 69 55 6 62 10 53 52 47 78
87 76 7 25 6 43 68 64 34 99 13 8 48 61 15 30 84 69 100 76 46 85 84 89 57 20 16 64 75 78 7 49 2 91 54 21 1 58 92 53 10 45 26 65 92 87 63 83 7 12 96 86 53 25 78 66 34 49 90 2 37 33 14 3 77 25 50 29 26 61 95 70 90 44 28 58 17 7 74 67 0 27 3 25 29 23 97 4 47 30 93 3 64 87 12 34 94 76 18 52
68 60 78 23 45 84 59 75 43 5 37 31 65 79 31 73 22 47 74 16 90 13 38 65 23 59 30 99 30 46 88 82 82 76 47 35 10 87 15 64 78 26 9 10 22 82 13 44 85 3 95 18 75 33 15 31 73 88 5 84 18 33 49 88 2 53 76 12 66 4 17 11 9 58 65 44 10 17 91 45 27 0 5 57 23 24 76 53 13 3 82 93 91 27 53 28 5 30 56 38
94 66 20 75 74 23 42 67 70 76 59 27 67 80 59 60 56 18 6 14 6 37 98 30 11 83 90 73 74 28 62 14 36 80 23 74 46 61 93 17 56 22 62 55 1 5 31 31 97 80 30 83 20 69 30 2 53 58 40 55 96 73 61 13 59 12 45 60 36 1 88 1 90 19 99 87 71 93 59 53 3 5 0 86 15 70 61 24 5 18 65 78 28 5 92 4 54 86 21 18
56 70 48 84 51 76 65 68 24 77 36 35 59 76 7 24 77 50 55 20 46 16 90 71 53 47 76 81 82 52 30 63 12 66 48 65 62 24 83 64 62 65 16 63 30 42 46 93 37 31 46 59 57 91 11 81 19 20 8 93 23 93 68 33 32 71 69 27 17 4 99 49 69 64 79 80 48 52 34 76 25 57 86 0 56 92 89 17 39 54 77 29 74 5 11 77 20 90 40 46
38 16 22 56 32 26 61 79 56 58 62 57 73 63 83 31 18 16 19 85 31 57 45 2 55 32 83 22 13 34 71 81 92 91 23 42 53 85 30 64 83 48 51 76 30 80 94 31 25 81 50 60 25 27 32 37 68 88 39 18 57 67 79 89 61 60 6 33 96 85 88 74 46 44 100 7 94 22 63 94 29 23 15 56 0 9 51 31 94 24 22 25 81 13 83 66 40 54 94 60
78 32 30 2 80 26 12 3 70 39 57 3 33 10 31 6 18 57 72 52 84 41 78 79 62 32 46 54 11 13 58 66 68 51 70 99 88 44 77 8 38 74 81 61 62 5 86 75 45 100 54 67 88 50 43 52 63 98 67 27 79 62 77 86 89 84 69 92 43 29 46 56 57 69 45 4 6 26 71 46 23 24 70 92 9 0 32 21 62 36 62 83 14 3 70 28 23 64 5 67
49 52 88 44 15 25 21 65 15 12 38 38 25 83 12 68 56 97 44 39 56 14 10 10 59 47 9 36 57 37 56 94 70 75 68 1 70 58 28 85 73 83 36 67 5 41 54 27 52 45 37 61 12 39 47 89 22 89 99 28 16 66 21 83 58 89 72 75 4 71 94 54 11 25 36 69 17 96 71 1 97 76 61 89 51 32 0 56 88 19 40 72 17 64 99 26 85 12 11 14
61 91 9 64 41 46 11 44 87 67 59 60 98 22 3 36 6 65 1 45 76 58 88 41 1 94 73 91 46 90 99 80 44 57 12 33 44 27 25 60 31 56 16 49 15 39 80 33 5 46 5 61 11 39 40 49 74 17 31 69 37 92 57 59 96 66 84 12 79 75 68 27 66 26 35 37 12 1 86 47 4 53 24 17 31 21 56 0 92 55 76 92 87 80 76 65 41 24 35 41
90 21 20 87 23 9 83 42 73 79 89 91 20 90 34 6 6 43 17 42 20 33 33 44 58 40 64 84 42 86 53 20 43 59 21 29 62 84 54 13 42 37 97 15 41 31 73 68 70 11 94 80 9 9 45 45 92 38 56 46 50 72 86 88 48 24 1 82 57 25 4 86 38 55 1 1 88 18 50 25 47 13 5 39 94 62 88 92 0 38 4 3 41 49 51 69 70 4 8 36
85 88 7 67 63 97 35 61 40 12 39 96 99 5 6 33 98 72 98 42 76 12 90 77 57 26 24 63 72 78 67 69 89 93 36 16 44 62 61 85 85 32 3 8 17 23 11 73 71 33 83 34 22 42 21 80 59 92 1 52 6 33 89 8 14 53 34 18 35 73 69 83 76 29 1 93 53 25 72 46 30 3 18 54 24 36 19 55 38 0 46 87 89 73 54 68 97 75 77 67
91 32 51 68 36 16 42 76 10 100 24 77 17 30 28 82 85 60 74 13 30 94 4 53 2 33 21 6 13 4 84 91 14 24 41 13 95 45 10 28 7 11 94 84 23 34 53 93 21 43 47 23 32 16 95 56 55 36 26 64 82 61 60 57 68 18 97 63 33 90 92 64 76 34 70 15 88 34 52 39 93 82 65 77 22 62 40 76 4 46 0 25 4 3 33 48 11 35 35 78
13 15 99 74 8 60 100 11 70 82 68 62 22 36 23 81 88 43 34 80 63 43 35 50 24 49 46 73 5 60 5 43 60 61 52 44 53 91 80 45 68 71 9 12 51 25 91 33 50 75 60 23 79 71 85 50 100 77 83 73 1 15 31 67 29 50 70 79 6 90 63 75 85 14 26 14 55 13 78 69 3 93 78 29 25 83 72 92 3 87 25 0 66 45 8 88 51 95 62 45
19 24 73 69 65 18 6 1 43 81 74 19 9 66 19 60 70 42 24 81 80 60 16 53 96 87 96 100 59 5 67 24 6 13 43 25 83 57 97 37 41 83 41 69 81 97 9 23 31 8 58 30 69 9 73 56 38 76 16 43 44 48 28 52 57 8 14 50 43 72 52 71 30 74 40 58 79 42 38 55 64 91 28 74 81 14 17 87 41 89 4 66 0 40 95 69 78 39 62 17
93 44 25 83 45 16 10 58 60 75 87 8 8 35 43 18 100 45 12 83 11 25 34 60 99 78 5 24 97 95 34 100 16 58 95 45 26 17 10 80 83 96 77 38 51 34 57 81 68 9 20 50 3 72 26 94 6 77 4 7 93 2 82 66 53 38 33 60 75 78 69 64 79 83 78 4 55 13 32 6 87 27 5 5 13 3 64 80 49 73 3 45 40 0 3 15 44 80 100 26
42 56 39 23 30 49 52 50 79 53 8 93 9 69 59 45 60 42 73 4 37 100 62 48 52 11 38 99 70 67 58 99 32 18 87 86 34 3 88 64 43 56 67 57 52 55 7 100 88 25 34 27 76 54 4 27 66 60 22 92 21 63 42 36 36 33 80 11 17 21 41 29 56 39 2 55 90 70 26 62 12 53 92 11 83 70 99 76 51 54 33 8 95 3 0 43 35 21 42 36
18 41 15 87 15 5 31 91 8 31 87 35 23 66 2 78 95 35 85 70 64 68 12 57 27 79 65 21 50 38 67 66 81 69 8 5 33 95 89 14 8 56 30 79 90 7 59 25 14 1 14 92 73 32 43 62 39 62 87 30 30 48 50 20 40 60 35 32 7 27 17 57 35 15 82 99 12 94 21 10 34 28 4 77 66 28 26 65 69 68 48 88 69 15 43 0 83 49 6 69
39 97 21 88 56 83 97 73 14 63 19 56 91 15 13 20 84 76 65 61 86 6 80 22 38 83 85 33 38 2 75 42 36 62 17 8 49 32 91 88 46 83 49 25 63 34 40 21 81 58 26 92 91 9 17 36 84 8 58 12 10 80 8 89 7 47 85 64 5 23 56 79 93 75 93 46 92 72 12 53 94 5 54 20 40 23 85 41 70 97 11 51 78 44 35 83 0 14 6 50
5 55 53 7 25 95 11 60 32 11 38 46 5 42 9 23 70 85 31 32 10 50 27 99 45 73 26 100 34 73 20 22 47 88 58 15 23 70 17 9 27 12 29 64 27 6 24 73 22 88 72 9 36 18 28 42 65 63 94 61 46 63 45 8 53 43 73 77 87 45 33 30 73 6 88 71 51 2 86 52 76 30 86 90 54 64 12 24 4 75 35 95 39 80 21 49 14 0 65 47
6 98 2 55 54 29 60 45 78 99 9 21 68 76 63 77 29 5 20 12 79 71 39 73 12 25 96 47 11 59 71 35 9 10 58 89 18 92 34 97 24 42 50 90 33 8 76 49 47 99 89 68 57 13 83 45 60 24 72 45 6 84 55 12 30 10 25 73 40 94 95 15 54 93 23 45 90 97 97 47 18 56 21 40 94 5 11 35 8 77 35 62 62 100 42 6 6 65 0 62
20 97 15 4 34 70 52 71 63 45 77 80 73 98 98 64 68 15 99 13 1 46 1 2 74 73 4 100 28 9 8 25 1 79 80 69 98 58 73 84 86 90 67 18 53 83 18 51 50 51 80 3 37 67 44 25 36 76 42 49 35 36 4 25 100 38 94 53 29 22 10 52 84 8 21 61 55 60 57 78 52 38 18 46 60 67 14 41 36 67 78 45 17 26 36 69 50 47 62 0
