100
10
0 14 34 88 21 77 98 19 63 87 68 86 83 23 32 91 64 97 98 77 13 14 2 1 59 57 42 64 100 28 83 75 1 25 55 100 100 28 49 38 31 12 82 44 79 92 68 23 40 21 27 76 39 11 48 66 44 49 86 65 57 29 77 34 25 63 86 19 41 25 14 12 51 22 3 76 30 77 67 42 45 56 37 55 35 39 95 73 74 100 99 99 43 98 24 59 94 63 22 56
14 0 42 46 11 98 50 59 16 54 86 16 13 44 6 26 20 74 99 53 76 5 40 47 7 100 82 38 95 26 66 96 27 90 56 50 3 85 68 69 37 98 24 28 84 22 90 30 37 5 71 3 44 69 41 7 56 56 10 79 96 40 41 64 58 96 42 72 38 74 4 95 87 47 73 55 34 35 6 100 90 30 71 84 51 94 19 81 71 7 59 75 2 88 9 96 50 34 45 21
34 42 0 16 92 34 79 83 70 37 71 1 79 96 33 66 81 86 54 84 23 87 100 33 43 32 83 70 71 97 7 80 52 25 8 46 100 2 95 54 49 7 54 40 38 27 71 27 89 51 98 69 22 54 90 78 86 91 85 30 78 72 48 30 57 67 17 47 80 10 50 94 64 57 53 66 8 3 26 24 97 99 10 87 35 33 18 94 45 72 46 69 33 78 75 98 70 52 75 35
88 46 16 0 78 62 91 56 8 10 18 13 28 15 96 71 97 60 4 90 73 22 9 95 61 73 63 67 69 70 96 58 38 88 40 86 24 74 54 10 1 12 72 74 49 34 51 71 68 12 6 15 29 93 79 96 11 8 4 35 47 48 28 91 89 33 18 62 75 35 96 23 41 81 81 42 87 87 12 48 66 14 11 99 63 71 45 74 47 37 57 93 87 17 41 72 51 67 100 75
21 11 92 78 0 80 49 63 40 43 46 25 62 99 5 82 93 4 16 81 61 21 8 43 49 5 61 86 82 15 23 69 19 21 55 26 67 55 44 8 21 86 31 53 45 47 2 28 22 78 12 28 16 24 66 61 87 1 77 86 55 12 43 50 18 64 79 36 32 33 19 68 86 58 65 83 93 91 95 47 89 89 95 98 52 9 25 9 91 25 79 36 14 99 81 2 80 98 12 21
77 98 34 62 80 0 41 19 57 74 66 39 47 25 97 38 71 59 84 60 33 42 64 70 23 38 59 34 11 72 13 54 76 91 27 39 52 22 38 14 32 98 45 56 18 50 76 1 22 91 10 58 38 17 34 42 62 80 84 34 35 73 84 33 59 21 34 27 11 71 4 71 41 56 25 75 7 61 91 75 45 98 92 78 36 60 54 82 45 75 5 89 72 28 82 85 20 27 28 35
98 50 79 91 49 41 0 33 46 8 98 93 99 1 25 48 45 12 3 54 98 62 10 36 28 100 14 5 98 9 99 67 35 3 89 96 34 71 20 60 84 33 43 38 6 4 35 55 42 2 83 4 89 81 28 45 45 85 36 51 29 44 52 9 46 7 35 87 19 86 72 8 71 86 80 93 30 2 9 58 82 61 8 23 31 45 83 10 72 83 41 70 26 64 65 65 81 9 54 21
19 59 83 56 63 19 33 0 49 91 25 26 61 27 97 37 2 98 2 44 40 47 73 52 85 15 55 68 81 34 8 28 68 13 48 64 2 62 17 3 44 3 48 56 54 81 57 89 89 68 86 90 98 28 79 76 37 53 47 49 11 92 94 15 12 56 86 32 71 100 85 78 1 76 51 30 37 40 87 94 68 22 59 47 44 7 22 12 56 44 98 17 56 60 8 93 23 88 9 67
63 16 70 8 40 57 46 49 0 74 72 42 91 60 60 52 51 78 45 27 43 81 9 81 18 11 16 9 12 60 77 36 34 100 60 66 19 68 28 31 99 3 86 37 54 93 96 59 81 18 92 74 8 24 78 11 55 51 79 76 31 65 98 78 48 99 15 39 52 97 73 35 32 61 56 66 1 31 84 13 26 12 49 79 80 81 63 74 8 41 72 16 35 4 24 67 2 88 6 48
87 54 37 10 43 74 8 91 74 0 12 29 93 39 43 88 59 82 52 31 20 95 17 15 3 12 88 19 58 27 80 30 99 72 57 84 29 36 54 87 49 7 67 17 26 27 47 25 55 97 69 100 68 75 1 3 28 80 3 11 36 15 78 59 55 47 86 14 19 59 76 52 52 96 63 32 69 16 34 30 24 61 13 30 93 63 40 4 47 9 58 58 1 48 82 73 38 76 17 17
68 86 71 18 46 66 98 25 72 12 0 78 76 42 16 24 7 20 41 65 94 51 3 85 76 20 54 61 10 9 5 93 7 66 54 85 64 100 53 86 3 76 30 72 78 56 23 71 43 51 92 83 92 84 35 39 55 52 34 25 17 36 27 62 29 55 69 19 14 87 39 97 62 68 34 29 70 11 30 41 39 18 20 99 94 35 69 95 81 78 84 61 53 30 100 67 18 23 41 18
86 16 1 13 25 39 93 26 42 29 78 0 95 33 50 85 29 86 42 16 79 34 63 49 10 34 2 22 59 40 97 88 98 84 11 26 29 5 6 13 60 53 83 89 38 62 5 1 60 75 32 85 68 70 52 71 1 26 30 68 9 76 90 4 33 26 75 64 35 5 26 71 26 79 44 50 5 25 59 64 75 59 13 31 34 29 4 67 28 66 66 5 77 27 2 46 2 53 53 70
83 13 79 28 62 47 99 61 91 93 76 95 0 93 10 38 92 7 76 48 72 41 100 50 55 51 61 2 47 83 39 56 1 21 11 71 21 97 86 58 56 53 89 23 8 7 41 33 13 96 75 1 48 66 94 34 86 79 84 19 33 1 46 67 79 48 15 28 98 75 49 75 6 43 65 48 100 43 78 36 46 93 64 30 89 51 98 31 60 13 63 20 39 47 18 34 33 36 37 58
23 44 96 15 99 25 1 27 60 39 42 33 93 0 38 91 3 39 79 89 93 51 6 64 81 24 39 24 40 48 82 16 50 55 23 64 42 51 33 88 10 98 57 87 4 81 16 62 45 65 78 12 86 51 94 39 75 50 42 29 65 58 26 70 66 33 98 12 19 45 66 83 95 8 45 18 80 37 22 57 43 21 97 58 18 23 39 13 31 57 72 23 71 19 75 73 30 67 48 99
32 6 33 96 5 97 25 97 60 43 16 50 10 38 0 60 12 18 16 40 47 87 59 60 63 92 96 60 30 22 36 93 26 19 24 53 23 55 14 10 22 80 99 13 47 99 33 46 19 3 28 76 77 47 28 39 52 48 15 77 81 58 69 39 20 78 54 35 37 42 25 76 25 66 98 74 16 70 22 48 30 79 90 16 79 54 50 37 44 30 14 33 58 54 23 16 56 6 28 20
91 26 66 71 82 38 48 37 52 88 24 85 38 91 60 0 24 75 5 54 44 20 77 82 37 19 34 65 25 78 83 90 47 1 41 3 52 18 92 22 41 64 14 26 1 43 65 21 86 55 80 76 27 23 62 98 15 87 77 97 97 88 73 93 64 99 39 51 82 47 20 37 28 63 3 57 19 46 54 56 61 39 19 92 81 61 64 56 18 81 36 73 69 93 62 32 84 33 81 45
64 20 81 97 93 71 45 2 51 59 7 29 92 3 12 24 0 50 98 66 41 25 24 28 10 6 30 71 73 4 45 73 57 75 93 49 49 30 55 8 17 88 70 83 68 84 16 7 26 69 98 23 16 75 76 50 71 69 33 44 12 53 71 65 70 77 49 68 23 82 18 59 31 27 46 91 26 13 76 65 11 84 48 28 33 30 61 85 60 19 9 27 89 89 39 78 40 73 70 75
97 74 86 60 4 59 12 98 78 82 20 86 7 39 18 75 50 0 34 78 90 92 34 67 82 87 51 85 38 99 47 7 30 31 67 90 9 21 34 22 92 39 64 67 29 4 89 72 96 24 81 29 2 28 26 3 82 73 84 92 19 28 56 78 83 39 8 80 80 90 80 8 96 50 73 49 97 100 93 28 86 91 67 88 45 23 94 62 23 50 39 73 73 100 69 34 89 42 35 41
98 99 54 4 16 84 3 2 45 52 41 42 76 79 16 5 98 34 0 93 58 23 78 95 65 2 61 96 81 66 8 39 11 17 27 33 43 77 39 72 79 30 89 79 87 42 30 90 92 91 67 48 70 80 93 86 3 9 85 52 100 13 12 44 1 62 28 63 65 5 63 91 34 62 63 27 43 35 99 58 66 54 87 89 45 10 32 94 95 41 71 12 40 66 67 48 34 30 21 58
77 53 84 90 81 60 54 44 27 31 65 16 48 89 40 54 66 78 93 0 34 6 17 40 16 30 66 47 18 80 77 45 89 81 65 53 72 35 67 68 48 26 95 73 47 70 84 77 21 46 74 84 49 71 77 56 24 21 51 7 41 25 73 57 99 45 24 61 26 46 66 70 29 5 100 97 46 84 20 30 85 59 13 100 16 72 41 30 53 32 32 37 23 30 98 66 46 56 85 52
13 76 23 73 61 33 98 40 43 20 94 79 72 93 47 44 41 90 58 34 0 6 45 28 97 39 96 58 20 48 52 33 13 34 95 82 88 14 20 10 36 69 79 99 21 79 75 45 96 42 94 67 17 38 35 33 2 63 90 3 33 39 95 60 10 80 30 44 44 43 39 25 99 46 76 33 55 99 100 18 27 43 62 21 64 62 3 24 77 12 67 42 27 81 32 11 74 19 5 17
14 5 87 22 21 42 62 47 81 95 51 34 41 51 87 20 25 92 23 6 6 0 80 22 56 78 78 84 8 98 39 62 89 100 90 45 48 2 96 45 56 44 17 14 42 92 67 36 97 62 64 32 78 33 92 4 50 33 21 83 31 12 72 34 56 55 2 28 23 82 98 83 98 46 27 43 35 32 53 32 42 41 42 65 93 65 61 12 11 21 39 82 41 55 80 69 38 62 90 39
2 40 100 9 8 64 10 73 9 17 3 63 100 6 59 77 24 34 78 17 45 80 0 68 13 21 5 74 4 65 82 100 72 58 63 20 38 49 14 58 59 97 77 84 41 58 74 61 18 97 54 47 16 70 73 66 44 79 36 37 50 78 40 55 100 41 90 58 31 53 16 94 95 83 38 78 43 4 66 20 80 44 66 31 53 5 56 7 70 69 84 80 42 76 7 71 41 40 43 30
1 47 33 95 43 70 36 52 81 15 85 49 50 64 60 82 28 67 95 40 28 22 68 0 45 44 57 58 59 14 44 13 84 68 24 59 61 82 43 74 40 20 95 32 67 71 48 52 7 59 32 30 20 72 63 52 98 80 60 11 84 54 54 26 52 66 15 85 39 21 2 19 61 8 85 58 73 33 43 8 94 87 11 95 15 42 64 90 91 45 1 22 15 49 9 92 80 61 10 87
59 7 43 61 49 23 28 85 18 3 76 10 55 81 63 37 10 82 65 16 97 56 13 45 0 2 12 100 37 7 92 75 6 71 15 13 86 82 89 50 6 28 3 97 55 62 42 100 82 80 31 83 64 20 42 91 17 56 22 87 67 53 91 30 89 78 60 75 72 40 63 62 100 84 95 53 2 95 16 55 68 63 47 66 35 28 4 60 88 59 33 37 3 99 47 59 49 31 40 12
57 100 32 73 5 38 100 15 11 12 20 34 51 24 92 19 6 87 2 30 39 78 21 44 2 0 15 32 63 70 68 32 69 64 16 13 13 42 66 33 33 48 29 50 66 14 99 35 61 22 63 29 4 2 7 26 33 27 38 77 58 3 70 9 52 58 60 58 45 81 94 10 30 58 27 82 15 47 62 89 39 97 55 9 37 83 45 85 61 42 77 82 22 1 84 48 71 28 32 40
42 82 83 63 61 59 14 55 16 88 54 2 61 39 96 34 30 51 61 66 96 78 5 57 12 15 0 25 10 95 66 39 19 29 24 92 48 91 19 68 47 55 49 63 80 59 64 3 6 53 58 49 87 44 4 33 22 92 98 49 70 96 65 75 52 38 5 27 84 27 16 71 45 16 46 86 98 88 15 69 16 74 72 73 94 23 91 96 78 71 89 82 10 58 23 85 100 17 1 27
64 38 70 67 86 34 5 68 9 19 61 22 2 24 60 65 71 85 96 47 58 84 74 58 100 32 25 0 86 67 62 1 23 83 18 97 75 57 68 55 66 69 10 100 45 6 8 81 75 31 57 85 99 25 73 76 65 13 53 56 25 12 93 99 4 85 53 11 9 32 17 45 49 11 57 83 15 93 100 38 28 36 66 72 91 96 65 94 28 55 42 69 55 61 51 6 55 57 74 12
100 95 71 69 82 11 98 81 12 58 10 59 47 40 30 25 73 38 81 18 20 8 4 59 37 63 10 86 0 23 57 45 49 55 86 51 65 37 21 33 53 66 35 75 97 78 56 61 67 42 79 66 51 35 4 73 35 15 13 24 50 43 50 6 38 83 80 30 15 72 38 2 52 2 90 83 37 13 21 21 10 21 95 50 44 69 40 86 28 65 84 13 45 39 95 65 20 12 76 67
28 26 97 70 15 72 9 34 60 27 9 40 83 48 22 78 4 99 66 80 48 98 65 14 7 70 95 67 23 0 2 48 36 64 74 41 40 8 97 23 52 91 59 14 14 80 10 44 17 92 14 16 41 13 89 70 92 55 64 1 56 1 7 24 29 78 79 9 40 73 29 3 57 72 65 85 53 15 33 93 68 58 85 64 55 52 15 25 1 39 59 19 58 15 20 88 14 16 41 93
83 66 7 96 23 13 99 8 77 80 5 97 39 82 36 83 45 47 8 77 52 39 82 44 92 68 66 62 57 2 0 46 92 21 61 13 47 51 80 2 78 14 56 64 90 64 40 64 89 44 21 77 48 30 31 98 51 17 37 17 34 21 64 79 16 97 13 25 45 63 35 13 2 25 65 77 100 20 9 18 15 12 60 81 57 52 36 97 98 66 78 69 19 55 71 7 77 16 67 47
75 96 80 58 69 54 67 28 36 30 93 88 56 16 93 90 73 7 39 45 33 62 100 13 75 32 39 1 45 48 46 0 37 71 33 83 21 45 51 77 64 55 18 56 50 57 17 8 89 98 62 44 74 12 74 58 24 63 4 35 55 99 32 50 7 7 55 100 13 70 9 59 3 23 1 15 6 62 44 30 45 63 7 78 6 77 92 49 32 7 78 64 15 74 83 74 50 5 43 91
1 27 52 38 19 76 35 68 34 99 7 98 1 50 26 47 57 30 11 89 13 89 72 84 6 69 19 23 49 36 92 37 0 51 11 66 62 12 30 95 90 3 35 40 96 23 74 26 74 89 74 29 85 55 71 72 92 82 38 22 40 84 67 44 42 54 80 88 21 85 14 93 45 19 95 58 3 76 100 26 15 2 29 25 34 48 46 19 98 66 57 53 2 75 7 66 87 60 48 5
25 90 25 88 21 91 3 13 100 72 66 84 21 55 19 1 75 31 17 81 34 100 58 68 71 64 29 83 55 64 21 71 51 0 84 43 55 3 84 22 44 50 78 53 12 29 38 60 64 35 65 91 53 48 52 75 20 35 68 99 92 65 36 93 90 95 15 70 35 80 16 90 66 4 77 89 53 15 78 72 28 62 95 72 8 100 34 96 81 40 43 99 66 16 99 94 81 11 1 47
55 56 8 40 55 27 89 48 60 57 54 11 11 23 24 41 93 67 27 65 95 90 63 24 15 16 24 18 86 74 61 33 11 84 0 52 68 97 93 79 81 34 26 55 17 66 46 3 14 35 35 48 83 69 14 93 33 65 52 17 4 50 18 14 80 98 43 90 79 47 21 37 44 17 73 7 44 16 73 88 95 6 74 99 67 10 59 70 76 9 13 39 29 21 78 47 83 72 2 56
100 50 46 86 26 39 96 64 66 84 85 26 71 64 53 3 49 90 33 53 82 45 20 59 13 13 92 97 51 41 13 83 66 43 52 0 93 74 67 26 69 8 25 18 28 27 22 42 7 70 74 3 87 6 85 19 27 4 13 31 28 53 93 40 93 45 41 95 28 24 57 46 50 31 21 35 80 2 62 30 79 46 88 40 24 48 38 28 89 88 78 55 68 81 68 43 98 75 28 45
100 3 100 24 67 52 34 2 19 29 64 29 21 42 23 52 49 9 43 72 88 48 38 61 86 13 48 75 65 40 47 21 62 55 68 93 0 52 56 74 9 25 96 50 76 18 84 51 89 34 69 30 44 97 22 25 90 12 69 35 97 38 85 18 31 53 5 70 35 50 69 81 83 96 65 50 83 7 42 55 44 22 88 2 79 24 5 25 9 60 28 67 94 77 58 32 16 34 19 93
28 85 2 74 55 22 71 62 68 36 100 5 97 51 55 18 30 21 77 35 14 2 49 82 82 42 91 57 37 8 51 45 12 3 97 74 52 0 52 8 52 96 84 79 9 3 76 38 81 94 73 37 17 7 35 91 94 86 56 66 13 100 78 59 7 36 15 41 46 53 70 98 71 77 25 83 19 19 45 9 13 16 29 36 13 38 68 56 3 33 48 98 74 82 43 29 30 90 28 86
49 68 95 54 44 38 20 17 28 54 53 6 86 33 14 92 55 34 39 67 20 96 14 43 89 66 19 68 21 97 80 51 30 84 93 67 56 52 0 59 65 29 13 63 84 53 78 85 55 87 72 98 7 17 100 80 82 63 100 83 31 5 90 9 4 1 6 51 86 70 46 77 100 97 75 79 76 52 83 12 89 98 89 43 60 42 11 81 61 6 46 93 64 11 90 66 93 83 68 34
38 69 54 10 8 14 60 3 31 87 86 13 58 88 10 22 8 22 72 68 10 45 58 74 50 33 68 55 33 23 2 77 95 22 79 26 74 8 59 0 46 71 45 5 14 27 100 4 52 41 44 52 63 37 19 30 98 73 81 26 100 20 88 8 43 99 6 85 67 97 68 6 70 1 22 50 35 83 13 63 27 12 60 47 42 21 85 57 25 86 69 44 33 89 62 69 74 98 31 66
31 37 49 1 21 32 84 44 99 49 3 60 56 10 22 41 17 92 79 48 36 56 59 40 6 33 47 66 53 52 78 64 90 44 81 69 9 52 65 46 0 87 35 50 37 74 37 82 68 3 48 76 60 84 33 18 49 78 21 71 47 48 20 90 54 73 100 21 78 79 84 60 82 48 11 60 55 98 91 92 33 22 36 22 48 26 19 38 58 78 42 88 55 61 85 37 76 71 55 5
12 98 7 12 86 98 33 3 3 7 76 53 53 98 80 64 88 39 30 26 69 44 97 20 28 48 55 69 66 91 14 55 3 50 34 8 25 96 29 71 87 0 66 25 34 63 4 90 71 8 51 60 47 54 3 75 2 51 41 38 4 68 100 27 69 97 18 83 3 5 10 100 32 25 34 46 10 5 36 71 9 3 92 75 75 80 100 26 29 82 45 63 61 55 37 24 27 89 94 81
82 24 54 72 31 45 43 48 86 67 30 83 89 57 99 14 70 64 89 95 79 17 77 95 3 29 49 10 35 59 56 18 35 78 26 25 96 84 13 45 35 66 0 83 43 34 32 99 81 10 21 98 58 85 63 10 72 88 4 34 78 37 37 37 36 17 77 54 52 32 57 91 11 48 71 62 61 23 2 61 1 93 61 61 9 43 16 94 88 18 16 60 73 41 62 2 34 88 33 28
44 28 40 74 53 56 38 56 37 17 72 89 23 87 13 26 83 67 79 73 99 14 84 32 97 50 63 100 75 14 64 56 40 53 55 18 50 79 63 5 50 25 83 0 6 48 57 88 81 15 88 9 77 29 74 36 91 65 9 7 70 66 54 24 33 43 100 88 47 95 10 81 47 34 42 57 54 39 45 79 42 50 87 61 78 7 7 47 55 91 10 96 66 73 16 99 69 83 46 18
79 84 38 49 45 18 6 54 54 26 78 38 8 4 47 1 68 29 87 47 21 42 41 67 55 66 80 45 97 14 90 50 96 12 17 28 76 9 84 14 37 34 43 6 0 57 19 68 33 16 20 64 6 8 100 36 2 16 15 35 18 35 14 51 66 80 92 97 37 72 98 70 100 22 32 95 5 16 3 92 41 22 92 95 65 25 90 59 21 81 66 75 18 85 41 30 66 41 18 56
92 22 27 34 47 50 4 81 93 27 56 62 7 81 99 43 84 4 42 70 79 92 58 71 62 14 59 6 78 80 64 57 23 29 66 27 18 3 53 27 74 63 34 48 57 0 81 50 68 44 85 64 63 89 9 10 39 16 67 40 55 14 15 26 82 45 6 93 76 72 86 72 52 7 83 32 66 7 92 75 32 75 44 4 53 77 87 38 59 81 11 80 48 34 72 77 53 87 9 3
68 90 71 51 2 76 35 57 96 47 23 5 41 16 33 65 16 89 30 84 75 67 74 48 42 99 64 8 56 10 40 17 74 38 46 22 84 76 78 100 37 4 32 57 19 81 0 36 34 27 17 77 51 24 28 67 85 55 58 37 1 89 64 1 51 57 14 27 16 85 84 66 78 100 57 47 17 2 77 5 1 86 75 2 1 32 13 72 18 25 34 72 38 75 96 27 19 54 69 51
23 30 27 71 28 1 55 89 59 25 71 1 33 62 46 21 7 72 90 77 45 36 61 52 100 35 3 81 61 44 64 8 26 60 3 42 51 38 85 4 82 90 99 88 68 50 36 0 73 20 60 50 89 88 22 34 32 73 40 31 70 57 51 55 91 6 49 95 22 26 71 34 45 32 45 27 87 100 93 11 44 83 88 29 11 71 15 74 44 9 14 81 11 86 42 83 88 17 27 58
40 37 89 68 22 22 42 89 81 55 43 60 13 45 19 86 26 96 92 21 96 97 18 7 82 61 6 75 67 17 89 89 74 64 14 7 89 81 55 52 68 71 81 81 33 68 34 73 0 84 33 31 37 4 83 42 15 13 57 52 34 63 98 1 73 16 99 78 37 17 26 36 11 54 1 10 100 71 57 63 31 64 69 62 74 17 47 60 79 5 78 67 90 27 36 29 91 80 99 55
21 5 51 12 78 91 2 68 18 97 51 75 96 65 3 55 69 24 91 46 42 62 97 59 80 22 53 31 42 92 44 98 89 35 35 70 34 94 87 41 3 8 10 15 16 44 27 20 84 0 45 99 74 98 97 55 50 34 24 57 11 97 99 47 83 87 2 77 55 40 52 40 28 28 78 47 97 69 84 32 38 96 13 8 5 83 47 17 75 34 49 69 91 82 68 10 29 31 51 73
27 71 98 6 12 10 83 86 92 69 92 32 75 78 28 80 98 81 67 74 94 64 54 32 31 63 58 57 79 14 21 62 74 65 35 74 69 73 72 44 48 51 21 88 20 85 17 60 33 45 0 79 26 65 80 97 95 93 74 70 32 49 30 82 95 6 56 90 12 73 44 73 41 69 73 55 28 66 63 79 30 47 25 80 16 3 38 8 67 92 61 80 28 40 10 46 7 63 82 66
76 3 69 15 28 58 4 90 74 100 83 85 1 12 76 76 23 29 48 84 67 32 47 30 83 29 49 85 66 16 77 44 29 91 48 3 30 37 98 52 76 60 98 9 64 64 77 50 31 99 79 0 4 10 82 52 98 68 64 8 92 10 51 64 88 85 16 16 51 58 42 63 95 50 46 26 50 11 85 88 80 51 32 49 75 62 33 27 74 64 11 47 62 3 65 83 66 74 70 73
39 44 22 29 16 38 89 98 8 68 92 68 48 86 77 27 16 2 70 49 17 78 16 20 64 4 87 99 51 41 48 74 85 53 83 87 44 17 7 63 60 47 58 77 6 63 51 89 37 74 26 4 0 89 4 30 90 24 11 63 81 77 8 79 76 66 21 5 9 68 61 49 25 69 78 90 62 12 37 70 40 26 68 37 21 3 52 91 3 3 52 62 98 66 66 76 42 15 99 37
11 69 54 93 24 17 81 28 24 75 84 70 66 51 47 23 75 28 80 71 38 33 70 72 20 2 44 25 35 13 30 12 55 48 69 6 97 7 17 37 84 54 85 29 8 89 24 88 4 98 65 10 89 0 83 17 45 15 97 40 2 54 85 6 67 36 1 3 52 70 17 94 28 18 67 65 73 59 15 69 80 97 55 76 32 72 8 8 13 38 5 58 9 94 62 28 95 14 94 95
48 41 90 79 66 34 28 79 78 1 35 52 94 94 28 62 76 26 93 77 35 92 73 63 42 7 4 73 4 89 31 74 71 52 14 85 22 35 100 19 33 3 63 74 100 9 28 22 83 97 80 82 4 83 0 100 97 42 61 49 44 93 76 36 95 47 20 94 63 12 80 46 8 59 67 29 91 18 8 47 66 38 53 47 29 56 61 51 62 85 100 99 7 13 19 83 2 55 84 28
66 7 78 96 61 42 45 76 11 3 39 71 34 39 39 98 50 3 86 56 33 4 66 52 91 26 33 76 73 70 98 58 72 75 93 19 25 91 80 30 18 75 10 36 36 10 67 34 42 55 97 52 30 17 100 0 83 55 30 51 6 94 86 6 98 54 9 89 88 97 2 47 4 89 44 36 69 40 54 56 94 53 24 68 17 69 71 26 58 88 93 80 70 72 42 2 98 40 43 23
44 56 86 11 87 62 45 37 55 28 55 1 86 75 52 15 71 82 3 24 2 50 44 98 17 33 22 65 35 92 51 24 92 20 33 27 90 94 82 98 49 2 72 91 2 39 85 32 15 50 95 98 90 45 97 83 0 53 84 64 80 52 84 75 57 11 2 31 93 73 63 96 93 48 89 69 59 26 54 52 31 38 100 44 15 17 18 81 67 13 94 33 51 92 94 97 34 15 34 76
49 56 91 8 1 80 85 53 51 80 52 26 79 50 48 87 69 73 9 21 63 33 79 80 56 27 92 13 15 55 17 63 82 35 65 4 12 86 63 73 78 51 88 65 16 16 55 73 13 34 93 68 24 15 42 55 53 0 34 56 99 86 91 15 39 41 32 1 84 81 98 22 28 72 12 31 44 90 17 18 26 29 82 65 38 39 48 95 7 77 80 43 10 18 96 33 100 29 23 57
86 10 85 4 77 84 36 47 79 3 34 30 84 42 15 77 33 84 85 51 90 21 36 60 22 38 98 53 13 64 37 4 38 68 52 13 69 56 100 81 21 41 4 9 15 67 58 40 57 24 74 64 11 97 61 30 84 34 0 59 90 59 7 3 9 43 88 18 94 64 65 69 89 5 98 60 94 14 57 51 20 98 79 44 3 29 61 77 33 62 13 50 46 48 97 47 54 5 65 61
65 79 30 35 86 34 51 49 76 11 25 68 19 29 77 97 44 92 52 7 3 83 37 11 87 77 49 56 24 1 17 35 22 99 17 31 35 66 83 26 71 38 34 7 35 40 37 31 52 57 70 8 63 40 49 51 64 56 59 0 26 33 55 11 13 90 1 92 13 7 40 68 76 76 97 55 89 84 40 80 77 3 51 96 55 34 44 62 19 97 94 78 63 39 64 74 14 69 6 98
57 96 78 47 55 35 29 11 31 36 17 9 33 65 81 97 12 19 100 41 33 31 50 84 67 58 70 25 50 56 34 55 40 92 4 28 97 13 31 100 47 4 78 70 18 55 1 70 34 11 32 92 81 2 44 6 80 99 90 26 0 61 36 59 87 90 22 18 93 4 3 68 94 2 55 72 53 65 100 28 56 13 20 98 93 65 87 59 90 84 31 57 24 32 7 11 67 47 5 50
29 40 72 48 12 73 44 92 65 15 36 76 1 58 58 88 53 28 13 25 39 12 78 54 53 3 96 12 43 1 21 99 84 65 50 53 38 100 5 20 48 68 37 66 35 14 89 57 63 97 49 10 77 54 93 94 52 86 59 33 61 0 49 1 9 89 5 24 11 21 62 88 47 56 75 33 71 6 15 29 38 21 21 19 73 84 11 40 47 16 49 71 71 20 43 59 46 64 71 42
77 41 48 28 43 84 52 94 98 78 27 90 46 26 69 73 71 56 12 73 95 72 40 54 91 70 65 93 50 7 64 32 67 36 18 93 85 78 90 88 20 100 37 54 14 15 64 51 98 99 30 51 8 85 76 86 84 91 7 55 36 49 0 7 62 69 89 91 100 41 2 85 75 22 85 56 95 7 93 33 39 13 14 87 63 75 76 67 94 18 88 74 89 50 27 47 2 22 31 95
34 64 30 91 50 33 9 15 78 59 62 4 67 70 39 93 65 78 44 57 60 34 55 26 30 9 75 99 6 24 79 50 44 93 14 40 18 59 9 8 90 27 37 24 51 26 1 55 1 47 82 64 79 6 36 6 75 15 3 11 59 1 7 0 48 10 17 35 67 57 28 13 97 41 30 18 67 62 34 81 7 26 97 53 74 62 85 4 90 91 39 64 91 86 33 92 82 16 74 88
25 58 57 89 18 59 46 12 48 55 29 33 79 66 20 64 70 83 1 99 10 56 100 52 89 52 52 4 38 29 16 7 42 90 80 93 31 7 4 43 54 69 36 33 66 82 51 91 73 83 95 88 76 67 95 98 57 39 9 13 87 9 62 48 0 46 17 75 26 27 41 84 12 72 49 19 6 43 47 25 42 23 64 47 37 57 23 91 71 58 71 86 70 30 59 82 71 2 2 2
63 96 67 33 64 21 7 56 99 47 55 26 48 33 78 99 77 39 62 45 80 55 41 66 78 58 38 85 83 78 97 7 54 95 98 45 53 36 1 99 73 97 17 43 80 45 57 6 16 87 6 85 66 36 47 54 11 41 43 90 90 89 69 10 46 0 91 96 74 47 99 18 83 90 43 6 35 11 74 74 4 48 9 18 9 94 69 84 96 34 63 68 41 61 2 85 51 100 59 44
86 42 17 18 79 34 35 86 15 86 69 75 15 98 54 39 49 8 28 24 30 2 90 15 60 60 5 53 80 79 13 55 80 15 43 41 5 15 6 6 100 18 77 100 92 6 14 49 99 2 56 16 21 1 20 9 2 32 88 1 22 5 89 17 17 91 0 80 91 47 93 41 86 24 67 22 95 81 24 97 65 23 46 49 76 36 46 28 88 67 78 40 86 21 45 91 29 28 3 50
19 72 47 62 36 27 87 32 39 14 19 64 28 12 35 51 68 80 63 61 44 28 58 85 75 58 27 11 30 9 25 100 88 70 90 95 70 41 51 85 21 83 54 88 97 93 27 95 78 77 90 16 5 3 94 89 31 1 18 92 18 24 91 35 75 96 80 0 86 71 40 80 99 70 80 52 3 84 26 17 44 21 39 33 84 91 79 19 70 86 70 19 22 8 7 82 96 68 44 24
41 38 80 75 32 11 19 71 52 19 14 35 98 19 37 82 23 80 65 26 44 23 31 39 72 45 84 9 15 40 45 13 21 35 79 28 35 46 86 67 78 3 52 47 37 76 16 22 37 55 12 51 9 52 63 88 93 84 94 13 93 11 100 67 26 74 91 86 0 45 38 32 98 39 33 82 13 94 14 3 73 47 61 89 18 49 67 30 92 63 49 85 17 55 57 73 81 62 7 23
25 74 10 35 33 71 86 100 97 59 87 5 75 45 42 47 82 90 5 46 43 82 53 21 40 81 27 32 72 73 63 70 85 80 47 24 50 53 70 97 79 5 32 95 72 72 85 26 17 40 73 58 68 70 12 97 73 81 64 7 4 21 41 57 27 47 47 71 45 0 97 4 91 56 47 11 88 60 46 89 100 62 37 43 90 46 99 94 21 71 66 27 27 11 19 14 100 75 66 58
14 4 50 96 19 4 72 85 73 76 39 26 49 66 25 20 18 80 63 66 39 98 16 2 63 94 16 17 38 29 35 9 14 16 21 57 69 70 46 68 84 10 57 10 98 86 84 71 26 52 44 42 61 17 80 2 63 98 65 40 3 62 2 28 41 99 93 40 38 97 0 59 87 26 81 46 64 69 9 54 27 34 86 7 91 76 66 40 85 50 74 94 68 62 12 16 9 15 67 86
12 95 94 23 68 71 8 78 35 52 97 71 75 83 76 37 59 8 91 70 25 83 94 19 62 10 71 45 2 3 13 59 93 90 37 46 81 98 77 6 60 100 91 81 70 72 66 34 36 40 73 63 49 94 46 47 96 22 69 68 68 88 85 13 84 18 41 80 32 4 59 0 76 82 26 52 65 44 73 7 11 85 17 51 58 62 23 86 65 21 59 18 97 71 58 47 12 59 9 96
51 87 64 41 86 41 71 1 32 52 62 26 6 95 25 28 31 96 34 29 99 98 95 61 100 30 45 49 52 57 2 3 45 66 44 50 83 71 100 70 82 32 11 47 100 52 78 45 11 28 41 95 25 28 8 4 93 28 89 76 94 47 75 97 12 83 86 99 98 91 87 76 0 96 5 6 66 9 9 24 6 96 65 9 73 24 89 32 25 19 45 99 77 50 84 62 72 15 21 89
22 47 57 81 58 56 86 76 61 96 68 79 43 8 66 63 27 50 62 5 46 46 83 8 84 58 16 11 2 72 25 23 19 4 17 31 96 77 97 1 48 25 48 34 22 7 100 32 54 28 69 50 69 18 59 89 48 72 5 76 2 56 22 41 72 90 24 70 39 56 26 82 96 0 60 99 8 59 74 97 12 62 60 44 91 98 35 24 2 28 73 38 44 53 17 88 24 15 77 77
3 73 53 81 65 25 80 51 56 63 34 44 65 45 98 3 46 73 63 100 76 27 38 85 95 27 46 57 90 65 65 1 95 77 73 21 65 25 75 22 11 34 71 42 32 83 57 45 1 78 73 46 78 67 67 44 89 12 98 97 55 75 85 30 49 43 67 80 33 47 81 26 5 60 0 79 82 46 72 81 95 36 44 83 88 63 37 38 73 73 61 97 19 82 98 8 44 37 14 48
76 55 66 42 83 75 93 30 66 32 29 50 48 18 74 57 91 49 27 97 33 43 78 58 53 82 86 83 83 85 77 15 58 89 7 35 50 83 79 50 60 46 62 57 95 32 47 27 10 47 55 26 90 65 29 36 69 31 60 55 72 33 56 18 19 6 22 52 82 11 46 52 6 99 79 0 53 100 45 78 12 34 20 94 95 17 84 98 12 24 5 18 16 61 30 82 44 43 33 91
30 34 8 87 93 7 30 37 1 69 70 5 100 80 16 19 26 97 43 46 55 35 43 73 2 15 98 15 37 53 100 6 3 53 44 80 83 19 76 35 55 10 61 54 5 66 17 87 100 97 28 50 62 73 91 69 59 44 94 89 53 71 95 67 6 35 95 3 13 88 64 65 66 8 82 53 0 41 25 20 92 18 75 85 47 13 44 85 24 52 65 4 78 2 44 75 58 38 90 62
77 35 3 87 91 61 2 40 31 16 11 25 43 37 70 46 13 100 35 84 99 32 4 33 95 47 88 93 13 15 20 62 76 15 16 2 7 19 52 83 98 5 23 39 16 7 2 100 71 69 66 11 12 59 18 40 26 90 14 84 65 6 7 62 43 11 81 84 94 60 69 44 9 59 46 100 41 0 90 75 16 78 77 13 80 7 56 58 89 47 26 45 78 75 17 29 67 97 59 61
67 6 26 12 95 91 9 87 84 34 30 59 78 22 22 54 76 93 99 20 100 53 66 43 16 62 15 100 21 33 9 44 100 78 73 62 42 45 83 13 91 36 2 45 3 92 77 93 57 84 63 85 37 15 8 54 54 17 57 40 100 15 93 34 47 74 24 26 14 46 9 73 9 74 72 45 25 90 0 57 18 35 88 67 56 27 20 12 60 26 71 35 84 22 100 98 69 31 90 60
42 100 24 48 47 75 58 94 13 30 41 64 36 57 48 56 65 28 58 30 18 32 20 8 55 89 69 38 21 93 18 30 26 72 88 30 55 9 12 63 92 71 61 79 92 75 5 11 63 32 79 88 70 69 47 56 52 18 51 80 28 29 33 81 25 74 97 17 3 89 54 7 24 97 81 78 20 75 57 0 52 82 99 77 62 27 37 73 96 54 76 6 71 86 22 38 45 53 14 96
45 90 97 66 89 45 82 68 26 24 39 75 46 43 30 61 11 86 66 85 27 42 80 94 68 39 16 28 10 68 15 45 15 28 95 79 44 13 89 27 33 9 1 42 41 32 1 44 31 38 30 80 40 80 66 94 31 26 20 77 56 38 39 7 42 4 65 44 73 100 27 11 6 12 95 12 92 16 18 52 0 21 34 41 1 81 3 91 57 86 89 65 60 60 39 53 35 10 70 95
56 30 99 14 89 98 61 22 12 61 18 59 93 21 79 39 84 91 54 59 43 41 44 87 63 97 74 36 21 58 12 63 2 62 6 46 22 16 98 12 22 3 93 50 22 75 86 83 64 96 47 51 26 97 38 53 38 29 98 3 13 21 13 26 23 48 23 21 47 62 34 85 96 62 36 34 18 78 35 82 21 0 63 28 18 6 3 55 88 67 13 90 72 47 32 12 47 88 28 80
37 71 10 11 95 92 8 59 49 13 20 13 64 97 90 19 48 67 87 13 62 42 66 11 47 55 72 66 95 85 60 7 29 95 74 88 88 29 89 60 36 92 61 87 92 44 75 88 69 13 25 32 68 55 53 24 100 82 79 51 20 21 14 97 64 9 46 39 61 37 86 17 65 60 44 20 75 77 88 99 34 63 0 52 65 27 63 25 26 49 40 82 26 45 54 3 13 38 55 81
55 84 87 99 98 78 23 47 79 30 99 31 30 58 16 92 28 88 89 100 21 65 31 95 66 9 73 72 50 64 81 78 25 72 99 40 2 36 43 47 22 75 61 61 95 4 2 29 62 8 80 49 37 76 47 68 44 65 44 96 98 19 87 53 47 18 49 33 89 43 7 51 9 44 83 94 85 13 67 77 41 28 52 0 100 60 80 6 57 72 65 6 90 60 70 45 93 50 32 25
35 51 35 63 52 36 31 44 80 93 94 34 89 18 79 81 33 45 45 16 64 93 53 15 35 37 94 91 44 55 57 6 34 8 67 24 79 13 60 42 48 75 9 78 65 53 1 11 74 5 16 75 21 32 29 17 15 38 3 55 93 73 63 74 37 9 76 84 18 90 91 58 73 91 88 95 47 80 56 62 1 18 65 100 0 12 100 48 52 83 65 83 45 7 70 71 40 71 81 93
39 94 33 71 9 60 45 7 81 63 35 29 51 23 54 61 30 23 10 72 62 65 5 42 28 83 23 96 69 52 52 77 48 100 10 48 24 38 42 21 26 80 43 7 25 77 32 71 17 83 3 62 3 72 56 69 17 39 29 34 65 84 75 62 57 94 36 91 49 46 76 62 24 98 63 17 13 7 27 27 81 6 27 60 12 0 36 32 62 40 82 36 63 18 64 4 20 67 20 21
95 19 18 45 25 54 83 22 63 40 69 4 98 39 50 64 61 94 32 41 3 61 56 64 4 45 91 65 40 15 36 92 46 34 59 38 5 68 11 85 19 100 16 7 90 87 13 15 47 47 38 33 52 8 61 71 18 48 61 44 87 11 76 85 23 69 46 79 67 99 66 23 89 35 37 84 44 56 20 37 3 3 63 80 100 36 0 12 43 7 9 87 24 10 2 13 64 48 92 41
73 81 94 74 9 82 10 12 74 4 95 67 31 13 37 56 85 62 94 30 24 12 7 90 60 85 96 94 86 25 97 49 19 96 70 28 25 56 81 57 38 26 94 47 59 38 72 74 60 17 8 27 91 8 51 26 81 95 77 62 59 40 67 4 91 84 28 19 30 94 40 86 32 24 38 98 85 58 12 73 91 55 25 6 48 32 12 0 100 9 57 71 84 28 49 100 95 41 88 72
74 71 45 47 91 45 72 56 8 47 81 28 60 31 44 18 60 23 95 53 77 11 70 91 88 61 78 28 28 1 98 32 98 81 76 89 9 3 61 25 58 29 88 55 21 59 18 44 79 75 67 74 3 13 62 58 67 7 33 19 90 47 94 90 71 96 88 70 92 21 85 65 25 2 73 12 24 89 60 96 57 88 26 57 52 62 43 100 0 45 75 25 26 80 98 17 81 47 90 70
100 7 72 37 25 75 83 44 41 9 78 66 13 57 30 81 19 50 41 32 12 21 69 45 59 42 71 55 65 39 66 7 66 40 9 88 60 33 6 86 78 82 18 91 81 81 25 9 5 34 92 64 3 38 85 88 13 77 62 97 84 16 18 91 58 34 67 86 63 71 50 21 19 28 73 24 52 47 26 54 86 67 49 72 83 40 7 9 45 0 39 12 82 71 18 32 49 46 3 67
99 59 46 57 79 5 41 98 72 58 84 66 63 72 14 36 9 39 71 32 67 39 84 1 33 77 89 42 84 59 78 78 57 43 13 78 28 48 46 69 42 45 16 10 66 11 34 14 78 49 61 11 52 5 100 93 94 80 13 94 31 49 88 39 71 63 78 70 49 66 74 59 45 73 61 5 65 26 71 76 89 13 40 65 65 82 9 57 75 39 0 5 44 76 31 14 16 80 25 71
99 75 69 93 36 89 70 17 16 58 61 5 20 23 33 73 27 73 12 37 42 82 80 22 37 82 82 69 13 19 69 64 53 99 39 55 67 98 93 44 88 63 60 96 75 80 72 81 67 69 80 47 62 58 99 80 33 43 50 78 57 71 74 64 86 68 40 19 85 27 94 18 99 38 97 18 4 45 35 6 65 90 82 6 83 36 87 71 25 12 5 0 93 44 1 19 89 76 78 46
43 2 33 87 14 72 26 56 35 1 53 77 39 71 58 69 89 73 40 23 27 41 42 15 3 22 10 55 45 58 19 15 2 66 29 68 94 74 64 33 55 61 73 66 18 48 38 11 90 91 28 62 98 9 7 70 51 10 46 63 24 71 89 91 70 41 86 22 17 27 68 97 77 44 19 16 78 78 84 71 60 72 26 90 45 63 24 84 26 82 44 93 0 11 37 70 2 84 33 46
98 88 78 17 99 28 64 60 4 48 30 27 47 19 54 93 89 100 66 30 81 55 76 49 99 1 58 61 39 15 55 74 75 16 21 81 77 82 11 89 61 55 41 73 85 34 75 86 27 82 40 3 66 94 13 72 92 18 48 39 32 20 50 86 30 61 21 8 55 11 62 71 50 53 82 61 2 75 22 86 60 47 45 60 7 18 10 28 80 71 76 44 11 0 34 13 96 71 66 88
24 9 75 41 81 82 65 8 24 82 100 2 18 75 23 62 39 69 67 98 32 80 7 9 47 84 23 51 95 20 71 83 7 99 78 68 58 43 90 62 85 37 62 16 41 72 96 42 36 68 10 65 66 62 19 42 94 96 97 64 7 43 27 33 59 2 45 7 57 19 12 58 84 17 98 30 44 17 100 22 39 32 54 70 70 64 2 49 98 18 31 1 37 34 0 94 28 44 30 37
59 96 98 72 2 85 65 93 67 73 67 46 34 73 16 32 78 34 48 66 11 69 71 92 59 48 85 6 65 88 7 74 66 94 47 43 32 29 66 69 37 24 2 99 30 77 27 83 29 10 46 83 76 28 83 2 97 33 47 74 11 59 47 92 82 85 91 82 73 14 16 47 62 88 8 82 75 29 98 38 53 12 3 45 71 4 13 100 17 32 14 19 70 13 94 0 31 20 61 98
94 50 70 51 80 20 81 23 2 38 18 2 33 30 56 84 40 89 34 46 74 38 41 80 49 71 100 55 20 14 77 50 87 81 83 98 16 30 93 74 76 27 34 69 66 53 19 88 91 29 7 66 42 95 2 98 34 100 54 14 67 46 2 82 71 51 29 96 81 100 9 12 72 24 44 44 58 67 69 45 35 47 13 93 40 20 64 95 81 49 16 89 2 96 28 31 0 56 86 50
63 34 52 67 98 27 9 88 88 76 23 53 36 67 6 33 73 42 30 56 19 62 40 61 31 28 17 57 12 16 16 5 60 11 72 75 34 90 83 98 71 89 88 83 41 87 54 17 80 31 63 74 15 14 55 40 15 29 5 69 47 64 22 16 2 100 28 68 62 75 15 59 15 15 37 43 38 97 31 53 10 88 38 50 71 67 48 41 47 46 80 76 84 71 44 20 56 0 68 39
22 45 75 100 12 28 54 9 6 17 41 53 37 48 28 81 70 35 21 85 5 90 43 10 40 32 1 74 76 41 67 43 48 1 2 28 19 28 68 31 55 94 33 46 18 9 69 27 99 51 82 70 99 94 84 43 34 23 65 6 5 71 31 74 2 59 3 44 7 66 67 9 21 77 14 33 90 59 90 14 70 28 55 32 81 20 92 88 90 3 25 78 33 66 30 61 86 68 0 48
56 21 35 75 21 35 21 67 48 17 18 70 58 99 20 45 75 41 58 52 17 39 30 87 12 40 27 12 67 93 47 91 5 47 56 45 93 86 34 66 5 81 28 18 56 3 51 58 55 73 66 73 37 95 28 23 76 57 61 98 50 42 95 88 2 44 50 24 23 58 86 96 89 77 48 91 62 61 60 96 95 80 81 25 93 21 41 72 70 67 71 46 46 88 37 98 50 39 48 0
