100
10
0 15 48 46 1 36 33 35 54 30 28 63 28 80 52 10 16 27 81 78 21 20 54 60 97 51 65 89 49 35 76 8 95 53 65 10 83 74 5 54 38 76 12 28 22 97 4 23 2 14 46 29 97 22 96 2 15 65 19 67 73 28 61 30 86 59 95 92 89 86 65 15 74 89 93 14 75 92 39 52 39 44 41 69 52 95 9 26 93 67 47 68 50 81 33 66 77 42 56 28
15 0 46 84 32 91 6 95 36 48 72 61 55 84 87 67 2 81 83 3 99 95 21 63 47 7 27 11 49 12 80 88 92 33 32 82 97 51 88 73 53 20 51 18 9 27 45 5 91 35 40 2 19 75 86 57 3 56 72 20 57 11 92 83 63 24 42 18 45 17 14 98 32 74 72 28 38 63 25 72 13 87 4 64 24 20 1 43 24 46 32 95 41 62 62 13 45 4 64 93
48 46 0 26 4 47 95 96 52 88 1 36 3 38 60 45 81 29 18 80 78 32 41 39 8 63 97 13 40 16 69 91 99 70 21 92 11 1 96 13 59 74 40 81 43 26 80 67 30 6 58 72 99 40 51 11 38 6 8 55 19 40 47 57 66 45 32 44 18 16 40 98 77 1 47 72 28 22 66 78 46 23 35 35 20 71 65 73 22 96 98 15 3 24 18 84 24 34 26 21
46 84 26 0 63 5 73 46 34 3 39 21 47 17 90 19 26 8 84 10 84 30 99 45 16 48 86 25 10 48 8 92 37 41 22 46 38 34 46 2 47 100 55 49 3 59 35 8 77 15 60 32 13 38 76 15 21 80 69 56 93 17 95 5 42 97 4 62 8 73 44 24 92 100 10 6 81 69 86 71 8 73 50 30 74 15 51 45 16 75 83 51 6 60 53 69 11 60 63 76
1 32 4 63 0 86 13 59 70 32 30 29 40 93 87 50 26 1 56 32 95 17 5 25 5 69 89 88 23 80 48 84 24 84 13 68 44 1 66 74 70 41 52 63 19 48 84 11 44 13 9 33 41 93 92 88 66 19 61 2 50 49 58 32 67 46 98 78 48 52 28 24 90 17 45 91 72 77 4 51 10 34 32 94 9 98 24 37 81 65 59 35 31 39 5 77 57 22 79 32
36 91 47 5 86 0 6 34 73 37 27 83 93 53 70 26 33 13 43 22 77 70 96 21 71 75 72 96 71 83 8 5 36 72 89 4 59 38 67 79 6 43 97 51 71 41 11 17 70 18 8 34 98 37 40 89 17 20 79 53 58 56 67 100 9 90 66 64 67 6 85 20 55 67 34 5 69 41 7 37 33 55 89 51 42 39 87 48 16 38 14 76 50 29 38 8 50 65 98 47
33 6 95 73 13 6 0 51 12 66 84 62 68 72 75 69 32 61 33 7 95 59 1 72 72 42 49 77 93 2 60 87 46 46 51 1 90 20 58 49 55 82 77 43 46 81 80 30 83 54 30 54 15 53 17 88 11 2 2 97 35 84 81 52 33 56 18 77 73 96 68 45 85 11 42 64 41 44 16 72 16 48 59 53 83 3 90 60 20 39 74 88 90 77 89 77 23 4 10 37
35 95 96 46 59 34 51 0 17 99 88 56 24 41 54 34 39 67 17 31 69 20 76 67 82 88 90 15 46 52 67 96 5 80 57 2 46 80 9 15 36 27 99 10 63 14 69 35 59 25 87 37 71 60 47 94 31 60 49 62 5 86 25 86 39 88 99 27 67 43 15 66 17 95 39 80 11 81 66 83 36 62 17 91 22 50 94 32 16 56 85 3 17 71 86 7 36 42 1 46
54 36 52 34 70 73 12 17 0 62 53 31 96 25 12 42 88 88 77 10 4 58 100 41 15 85 29 77 91 45 24 88 98 5 51 61 1 17 57 24 97 22 68 12 38 40 76 54 48 82 57 17 81 68 55 17 51 57 49 79 35 74 97 89 92 72 71 46 59 25 73 21 25 12 21 95 89 80 53 38 28 47 19 96 12 3 16 60 99 50 76 75 10 32 38 11 77 42 52 56
30 48 88 3 32 37 66 99 62 0 85 28 56 95 59 92 35 59 68 20 56 15 36 5 53 11 83 14 84 91 80 2 76 26 80 67 48 42 82 15 75 48 96 48 33 1 75 6 78 40 98 56 42 54 94 68 27 69 57 96 59 29 82 3 72 50 43 68 70 5 45 53 51 43 3 55 87 95 4 22 10 89 37 31 64 4 52 51 3 22 90 32 37 39 78 19 74 27 88 95
28 72 1 39 30 27 84 88 53 85 0 73 21 75 18 6 58 28 28 25 85 15 82 40 93 39 41 38 18 82 71 92 100 67 18 46 90 75 95 88 7 13 17 13 19 53 24 67 84 100 21 83 48 13 82 82 58 93 69 6 50 53 12 79 41 13 14 54 18 10 38 91 21 62 1 68 30 60 84 65 8 95 40 97 64 90 22 15 48 23 84 68 22 24 27 67 73 16 72 67
63 61 36 21 29 83 62 56 31 28 73 0 25 36 83 67 42 9 90 14 7 9 84 69 13 12 46 87 88 17 88 99 86 15 53 99 54 53 44 98 39 99 32 68 10 87 33 60 40 84 2 42 28 8 31 86 98 10 75 1 23 43 82 90 8 13 82 2 27 25 53 21 70 33 94 52 95 24 87 60 91 8 27 4 8 29 58 7 35 99 47 31 6 70 42 15 23 36 54 47
28 55 3 47 40 93 68 24 96 56 21 25 0 9 53 12 99 33 97 23 21 18 27 66 90 1 81 87 33 57 15 60 100 42 22 65 35 70 73 6 82 1 81 77 32 51 52 82 79 83 58 91 4 44 22 51 13 74 55 75 51 35 80 26 67 51 28 93 49 88 5 55 58 44 20 97 63 81 82 98 6 20 8 29 43 1 77 40 24 23 98 11 88 13 99 70 89 100 17 44
80 84 38 17 93 53 72 41 25 95 75 36 9 0 91 3 93 9 48 42 70 44 18 11 31 36 26 2 33 20 43 89 24 53 6 38 13 77 67 10 65 14 56 96 87 60 26 96 7 97 83 12 46 13 89 16 46 65 78 84 70 32 34 25 59 67 40 32 56 55 26 61 100 84 8 45 25 75 31 97 17 56 39 95 52 52 57 32 71 15 65 47 52 38 46 44 46 46 26 11
52 87 60 90 87 70 75 54 12 59 18 83 53 91 0 35 30 66 59 33 38 37 48 22 62 24 7 25 40 60 4 70 71 34 93 9 16 98 41 97 21 39 98 41 82 86 87 83 16 57 31 55 11 16 54 21 80 75 24 39 98 16 67 33 25 6 76 91 85 12 1 72 82 63 76 41 82 50 59 81 36 88 13 84 65 60 37 41 80 15 30 36 43 5 24 54 78 1 41 65
10 67 45 19 50 26 69 34 42 92 6 67 12 3 35 0 41 74 70 23 98 61 31 57 19 49 2 26 41 98 98 34 45 85 12 31 70 84 25 12 34 83 80 80 85 83 3 17 5 27 50 25 32 24 39 11 83 1 48 74 91 37 100 25 53 27 13 10 21 6 52 29 90 60 75 99 28 2 52 89 48 30 16 38 62 64 4 98 89 35 91 93 18 61 64 24 73 39 82 83
16 2 81 26 26 33 32 39 88 35 58 42 99 93 30 41 0 26 53 7 65 51 70 83 1 25 66 86 31 70 23 53 37 85 73 93 10 66 63 12 41 90 6 77 20 96 8 51 88 94 28 40 43 64 91 57 58 69 21 87 30 49 90 33 64 77 56 50 42 17 18 72 54 84 45 69 39 97 44 84 16 31 5 97 6 83 43 51 11 94 33 32 34 96 68 25 6 22 71 95
27 81 29 8 1 13 61 67 88 59 28 9 33 9 66 74 26 0 93 13 86 74 50 44 82 85 49 96 17 93 39 80 23 45 77 86 9 25 24 25 91 47 39 25 31 52 16 57 3 35 18 59 23 55 6 23 20 26 61 28 43 40 12 60 21 10 46 20 20 14 13 24 41 68 28 85 91 38 4 86 70 5 2 71 12 70 85 54 46 21 75 17 71 15 15 66 57 53 37 70
81 83 18 84 56 43 33 17 77 68 28 90 97 48 59 70 53 93 0 79 11 55 14 59 13 44 65 48 67 41 80 79 11 83 37 15 58 75 51 58 89 90 3 16 65 44 28 70 27 100 63 53 14 27 100 60 34 1 5 79 34 60 44 52 76 62 6 40 45 85 64 46 91 94 65 56 57 51 6 65 42 76 16 100 31 48 62 12 71 20 10 19 15 61 36 87 40 13 56 51
78 3 80 10 32 22 7 31 10 20 25 14 23 42 33 23 7 13 79 0 80 47 41 46 18 3 7 52 11 34 41 95 87 30 52 46 10 89 42 25 46 53 6 57 66 35 90 77 54 29 35 40 46 27 63 36 80 90 28 59 69 92 100 28 58 98 19 24 70 40 96 8 65 87 8 76 85 69 23 45 22 63 53 71 2 53 96 12 100 29 89 2 2 66 18 87 18 97 16 41
21 99 78 84 95 77 95 69 4 56 85 7 21 70 38 98 65 86 11 80 0 13 83 36 32 22 58 33 44 17 78 28 17 15 67 73 87 98 88 71 19 94 65 96 18 43 68 41 69 64 25 95 93 93 75 80 14 4 55 75 96 68 29 70 82 38 90 33 93 7 48 29 58 47 28 21 81 70 98 31 28 94 6 20 6 76 92 2 72 69 70 44 29 45 14 9 46 94 59 72
20 95 32 30 17 70 59 20 58 15 15 9 18 44 37 61 51 74 55 47 13 0 87 99 13 33 25 51 22 46 43 9 40 12 43 49 42 41 3 93 6 28 13 41 59 24 38 52 80 82 91 11 55 15 1 46 52 3 51 89 91 8 80 59 32 68 68 97 93 64 72 93 67 81 97 92 10 45 84 93 61 26 93 53 86 93 79 64 90 55 72 36 36 61 56 84 82 69 37 33
54 21 41 99 5 96 1 76 100 36 82 84 27 18 48 31 70 50 14 41 83 87 0 2 61 60 22 60 16 14 24 49 42 94 75 73 100 93 23 75 97 79 87 72 80 40 61 80 59 73 76 39 80 8 88 9 84 9 62 66 47 51 55 46 66 40 63 24 44 69 52 8 69 38 82 45 43 47 92 89 1 37 39 14 67 39 25 68 19 54 55 9 70 29 5 9 72 39 11 45
60 63 39 45 25 21 72 67 41 5 40 69 66 11 22 57 83 44 59 46 36 99 2 0 43 8 41 60 94 88 94 71 61 15 48 75 68 24 13 38 84 57 70 7 76 100 13 71 4 59 32 2 72 5 17 86 37 24 80 95 32 45 82 77 73 42 5 15 36 21 95 43 95 14 87 24 60 33 40 27 24 57 54 80 32 65 41 38 96 30 57 4 24 99 17 15 76 73 56 79
97 47 8 16 5 71 72 82 15 53 93 13 90 31 62 19 1 82 13 18 32 13 61 43 0 60 13 55 91 73 59 16 85 19 5 88 1 18 65 93 79 24 96 54 72 99 35 75 1 69 27 3 91 54 41 41 26 63 63 66 28 32 63 5 35 87 13 27 96 36 50 16 11 97 18 2 47 95 33 92 100 75 41 44 67 44 93 96 1 34 8 85 70 82 23 84 25 11 66 47
51 7 63 48 69 75 42 88 85 11 39 12 1 36 24 49 25 85 44 3 22 33 60 8 60 0 70 75 72 95 32 94 96 9 22 57 97 19 17 26 32 27 51 35 70 62 7 23 3 9 1 93 85 63 58 56 55 45 75 24 54 59 54 95 13 83 100 65 79 46 66 46 13 84 17 76 71 80 75 29 55 3 86 85 42 57 66 11 22 23 68 78 31 100 29 61 58 69 5 98
65 27 97 86 89 72 49 90 29 83 41 46 81 26 7 2 66 49 65 7 58 25 22 41 13 70 0 85 36 25 53 32 47 24 100 61 12 71 91 54 18 74 15 93 41 77 35 35 79 46 96 55 23 31 70 56 72 49 100 69 11 54 6 63 87 99 49 92 49 69 68 86 12 80 28 69 53 48 9 7 95 13 35 57 97 41 11 71 54 58 45 6 85 29 36 98 6 94 13 12
89 11 13 25 88 96 77 15 77 14 38 87 87 2 25 26 86 96 48 52 33 51 60 60 55 75 85 0 22 64 26 60 82 21 74 62 21 41 79 25 40 78 49 68 40 25 45 71 73 77 55 2 84 92 88 91 21 24 83 14 30 89 42 58 59 100 70 80 96 62 46 59 26 41 67 69 79 40 88 95 91 5 89 58 33 40 91 5 90 89 19 29 22 38 40 51 82 26 55 59
49 49 40 10 23 71 93 46 91 84 18 88 33 33 40 41 31 17 67 11 44 22 16 94 91 72 36 22 0 53 84 79 53 8 44 98 98 48 72 74 4 98 2 44 28 10 62 93 10 83 59 11 99 57 12 76 31 64 6 52 21 31 38 78 8 66 12 66 22 88 22 99 5 72 69 73 6 83 61 64 2 43 76 54 82 22 9 73 22 58 79 65 62 91 36 95 46 91 43 25
35 12 16 48 80 83 2 52 45 91 82 17 57 20 60 98 70 93 41 34 17 46 14 88 73 95 25 64 53 0 89 100 43 59 89 19 30 10 21 43 38 53 22 97 97 89 8 37 13 1 83 94 61 40 10 55 3 94 57 28 41 68 36 34 76 79 65 43 46 87 84 40 56 3 46 42 65 47 5 49 86 83 62 97 82 72 93 31 67 34 86 78 80 95 19 15 87 43 60 50
76 80 69 8 48 8 60 67 24 80 71 88 15 43 4 98 23 39 80 41 78 43 24 94 59 32 53 26 84 89 0 55 28 6 14 11 20 66 42 20 27 4 8 83 100 89 19 75 31 67 54 3 25 92 48 15 88 51 16 59 43 94 76 20 38 95 71 22 88 58 4 89 8 64 22 67 66 72 21 77 27 25 45 15 48 54 22 83 88 51 14 35 19 31 36 95 20 52 88 91
8 88 91 92 84 5 87 96 88 2 92 99 60 89 70 34 53 80 79 95 28 9 49 71 16 94 32 60 79 100 55 0 62 15 77 36 77 36 23 29 82 43 49 58 34 59 48 5 71 36 48 94 47 2 28 53 38 46 17 21 93 94 92 94 56 22 16 57 12 40 41 21 81 74 54 93 48 4 32 77 10 21 61 62 41 16 42 7 59 85 37 71 46 22 49 66 46 1 61 84
95 92 99 37 24 36 46 5 98 76 100 86 100 24 71 45 37 23 11 87 17 40 42 61 85 96 47 82 53 43 28 62 0 23 76 93 16 58 16 74 50 87 30 50 53 93 16 12 55 92 30 2 42 57 31 39 91 88 53 57 27 99 59 65 4 84 89 49 70 14 43 3 43 64 75 77 98 64 21 15 76 39 97 43 61 84 55 91 54 66 1 76 39 44 5 96 93 37 86 36
53 33 70 41 84 72 46 80 5 26 67 15 42 53 34 85 85 45 83 30 15 12 94 15 19 9 24 21 8 59 6 15 23 0 6 78 85 9 12 12 10 39 61 16 71 4 46 100 4 53 67 52 74 62 98 66 34 95 52 34 9 98 17 38 18 20 9 8 60 64 79 76 16 57 70 98 17 67 58 23 23 32 5 64 86 47 87 36 49 34 85 58 30 73 83 89 82 36 23 54
65 32 21 22 13 89 51 57 51 80 18 53 22 6 93 12 73 77 37 52 67 43 75 48 5 22 100 74 44 89 14 77 76 6 0 16 37 29 19 78 30 17 1 57 7 59 4 8 43 79 65 85 95 94 85 92 42 86 29 71 26 75 16 2 39 42 70 65 94 45 24 11 46 36 99 12 24 15 11 60 98 91 55 94 77 51 2 62 9 65 87 89 65 98 99 55 64 19 18 1
10 82 92 46 68 4 1 2 61 67 46 99 65 38 9 31 93 86 15 46 73 49 73 75 88 57 61 62 98 19 11 36 93 78 16 0 58 58 7 21 92 67 94 15 27 41 7 54 38 71 15 87 65 67 61 44 30 7 39 31 92 82 17 55 86 84 86 7 53 45 28 30 89 68 91 48 50 37 43 25 12 21 62 35 1 22 9 55 75 87 67 30 22 40 68 55 20 33 32 31
83 97 11 38 44 59 90 46 1 48 90 54 35 13 16 70 10 9 58 10 87 42 100 68 1 97 12 21 98 30 20 77 16 85 37 58 0 41 59 31 85 71 84 19 63 15 58 92 46 32 46 47 78 92 36 100 2 21 85 81 12 49 16 5 90 33 43 13 61 13 89 88 74 94 79 18 56 36 99 43 26 38 31 90 87 12 66 93 82 42 3 46 90 73 55 93 26 34 77 90
74 51 1 34 1 38 20 80 17 42 75 53 70 77 98 84 66 25 75 89 98 41 93 24 18 19 71 41 48 10 66 36 58 9 29 58 41 0 14 84 26 28 2 84 92 88 98 77 55 37 9 30 5 30 88 69 20 16 28 68 90 28 53 35 26 8 78 95 95 32 96 32 2 43 35 83 44 31 63 3 11 94 56 80 64 43 20 22 87 61 16 93 30 57 60 88 44 25 73 91
5 88 96 46 66 67 58 9 57 82 95 44 73 67 41 25 63 24 51 42 88 3 23 13 65 17 91 79 72 21 42 23 16 12 19 7 59 14 0 84 27 26 83 30 25 92 94 88 44 51 61 100 57 72 40 33 44 71 95 98 58 83 97 85 70 67 97 5 20 71 35 80 78 17 86 30 9 98 46 70 28 20 2 45 16 76 29 82 77 75 46 100 76 77 23 91 18 34 11 95
54 73 13 2 74 79 49 15 24 15 88 98 6 10 97 12 12 25 58 25 71 93 75 38 93 26 54 25 74 43 20 29 74 12 78 21 31 84 84 0 12 1 100 61 55 39 28 93 33 97 54 62 83 67 84 88 34 6 76 46 8 22 86 81 50 43 48 23 70 64 9 91 14 58 22 91 64 59 60 42 58 49 14 47 62 100 90 95 51 4 94 69 11 98 15 15 60 14 64 95
38 53 59 47 70 6 55 36 97 75 7 39 82 65 21 34 41 91 89 46 19 6 97 84 79 32 18 40 4 38 27 82 50 10 30 92 85 26 27 12 0 23 60 81 53 40 46 4 47 43 84 92 38 76 14 38 61 56 17 51 49 74 85 38 82 51 75 84 90 9 13 65 2 79 97 51 49 1 36 55 23 98 60 58 30 75 91 38 6 56 61 26 30 2 40 40 12 17 52 40
76 20 74 100 41 43 82 27 22 48 13 99 1 14 39 83 90 47 90 53 94 28 79 57 24 27 74 78 98 53 4 43 87 39 17 67 71 28 26 1 23 0 29 56 59 74 24 36 63 52 8 26 73 53 19 98 2 76 52 22 39 50 58 35 80 47 40 89 79 8 93 88 38 46 58 45 25 91 54 30 63 53 55 19 93 13 56 41 5 4 72 73 13 83 10 81 1 33 24 99
12 51 40 55 52 97 77 99 68 96 17 32 81 56 98 80 6 39 3 6 65 13 87 70 96 51 15 49 2 22 8 49 30 61 1 94 84 2 83 100 60 29 0 30 74 34 40 11 83 88 98 8 77 65 16 73 48 59 100 88 78 1 59 1 95 35 26 28 27 25 40 68 63 99 39 66 85 79 13 95 66 24 79 62 15 28 50 68 69 1 16 70 50 58 28 42 5 17 99 49
28 18 81 49 63 51 43 10 12 48 13 68 77 96 41 80 77 25 16 57 96 41 72 7 54 35 93 68 44 97 83 58 50 16 57 15 19 84 30 61 81 56 30 0 53 85 51 78 43 21 66 44 41 49 3 50 89 64 56 56 57 54 70 50 42 52 32 55 32 85 20 29 50 59 67 78 20 67 70 27 49 2 4 87 47 48 52 29 38 37 6 1 79 85 79 23 80 26 42 99
22 9 43 3 19 71 46 63 38 33 19 10 32 87 82 85 20 31 65 66 18 59 80 76 72 70 41 40 28 97 100 34 53 71 7 27 63 92 25 55 53 59 74 53 0 66 31 73 51 90 44 99 79 31 16 85 83 37 53 43 26 26 100 9 86 46 80 20 93 32 43 41 27 20 13 86 66 68 65 24 82 97 22 46 36 18 5 57 93 90 3 49 9 51 94 77 6 70 62 91
97 27 26 59 48 41 81 14 40 1 53 87 51 60 86 83 96 52 44 35 43 24 40 100 99 62 77 25 10 89 89 59 93 4 59 41 15 88 92 39 40 74 34 85 66 0 73 90 38 70 54 79 16 90 42 62 70 33 15 6 26 64 10 95 100 92 75 31 59 82 67 47 9 57 72 31 94 12 85 2 97 20 11 39 79 92 96 49 45 71 1 100 80 89 82 71 9 4 70 61
4 45 80 35 84 11 80 69 76 75 24 33 52 26 87 3 8 16 28 90 68 38 61 13 35 7 35 45 62 8 19 48 16 46 4 7 58 98 94 28 46 24 40 51 31 73 0 2 96 79 75 35 74 86 50 4 58 70 62 41 23 96 21 87 76 54 51 96 47 8 62 76 92 46 50 48 63 23 87 85 62 91 33 19 10 99 53 25 86 94 31 70 34 48 36 63 17 85 81 47
23 5 67 8 11 17 30 35 54 6 67 60 82 96 83 17 51 57 70 77 41 52 80 71 75 23 35 71 93 37 75 5 12 100 8 54 92 77 88 93 4 36 11 78 73 90 2 0 87 70 76 79 85 24 73 40 46 34 74 82 81 89 7 16 40 35 37 36 99 73 62 42 25 24 3 5 79 85 14 52 65 28 14 32 98 42 69 86 4 91 25 12 82 83 33 21 28 68 39 54
2 91 30 77 44 70 83 59 48 78 84 40 79 7 16 5 88 3 27 54 69 80 59 4 1 3 79 73 10 13 31 71 55 4 43 38 46 55 44 33 47 63 83 43 51 38 96 87 0 53 14 100 77 28 47 23 85 71 36 16 16 20 73 76 65 27 87 83 29 28 12 35 25 12 77 7 48 98 72 64 38 83 83 41 30 51 82 21 50 48 72 81 33 9 20 72 72 19 98 43
14 35 6 15 13 18 54 25 82 40 100 84 83 97 57 27 94 35 100 29 64 82 73 59 69 9 46 77 83 1 67 36 92 53 79 71 32 37 51 97 43 52 88 21 90 70 79 70 53 0 65 21 13 72 14 88 2 98 73 47 94 37 66 84 97 84 52 41 8 51 24 36 9 38 62 68 33 63 38 18 96 54 49 30 10 100 60 95 85 56 1 4 88 51 9 63 63 55 49 73
46 40 58 60 9 8 30 87 57 98 21 2 58 83 31 50 28 18 63 35 25 91 76 32 27 1 96 55 59 83 54 48 30 67 65 15 46 9 61 54 84 8 98 66 44 54 75 76 14 65 0 94 66 36 82 94 89 70 46 30 83 38 43 66 4 21 32 98 47 56 46 79 68 96 41 56 5 56 76 64 45 50 74 88 71 26 63 49 64 81 28 21 78 83 35 36 45 96 98 39
29 2 72 32 33 34 54 37 17 56 83 42 91 12 55 25 40 59 53 40 95 11 39 2 3 93 55 2 11 94 3 94 2 52 85 87 47 30 100 62 92 26 8 44 99 79 35 79 100 21 94 0 29 12 65 1 92 36 47 30 75 64 92 74 72 46 3 66 62 34 22 4 22 7 74 46 89 77 15 100 18 13 88 99 25 87 63 59 48 84 24 40 48 21 45 10 90 99 51 85
97 19 99 13 41 98 15 71 81 42 48 28 4 46 11 32 43 23 14 46 93 55 80 72 91 85 23 84 99 61 25 47 42 74 95 65 78 5 57 83 38 73 77 41 79 16 74 85 77 13 66 29 0 21 34 36 65 55 65 26 90 10 59 88 45 65 87 74 82 97 23 93 93 31 99 39 2 27 75 2 51 30 25 67 52 34 41 67 92 37 30 40 70 48 59 14 12 44 12 10
22 75 40 38 93 37 53 60 68 54 13 8 44 13 16 24 64 55 27 27 93 15 8 5 54 63 31 92 57 40 92 2 57 62 94 67 92 30 72 67 76 53 65 49 31 90 86 24 28 72 36 12 21 0 98 91 79 95 29 74 79 41 8 88 41 7 33 53 17 24 83 15 93 9 54 11 90 95 97 36 3 18 60 84 31 17 47 53 96 58 14 79 25 22 52 53 94 60 60 53
96 86 51 76 92 40 17 47 55 94 82 31 22 89 54 39 91 6 100 63 75 1 88 17 41 58 70 88 12 10 48 28 31 98 85 61 36 88 40 84 14 19 16 3 16 42 50 73 47 14 82 65 34 98 0 75 52 25 10 3 81 66 24 51 64 53 22 50 28 62 71 50 28 37 82 18 59 2 10 29 24 95 91 29 64 67 6 2 31 29 64 83 59 57 48 2 56 13 14 98
2 57 11 15 88 89 88 94 17 68 82 86 51 16 21 11 57 23 60 36 80 46 9 86 41 56 56 91 76 55 15 53 39 66 92 44 100 69 33 88 38 98 73 50 85 62 4 40 23 88 94 1 36 91 75 0 74 65 54 5 51 44 31 19 53 40 14 92 19 89 81 98 35 44 8 92 89 41 69 5 72 83 4 6 96 40 12 9 8 79 29 20 50 22 33 36 46 70 83 12
15 3 38 21 66 17 11 31 51 27 58 98 13 46 80 83 58 20 34 80 14 52 84 37 26 55 72 21 31 3 88 38 91 34 42 30 2 20 44 34 61 2 48 89 83 70 58 46 85 2 89 92 65 79 52 74 0 53 79 33 19 25 35 29 93 26 35 24 94 59 63 33 89 49 93 41 27 19 98 32 3 38 4 99 56 57 69 44 66 73 38 45 21 15 46 30 11 5 71 60
65 56 6 80 19 20 2 60 57 69 93 10 74 65 75 1 69 26 1 90 4 3 9 24 63 45 49 24 64 94 51 46 88 95 86 7 21 16 71 6 56 76 59 64 37 33 70 34 71 98 70 36 55 95 25 65 53 0 5 3 42 18 45 87 30 39 23 67 49 31 66 8 26 18 1 37 11 50 72 34 41 63 46 54 30 59 5 73 57 9 24 90 45 62 77 60 72 49 97 36
19 72 8 69 61 79 2 49 49 57 69 75 55 78 24 48 21 61 5 28 55 51 62 80 63 75 100 83 6 57 16 17 53 52 29 39 85 28 95 76 17 52 100 56 53 15 62 74 36 73 46 47 65 29 10 54 79 5 0 8 48 96 92 95 5 4 81 66 66 21 19 51 23 52 68 21 24 71 67 74 76 35 62 1 65 86 49 7 60 39 72 19 61 72 1 100 27 38 46 56
67 20 55 56 2 53 97 62 79 96 6 1 75 84 39 74 87 28 79 59 75 89 66 95 66 24 69 14 52 28 59 21 57 34 71 31 81 68 98 46 51 22 88 56 43 6 41 82 16 47 30 30 26 74 3 5 33 3 8 0 68 75 15 75 95 69 58 76 52 96 37 88 57 81 1 23 26 71 75 73 13 53 65 95 20 6 51 1 96 49 69 41 86 41 25 49 39 29 84 40
73 57 19 93 50 58 35 5 35 59 50 23 51 70 98 91 30 43 34 69 96 91 47 32 28 54 11 30 21 41 43 93 27 9 26 92 12 90 58 8 49 39 78 57 26 26 23 81 16 94 83 75 90 79 81 51 19 42 48 68 0 65 78 4 17 66 4 82 36 93 42 63 91 18 78 50 2 97 42 39 17 31 28 11 7 93 50 77 26 95 83 92 23 15 41 67 71 76 57 90
28 11 40 17 49 56 84 86 74 29 53 43 35 32 16 37 49 40 60 92 68 8 51 45 32 59 54 89 31 68 94 94 99 98 75 82 49 28 83 22 74 50 1 54 26 64 96 89 20 37 38 64 10 41 66 44 25 18 96 75 65 0 74 100 32 64 79 46 17 15 39 97 88 73 77 42 48 45 40 55 85 94 77 49 100 68 80 19 95 14 73 20 43 16 38 94 20 42 15 78
61 92 47 95 58 67 81 25 97 82 12 82 80 34 67 100 90 12 44 100 29 80 55 82 63 54 6 42 38 36 76 92 59 17 16 17 16 53 97 86 85 58 59 70 100 10 21 7 73 66 43 92 59 8 24 31 35 45 92 15 78 74 0 79 74 6 61 3 92 37 14 100 7 15 64 18 48 97 57 88 20 79 67 49 39 32 97 45 60 69 31 49 1 42 68 47 68 41 24 26
30 83 57 5 32 100 52 86 89 3 79 90 26 25 33 25 33 60 52 28 70 59 46 77 5 95 63 58 78 34 20 94 65 38 2 55 5 35 85 81 38 35 1 50 9 95 87 16 76 84 66 74 88 88 51 19 29 87 95 75 4 100 79 0 80 75 1 12 18 20 68 87 91 90 19 23 58 23 55 68 99 89 68 17 22 96 12 96 92 41 90 2 65 47 30 62 52 41 43 50
86 63 66 42 67 9 33 39 92 72 41 8 67 59 25 53 64 21 76 58 82 32 66 73 35 13 87 59 8 76 38 56 4 18 39 86 90 26 70 50 82 80 95 42 86 100 76 40 65 97 4 72 45 41 64 53 93 30 5 95 17 32 74 80 0 19 61 96 50 85 49 68 1 15 2 8 91 39 77 78 50 76 55 42 10 18 84 80 99 57 4 54 55 86 9 32 93 48 31 69
59 24 45 97 46 90 56 88 72 50 13 13 51 67 6 27 77 10 62 98 38 68 40 42 87 83 99 100 66 79 95 22 84 20 42 84 33 8 67 43 51 47 35 52 46 92 54 35 27 84 21 46 65 7 53 40 26 39 4 69 66 64 6 75 19 0 5 91 23 96 82 84 87 71 40 87 3 14 40 36 42 66 46 48 60 43 15 29 72 87 40 40 3 48 78 76 83 29 70 46
95 42 32 4 98 66 18 99 71 43 14 82 28 40 76 13 56 46 6 19 90 68 63 5 13 100 49 70 12 65 71 16 89 9 70 86 43 78 97 48 75 40 26 32 80 75 51 37 87 52 32 3 87 33 22 14 35 23 81 58 4 79 61 1 61 5 0 19 57 62 58 47 51 98 92 31 40 65 4 41 56 99 81 29 45 51 13 88 63 58 97 29 25 2 31 63 50 5 48 93
92 18 44 62 78 64 77 27 46 68 54 2 93 32 91 10 50 20 40 24 33 97 24 15 27 65 92 80 66 43 22 57 49 8 65 7 13 95 5 23 84 89 28 55 20 31 96 36 83 41 98 66 74 53 50 92 24 67 66 76 82 46 3 12 96 91 19 0 55 78 81 10 56 93 63 59 13 75 34 3 41 25 6 72 24 3 87 36 54 91 61 82 22 94 81 82 27 58 20 35
89 45 18 8 48 67 73 67 59 70 18 27 49 56 85 21 42 20 45 70 93 93 44 36 96 79 49 96 22 46 88 12 70 60 94 53 61 95 20 70 90 79 27 32 93 59 47 99 29 8 47 62 82 17 28 19 94 49 66 52 36 17 92 18 50 23 57 55 0 46 94 95 87 64 72 82 10 16 77 73 85 51 2 38 100 83 84 39 1 94 97 74 98 2 14 33 77 1 83 38
86 17 16 73 52 6 96 43 25 5 10 25 88 55 12 6 17 14 85 40 7 64 69 21 36 46 69 62 88 87 58 40 14 64 45 45 13 32 71 64 9 8 25 85 32 82 8 73 28 51 56 34 97 24 62 89 59 31 21 96 93 15 37 20 85 96 62 78 46 0 29 12 93 11 85 11 44 88 31 72 45 39 58 29 5 69 72 52 37 82 45 36 39 20 60 14 84 11 78 88
65 14 40 44 28 85 68 15 73 45 38 53 5 26 1 52 18 13 64 96 48 72 52 95 50 66 68 46 22 84 4 41 43 79 24 28 89 96 35 9 13 93 40 20 43 67 62 62 12 24 46 22 23 83 71 81 63 66 19 37 42 39 14 68 49 82 58 81 94 29 0 39 45 79 15 12 30 68 35 81 35 32 49 78 45 11 25 54 22 92 94 55 30 60 46 26 80 16 43 90
15 98 98 24 24 20 45 66 21 53 91 21 55 61 72 29 72 24 46 8 29 93 8 43 16 46 86 59 99 40 89 21 3 76 11 30 88 32 80 91 65 88 68 29 41 47 76 42 35 36 79 4 93 15 50 98 33 8 51 88 63 97 100 87 68 84 47 10 95 12 39 0 1 92 75 13 99 32 70 74 97 1 2 25 9 70 33 33 86 74 62 72 3 87 88 18 20 41 71 84
74 32 77 92 90 55 85 17 25 51 21 70 58 100 82 90 54 41 91 65 58 67 69 95 11 13 12 26 5 56 8 81 43 16 46 89 74 2 78 14 2 38 63 50 27 9 92 25 25 9 68 22 93 93 28 35 89 26 23 57 91 88 7 91 1 87 51 56 87 93 45 1 0 83 41 28 49 11 8 91 11 92 7 60 100 48 56 98 6 49 44 18 56 84 89 56 51 32 6 96
89 74 1 100 17 67 11 95 12 43 62 33 44 84 63 60 84 68 94 87 47 81 38 14 97 84 80 41 72 3 64 74 64 57 36 68 94 43 17 58 79 46 99 59 20 57 46 24 12 38 96 7 31 9 37 44 49 18 52 81 18 73 15 90 15 71 98 93 64 11 79 92 83 0 31 14 3 45 62 85 81 26 83 45 71 67 46 13 60 76 53 69 89 5 40 60 68 59 81 24
93 72 47 10 45 34 42 39 21 3 1 94 20 8 76 75 45 28 65 8 28 97 82 87 18 17 28 67 69 46 22 54 75 70 99 91 79 35 86 22 97 58 39 67 13 72 50 3 77 62 41 74 99 54 82 8 93 1 68 1 78 77 64 19 2 40 92 63 72 85 15 75 41 31 0 23 94 56 12 59 34 26 23 26 59 72 21 73 47 84 87 28 71 95 81 93 51 17 41 40
14 28 72 6 91 5 64 80 95 55 68 52 97 45 41 99 69 85 56 76 21 92 45 24 2 76 69 69 73 42 67 93 77 98 12 48 18 83 30 91 51 45 66 78 86 31 48 5 7 68 56 46 39 11 18 92 41 37 21 23 50 42 18 23 8 87 31 59 82 11 12 13 28 14 23 0 4 24 63 3 98 84 29 83 52 4 60 98 59 84 10 87 63 17 83 98 99 87 52 99
75 38 28 81 72 69 41 11 89 87 30 95 63 25 82 28 39 91 57 85 81 10 43 60 47 71 53 79 6 65 66 48 98 17 24 50 56 44 9 64 49 25 85 20 66 94 63 79 48 33 5 89 2 90 59 89 27 11 24 26 2 48 48 58 91 3 40 13 10 44 30 99 49 3 94 4 0 40 42 76 86 33 81 52 16 18 68 4 14 93 59 42 59 77 87 94 8 27 71 57
92 63 22 69 77 41 44 81 80 95 60 24 81 75 50 2 97 38 51 69 70 45 47 33 95 80 48 40 83 47 72 4 64 67 15 37 36 31 98 59 1 91 79 67 68 12 23 85 98 63 56 77 27 95 2 41 19 50 71 71 97 45 97 23 39 14 65 75 16 88 68 32 11 45 56 24 40 0 18 100 85 1 56 13 44 8 25 38 100 93 53 11 88 15 3 81 71 64 70 77
39 25 66 86 4 7 16 66 53 4 84 87 82 31 59 52 44 4 6 23 98 84 92 40 33 75 9 88 61 5 21 32 21 58 11 43 99 63 46 60 36 54 13 70 65 85 87 14 72 38 76 15 75 97 10 69 98 72 67 75 42 40 57 55 77 40 4 34 77 31 35 70 8 62 12 63 42 18 0 76 52 5 49 2 41 100 26 49 49 100 46 45 1 17 76 9 97 64 8 35
52 72 78 71 51 37 72 83 38 22 65 60 98 97 81 89 84 86 65 45 31 93 89 27 92 29 7 95 64 49 77 77 15 23 60 25 43 3 70 42 55 30 95 27 24 2 85 52 64 18 64 100 2 36 29 5 32 34 74 73 39 55 88 68 78 36 41 3 73 72 81 74 91 85 59 3 76 100 76 0 47 53 56 44 96 7 81 63 20 21 84 48 4 13 93 70 61 14 93 34
39 13 46 8 10 33 16 36 28 10 8 91 6 17 36 48 16 70 42 22 28 61 1 24 100 55 95 91 2 86 27 10 76 23 98 12 26 11 28 58 23 63 66 49 82 97 62 65 38 96 45 18 51 3 24 72 3 41 76 13 17 85 20 99 50 42 56 41 85 45 35 97 11 81 34 98 86 85 52 47 0 58 63 97 41 2 14 37 58 37 79 32 47 22 21 33 12 81 58 41
44 87 23 73 34 55 48 62 47 89 95 8 20 56 88 30 31 5 76 63 94 26 37 57 75 3 13 5 43 83 25 21 39 32 91 21 38 94 20 49 98 53 24 2 97 20 91 28 83 54 50 13 30 18 95 83 38 63 35 53 31 94 79 89 76 66 99 25 51 39 32 1 92 26 26 84 33 1 5 53 58 0 72 15 98 90 22 89 18 1 55 66 23 70 82 43 56 17 34 22
41 4 35 50 32 89 59 17 19 37 40 27 8 39 13 16 5 2 16 53 6 93 39 54 41 86 35 89 76 62 45 61 97 5 55 62 31 56 2 14 60 55 79 4 22 11 33 14 83 49 74 88 25 60 91 4 4 46 62 65 28 77 67 68 55 46 81 6 2 58 49 2 7 83 23 29 81 56 49 56 63 72 0 23 44 7 42 21 64 18 62 3 28 51 3 67 69 24 35 78
69 64 35 30 94 51 53 91 96 31 97 4 29 95 84 38 97 71 100 71 20 53 14 80 44 85 57 58 54 97 15 62 43 64 94 35 90 80 45 47 58 19 62 87 46 39 19 32 41 30 88 99 67 84 29 6 99 54 1 95 11 49 49 17 42 48 29 72 38 29 78 25 60 45 26 83 52 13 2 44 97 15 23 0 47 55 31 50 86 65 63 72 49 21 91 97 12 63 96 28
52 24 20 74 9 42 83 22 12 64 64 8 43 52 65 62 6 12 31 2 6 86 67 32 67 42 97 33 82 82 48 41 61 86 77 1 87 64 16 62 30 93 15 47 36 79 10 98 30 10 71 25 52 31 64 96 56 30 65 20 7 100 39 22 10 60 45 24 100 5 45 9 100 71 59 52 16 44 41 96 41 98 44 47 0 56 85 51 48 25 88 62 8 99 97 93 43 3 87 15
95 20 71 15 98 39 3 50 3 4 90 29 1 52 60 64 83 70 48 53 76 93 39 65 44 57 41 40 22 72 54 16 84 47 51 22 12 43 76 100 75 13 28 48 18 92 99 42 51 100 26 87 34 17 67 40 57 59 86 6 93 68 32 96 18 43 51 3 83 69 11 70 48 67 72 4 18 8 100 7 2 90 7 55 56 0 15 44 8 63 54 25 67 11 60 59 34 84 42 50
9 1 65 51 24 87 90 94 16 52 22 58 77 57 37 4 43 85 62 96 92 79 25 41 93 66 11 91 9 93 22 42 55 87 2 9 66 20 29 90 91 56 50 52 5 96 53 69 82 60 63 63 41 47 6 12 69 5 49 51 50 80 97 12 84 15 13 87 84 72 25 33 56 46 21 60 68 25 26 81 14 22 42 31 85 15 0 36 87 10 59 43 18 17 78 53 80 9 26 25
26 43 73 45 37 48 60 32 60 51 15 7 40 32 41 98 51 54 12 12 2 64 68 38 96 11 71 5 73 31 83 7 91 36 62 55 93 22 82 95 38 41 68 29 57 49 25 86 21 95 49 59 67 53 2 9 44 73 7 1 77 19 45 96 80 29 88 36 39 52 54 33 98 13 73 98 4 38 49 63 37 89 21 50 51 44 36 0 71 35 54 53 70 56 10 42 3 49 97 72
93 24 22 16 81 16 20 16 99 3 48 35 24 71 80 89 11 46 71 100 72 90 19 96 1 22 54 90 22 67 88 59 54 49 9 75 82 87 77 51 6 5 69 38 93 45 86 4 50 85 64 48 92 96 31 8 66 57 60 96 26 95 60 92 99 72 63 54 1 37 22 86 6 60 47 59 14 100 49 20 58 18 64 86 48 8 87 71 0 43 39 75 68 23 22 42 16 82 9 93
67 46 96 75 65 38 39 56 50 22 23 99 23 15 15 35 94 21 20 29 69 55 54 30 34 23 58 89 58 34 51 85 66 34 65 87 42 61 75 4 56 4 1 37 90 71 94 91 48 56 81 84 37 58 29 79 73 9 39 49 95 14 69 41 57 87 58 91 94 82 92 74 49 76 84 84 93 93 100 21 37 1 18 65 25 63 10 35 43 0 72 97 85 65 41 8 51 78 38 42
47 32 98 83 59 14 74 85 76 90 84 47 98 65 30 91 33 75 10 89 70 72 55 57 8 68 45 19 79 86 14 37 1 85 87 67 3 16 46 94 61 72 16 6 3 1 31 25 72 1 28 24 30 14 64 29 38 24 72 69 83 73 31 90 4 40 97 61 97 45 94 62 44 53 87 10 59 53 46 84 79 55 62 63 88 54 59 54 39 72 0 5 98 48 69 4 29 35 74 59
68 95 15 51 35 76 88 3 75 32 68 31 11 47 36 93 32 17 19 2 44 36 9 4 85 78 6 29 65 78 35 71 76 58 89 30 46 93 100 69 26 73 70 1 49 100 70 12 81 4 21 40 40 79 83 20 45 90 19 41 92 20 49 2 54 40 29 82 74 36 55 72 18 69 28 87 42 11 45 48 32 66 3 72 62 25 43 53 75 97 5 0 78 83 45 15 34 1 50 8
50 41 3 6 31 50 90 17 10 37 22 6 88 52 43 18 34 71 15 2 29 36 70 24 70 31 85 22 62 80 19 46 39 30 65 22 90 30 76 11 30 13 50 79 9 80 34 82 33 88 78 48 70 25 59 50 21 45 61 86 23 43 1 65 55 3 25 22 98 39 30 3 56 89 71 63 59 88 1 4 47 23 28 49 8 67 18 70 68 85 98 78 0 15 14 81 91 99 87 16
81 62 24 60 39 29 77 71 32 39 24 70 13 38 5 61 96 15 61 66 45 61 29 99 82 100 29 38 91 95 31 22 44 73 98 40 73 57 77 98 2 83 58 85 51 89 48 83 9 51 83 21 48 22 57 22 15 62 72 41 15 16 42 47 86 48 2 94 2 20 60 87 84 5 95 17 77 15 17 13 22 70 51 21 99 11 17 56 23 65 48 83 15 0 49 6 27 59 5 38
33 62 18 53 5 38 89 86 38 78 27 42 99 46 24 64 68 15 36 18 14 56 5 17 23 29 36 40 36 19 36 49 5 83 99 68 55 60 23 15 40 10 28 79 94 82 36 33 20 9 35 45 59 52 48 33 46 77 1 25 41 38 68 30 9 78 31 81 14 60 46 88 89 40 81 83 87 3 76 93 21 82 3 91 97 60 78 10 22 41 69 45 14 49 0 32 42 75 1 60
66 13 84 69 77 8 77 7 11 19 67 15 70 44 54 24 25 66 87 87 9 84 9 15 84 61 98 51 95 15 95 66 96 89 55 55 93 88 91 15 40 81 42 23 77 71 63 21 72 63 36 10 14 53 2 36 30 60 100 49 67 94 47 62 32 76 63 82 33 14 26 18 56 60 93 98 94 81 9 70 33 43 67 97 93 59 53 42 42 8 4 15 81 6 32 0 32 99 69 89
77 45 24 11 57 50 23 36 77 74 73 23 89 46 78 73 6 57 40 18 46 82 72 76 25 58 6 82 46 87 20 46 93 82 64 20 26 44 18 60 12 1 5 80 6 9 17 28 72 63 45 90 12 94 56 46 11 72 27 39 71 20 68 52 93 83 50 27 77 84 80 20 51 68 51 99 8 71 97 61 12 56 69 12 43 34 80 3 16 51 29 34 91 27 42 32 0 17 83 40
42 4 34 60 22 65 4 42 42 27 16 36 100 46 1 39 22 53 13 97 94 69 39 73 11 69 94 26 91 43 52 1 37 36 19 33 34 25 34 14 17 33 17 26 70 4 85 68 19 55 96 99 44 60 13 70 5 49 38 29 76 42 41 41 48 29 5 58 1 11 16 41 32 59 17 87 27 64 64 14 81 17 24 63 3 84 9 49 82 78 35 1 99 59 75 99 17 0 37 4
56 64 26 63 79 98 10 1 52 88 72 54 17 26 41 82 71 37 56 16 59 37 11 56 66 5 13 55 43 60 88 61 86 23 18 32 77 73 11 64 52 24 99 42 62 70 81 39 98 49 98 51 12 60 14 83 71 97 46 84 57 15 24 43 31 70 48 20 83 78 43 71 6 81 41 52 71 70 8 93 58 34 35 96 87 42 26 97 9 38 74 50 87 5 1 69 83 37 0 33
28 93 21 76 32 47 37 46 56 95 67 47 44 11 65 83 95 70 51 41 72 33 45 79 47 98 12 59 25 50 91 84 36 54 1 31 90 91 95 95 40 99 49 99 91 61 47 54 43 73 39 85 10 53 98 12 60 36 56 40 90 78 26 50 69 46 93 35 38 88 90 84 96 24 40 99 57 77 35 34 41 22 78 28 15 50 25 72 93 42 59 8 16 38 60 89 40 4 33 0
