100
10
0 40 8 6 60 99 61 66 13 84 68 85 40 24 86 54 77 40 86 29 97 87 30 8 52 5 3 66 61 96 69 1 83 31 8 21 18 60 28 71 8 66 16 63 16 24 13 15 50 8 65 76 3 55 9 22 65 13 72 38 98 1 93 24 47 82 50 63 86 30 30 3 59 55 21 22 4 58 77 19 76 74 15 41 22 83 15 92 19 17 93 50 7 25 43 93 18 19 16 91
40 0 14 68 13 61 47 47 24 94 43 66 40 49 58 95 94 21 96 52 38 40 12 7 79 4 84 15 71 64 38 53 54 54 21 72 36 73 63 54 38 42 18 18 75 9 27 57 51 72 73 17 68 64 25 69 30 1 15 70 85 24 35 74 28 15 77 22 46 6 79 62 55 36 86 44 11 21 87 4 91 34 78 54 37 28 36 76 67 26 80 11 89 39 13 44 31 52 51 20
8 14 0 13 28 40 21 6 69 70 12 50 79 67 75 81 82 67 29 17 85 77 71 81 70 73 74 50 9 95 72 96 7 94 65 64 82 73 24 4 13 51 31 37 32 40 57 36 41 70 34 11 64 79 26 62 84 85 31 82 53 41 94 93 6 79 34 18 78 92 54 44 71 6 56 31 53 60 3 46 71 57 11 6 52 6 48 36 4 77 46 82 15 51 31 95 47 37 56 72
6 68 13 0 68 75 46 54 25 59 35 71 1 36 31 24 91 6 70 59 96 6 37 93 80 62 23 69 3 77 89 27 21 32 34 17 89 58 42 5 64 32 66 91 56 79 85 41 67 16 13 1 81 48 35 50 78 14 23 30 2 81 97 6 98 13 62 63 1 61 80 79 70 94 68 37 84 69 35 84 74 22 95 44 66 11 63 75 8 51 22 71 29 94 42 10 65 84 64 17
60 13 28 68 0 66 100 35 25 7 33 13 93 39 24 92 23 8 25 5 68 12 54 100 28 64 47 14 35 80 66 96 87 25 61 14 46 78 64 91 28 52 50 41 40 58 69 89 66 51 64 17 81 81 40 76 31 56 59 32 35 27 87 24 27 44 68 68 8 2 39 19 46 48 48 17 31 62 54 87 5 71 49 76 3 39 8 69 44 22 94 24 80 25 30 32 7 25 18 36
99 61 40 75 66 0 79 72 64 45 55 68 92 26 40 80 22 3 15 99 97 50 63 88 49 33 73 86 23 44 90 83 12 46 53 60 8 9 25 13 53 89 73 93 94 77 14 7 6 62 79 98 55 3 67 74 77 71 44 94 85 35 95 25 89 86 66 23 73 30 36 11 45 67 36 98 79 86 27 84 14 54 50 67 99 7 57 38 20 92 40 81 99 22 1 23 56 95 3 66
61 47 21 46 100 79 0 71 22 73 83 80 72 41 67 32 21 4 58 3 9 36 43 96 75 67 18 28 26 71 15 5 73 59 24 10 84 67 27 21 53 94 16 75 19 69 89 44 91 64 44 53 40 74 41 39 67 21 51 32 100 10 44 36 12 15 35 57 13 100 25 16 80 46 10 33 45 100 24 35 82 25 53 42 36 30 37 86 27 11 26 49 81 64 100 23 89 52 16 70
66 47 6 54 35 72 71 0 31 53 69 45 24 39 22 80 70 58 92 51 56 16 15 28 34 14 15 12 29 89 29 59 89 61 90 22 99 29 90 18 11 35 67 47 75 61 65 98 99 43 82 28 92 10 26 39 50 2 16 44 23 32 17 19 14 8 53 2 23 2 4 80 78 38 6 29 73 27 75 56 3 32 95 10 15 6 8 14 67 14 17 65 80 96 42 2 99 9 83 13
13 24 69 25 25 64 22 31 0 97 1 15 27 12 23 72 29 42 1 68 44 67 44 93 67 40 81 83 66 87 25 71 42 36 51 40 68 95 49 55 79 20 74 99 45 51 37 78 75 41 43 59 88 58 45 10 57 86 82 54 97 7 15 87 34 22 50 9 74 73 94 94 93 51 43 87 98 88 27 37 84 91 87 16 57 85 69 71 52 76 54 70 51 95 41 4 53 8 58 18
84 94 70 59 7 45 73 53 97 0 22 15 2 73 63 83 46 74 7 82 70 63 92 86 69 6 79 68 23 91 44 8 71 61 47 94 83 44 43 65 4 88 10 41 3 33 11 78 64 89 4 49 75 86 12 60 83 34 90 58 91 75 2 9 59 70 54 29 98 45 91 95 81 78 19 86 43 63 81 40 87 33 30 55 36 63 22 78 81 2 29 79 44 72 42 61 11 85 49 84
68 43 12 35 33 55 83 69 1 22 0 31 93 41 2 98 27 10 65 7 96 19 76 22 40 67 46 69 100 36 78 91 53 74 33 82 68 11 53 93 78 63 79 72 47 19 18 68 7 2 88 55 52 83 39 12 67 54 46 36 98 98 17 35 16 72 21 30 36 36 57 86 22 20 38 16 58 50 7 46 26 78 2 61 22 50 84 60 4 59 85 94 84 27 84 2 42 97 18 9
85 66 50 71 13 68 80 45 15 15 31 0 56 89 66 55 91 74 83 87 81 84 60 12 69 18 71 31 37 83 33 33 30 44 39 87 99 74 76 89 73 62 14 56 51 29 56 19 86 29 73 61 85 99 17 39 1 15 45 92 66 82 34 75 83 42 25 36 91 16 13 57 92 89 97 70 73 67 32 74 20 97 20 95 15 56 39 99 84 84 12 77 76 7 84 67 1 30 41 75
40 40 79 1 93 92 72 24 27 2 93 56 0 52 83 29 17 1 56 60 99 55 65 9 30 81 9 12 99 57 4 40 19 93 2 1 11 24 81 12 94 17 1 63 82 11 49 68 32 80 78 46 19 24 31 81 59 32 57 16 18 1 26 98 77 30 35 35 33 48 80 33 35 16 71 36 86 1 31 25 36 28 3 71 50 22 52 67 23 58 89 98 3 7 60 51 90 90 17 1
24 49 67 36 39 26 41 39 12 73 41 89 52 0 78 69 65 51 62 52 64 26 22 95 2 43 19 11 54 25 13 17 25 97 94 94 84 49 15 68 67 22 99 6 9 89 33 19 50 63 9 63 32 8 57 10 82 32 56 52 4 69 46 100 55 88 29 81 2 15 71 24 32 1 85 80 44 15 43 54 40 63 10 24 43 93 77 68 72 41 65 18 26 99 3 14 19 99 12 96
86 58 75 31 24 40 67 22 23 63 2 66 83 78 0 71 97 92 51 50 88 37 34 54 69 1 94 79 78 85 35 35 76 49 69 88 78 19 50 93 52 68 38 81 100 5 45 24 68 28 69 3 18 58 43 5 91 12 19 75 66 79 72 61 15 37 84 6 19 24 38 91 86 69 22 95 89 3 19 93 9 38 2 4 75 80 35 58 28 5 79 25 56 15 93 42 88 8 52 1
54 95 81 24 92 80 32 80 72 83 98 55 29 69 71 0 55 86 1 34 73 78 2 89 28 81 56 91 63 59 69 88 35 22 99 38 35 84 16 98 33 75 9 3 30 99 18 11 45 7 86 89 2 6 64 75 49 73 58 19 27 27 87 20 85 53 45 70 51 79 83 97 62 47 89 30 69 14 59 35 82 3 92 30 55 52 85 6 49 25 23 99 96 70 20 23 79 49 78 11
77 94 82 91 23 22 21 70 29 46 27 91 17 65 97 55 0 67 90 56 39 13 69 6 35 59 21 72 57 5 94 80 36 22 4 6 78 4 23 100 19 39 73 11 4 82 61 72 98 77 88 34 64 26 90 30 28 37 96 25 30 90 88 43 57 63 29 43 28 65 75 63 25 32 49 64 82 85 90 64 38 38 12 3 50 98 47 15 73 19 97 58 89 49 28 14 44 6 93 16
40 21 67 6 8 3 4 58 42 74 10 74 1 51 92 86 67 0 30 88 55 9 57 79 32 90 23 69 15 59 30 88 20 98 62 21 58 7 65 99 15 79 49 63 27 60 19 99 57 25 73 38 25 69 57 33 4 52 74 54 18 76 79 32 8 75 26 58 6 73 65 41 87 5 68 50 60 19 88 62 53 61 76 87 27 54 86 23 89 83 24 34 17 42 50 62 53 39 75 42
86 96 29 70 25 15 58 92 1 7 65 83 56 62 51 1 90 30 0 35 6 46 16 97 74 34 99 55 54 36 57 42 45 85 62 99 36 57 11 3 7 70 91 57 34 83 72 53 59 37 11 95 97 27 72 18 55 19 1 56 74 77 55 8 23 56 27 33 13 40 100 94 50 22 57 5 73 67 22 25 65 37 63 6 4 82 18 71 69 59 50 40 79 92 12 60 22 48 62 35
29 52 17 59 5 99 3 51 68 82 7 87 60 52 50 34 56 88 35 0 21 11 100 56 30 13 81 15 63 76 96 4 56 1 83 47 36 40 100 98 18 14 76 89 72 59 63 58 47 30 25 99 29 52 84 9 6 99 57 34 99 21 63 23 11 55 78 99 20 50 45 10 45 53 94 36 56 23 89 26 39 97 35 71 76 86 84 6 76 90 34 25 58 47 71 28 54 14 14 57
97 38 85 96 68 97 9 56 44 70 96 81 99 64 88 73 39 55 6 21 0 19 18 3 100 53 97 19 73 74 96 82 65 44 11 4 25 41 2 86 49 21 49 36 15 47 52 99 97 12 22 19 35 25 85 96 100 92 40 74 10 61 30 9 90 14 39 8 67 28 25 60 78 25 93 21 50 45 4 1 22 50 71 10 23 44 26 60 20 67 4 20 62 48 35 35 32 57 98 39
87 40 77 6 12 50 36 16 67 63 19 84 55 26 37 78 13 9 46 11 19 0 32 27 21 81 22 59 66 37 57 95 7 21 75 3 1 12 92 9 51 39 26 27 94 91 39 44 1 99 20 99 35 10 58 7 62 23 72 54 13 73 55 47 68 32 39 58 81 74 62 96 7 53 68 98 73 91 19 51 68 56 62 77 31 38 63 21 79 67 53 48 69 4 32 86 65 93 38 13
30 12 71 37 54 63 43 15 44 92 76 60 65 22 34 2 69 57 16 100 18 32 0 58 54 88 52 83 99 94 84 9 95 45 14 90 60 9 26 21 73 37 12 79 69 7 21 35 48 45 33 59 85 22 63 31 19 33 63 47 69 88 65 23 12 30 41 88 91 78 66 54 90 67 73 41 47 59 56 97 82 98 15 67 81 77 2 40 52 9 67 84 31 63 8 23 15 99 17 12
8 7 81 93 100 88 96 28 93 86 22 12 9 95 54 89 6 79 97 56 3 27 58 0 40 2 25 24 23 65 50 31 66 19 85 53 59 47 24 8 17 45 100 63 38 30 41 25 93 96 82 71 8 74 38 80 94 58 24 50 67 36 20 76 94 78 76 87 28 70 85 14 38 6 6 4 10 69 85 17 37 8 13 73 26 39 43 71 35 85 69 76 54 5 56 9 98 88 10 93
52 79 70 80 28 49 75 34 67 69 40 69 30 2 69 28 35 32 74 30 100 21 54 40 0 88 12 4 34 90 43 41 43 21 33 64 99 9 88 99 69 3 83 11 14 47 95 36 28 61 37 53 87 57 28 43 41 20 41 63 35 73 14 29 29 61 10 52 83 57 55 63 47 26 73 45 90 2 84 50 68 76 82 27 38 14 87 78 61 20 97 50 66 76 2 22 77 14 33 97
5 4 73 62 64 33 67 14 40 6 67 18 81 43 1 81 59 90 34 13 53 81 88 2 88 0 11 72 74 50 62 83 60 74 17 77 49 56 82 70 36 13 68 61 68 89 21 12 10 40 99 85 28 75 80 96 57 36 81 88 92 81 37 80 30 31 35 64 96 86 45 68 36 93 34 69 70 2 42 28 70 49 37 52 40 8 43 88 33 59 9 35 21 95 3 34 97 3 38 11
3 84 74 23 47 73 18 15 81 79 46 71 9 19 94 56 21 23 99 81 97 22 52 25 12 11 0 29 35 16 81 17 87 78 29 74 26 81 60 95 67 32 9 10 40 69 45 31 49 21 21 13 21 90 88 49 39 96 8 86 43 62 47 15 50 10 98 41 38 2 2 61 48 75 19 98 66 73 23 58 6 87 97 28 83 19 25 85 29 30 4 21 100 73 75 12 2 7 35 86
66 15 50 69 14 86 28 12 83 68 69 31 12 11 79 91 72 69 55 15 19 59 83 24 4 72 29 0 24 40 35 9 81 56 14 49 70 32 10 90 8 25 13 21 10 57 44 58 71 49 50 97 59 3 69 25 63 24 41 78 46 91 99 84 74 93 94 94 41 64 69 85 50 75 64 48 80 37 27 58 61 11 42 5 100 59 8 29 15 33 45 99 82 59 13 76 31 14 13 95
61 71 9 3 35 23 26 29 66 23 100 37 99 54 78 63 57 15 54 63 73 66 99 23 34 74 35 24 0 15 47 39 8 69 51 78 24 23 9 96 39 24 97 86 52 74 39 68 6 77 99 99 83 95 15 49 79 75 41 10 83 6 2 30 63 75 4 69 63 3 25 32 63 73 11 15 49 66 64 82 53 42 26 84 78 88 22 83 49 61 76 28 16 78 15 21 62 18 12 96
96 64 95 77 80 44 71 89 87 91 36 83 57 25 85 59 5 59 36 76 74 37 94 65 90 50 16 40 15 0 93 5 69 48 42 3 89 89 6 19 65 95 21 13 47 67 39 63 92 13 76 64 29 53 20 96 82 35 70 88 48 40 56 95 48 92 59 89 82 5 55 68 82 17 22 33 36 46 23 2 77 42 78 46 58 24 6 58 28 66 20 23 96 29 73 28 46 75 44 65
69 38 72 89 66 90 15 29 25 44 78 33 4 13 35 69 94 30 57 96 96 57 84 50 43 62 81 35 47 93 0 99 78 74 51 37 62 66 49 65 53 31 43 8 92 41 51 18 92 70 47 34 69 90 45 84 84 33 6 40 83 32 97 6 5 3 2 8 9 86 37 14 72 84 57 56 59 24 23 91 38 74 47 64 21 4 16 65 72 29 27 56 25 50 53 49 31 14 73 52
1 53 96 27 96 83 5 59 71 8 91 33 40 17 35 88 80 88 42 4 82 95 9 31 41 83 17 9 39 5 99 0 58 7 24 37 37 47 27 28 21 34 12 45 55 13 58 51 56 71 45 33 40 69 82 99 48 31 36 29 33 71 99 91 41 78 94 36 63 37 18 1 12 77 77 36 35 76 8 100 72 42 18 70 84 89 54 25 75 55 53 97 57 26 70 92 98 80 22 8
83 54 7 21 87 12 73 89 42 71 53 30 19 25 76 35 36 20 45 56 65 7 95 66 43 60 87 81 8 69 78 58 0 38 35 2 61 62 41 85 20 25 15 17 87 100 10 91 62 19 68 56 59 22 43 27 76 84 60 1 37 79 73 14 2 69 34 23 18 91 6 36 21 49 89 42 19 31 42 68 97 24 27 93 79 39 38 5 41 19 9 38 62 48 30 51 83 95 31 70
31 54 94 32 25 46 59 61 36 61 74 44 93 97 49 22 22 98 85 1 44 21 45 19 21 74 78 56 69 48 74 7 38 0 36 72 96 64 74 15 14 84 85 15 65 96 69 52 69 74 76 100 25 20 92 83 99 66 17 69 73 54 3 96 56 10 65 88 78 84 45 36 39 41 30 51 60 39 54 75 33 72 82 59 14 52 4 75 14 30 18 30 9 40 29 19 81 93 10 90
8 21 65 34 61 53 24 90 51 47 33 39 2 94 69 99 4 62 62 83 11 75 14 85 33 17 29 14 51 42 51 24 35 36 0 17 44 68 62 8 16 27 82 17 25 6 97 30 50 9 68 100 87 28 68 29 26 10 98 62 43 18 5 69 83 40 63 56 95 41 29 86 50 2 85 40 9 69 5 54 82 13 24 21 50 35 98 31 3 3 31 45 91 12 76 91 69 36 30 26
21 72 64 17 14 60 10 22 40 94 82 87 1 94 88 38 6 21 99 47 4 3 90 53 64 77 74 49 78 3 37 37 2 72 17 0 13 20 5 28 73 9 93 23 13 88 73 17 43 30 99 10 81 60 19 96 88 79 45 45 59 43 95 38 8 37 22 26 40 83 22 59 33 6 35 85 96 93 33 22 3 21 43 23 33 60 90 61 40 66 88 99 7 14 97 29 99 28 18 19
18 36 82 89 46 8 84 99 68 83 68 99 11 84 78 35 78 58 36 36 25 1 60 59 99 49 26 70 24 89 62 37 61 96 44 13 0 43 34 89 18 75 41 27 6 12 15 75 56 13 17 56 69 43 34 92 99 55 70 14 94 31 55 80 8 66 31 87 33 6 72 10 40 52 99 65 52 54 75 33 6 29 77 65 92 79 80 67 34 68 60 66 37 4 100 95 39 58 60 57
60 73 73 58 78 9 67 29 95 44 11 74 24 49 19 84 4 7 57 40 41 12 9 47 9 56 81 32 23 89 66 47 62 64 68 20 43 0 6 43 65 53 27 56 8 31 1 78 10 85 17 80 96 96 21 8 73 94 60 56 83 24 56 37 21 22 100 16 10 73 13 94 22 15 70 47 25 88 51 96 34 28 69 95 67 40 53 39 67 30 70 32 93 100 63 46 88 60 62 64
28 63 24 42 64 25 27 90 49 43 53 76 81 15 50 16 23 65 11 100 2 92 26 24 88 82 60 10 9 6 49 27 41 74 62 5 34 6 0 23 29 50 15 32 96 93 66 80 88 55 90 67 54 55 32 94 15 25 23 85 10 48 58 70 61 3 21 64 20 33 20 40 27 5 82 17 2 10 64 98 61 55 96 35 21 37 27 34 23 50 3 78 59 7 70 60 33 58 36 39
71 54 4 5 91 13 21 18 55 65 93 89 12 68 93 98 100 99 3 98 86 9 21 8 99 70 95 90 96 19 65 28 85 15 8 28 89 43 23 0 70 82 62 61 50 5 76 15 33 81 54 88 58 57 97 45 64 38 74 16 47 53 57 5 30 4 24 95 100 68 12 32 17 79 93 21 62 97 13 6 41 52 14 13 30 87 79 10 75 61 83 53 38 6 20 26 65 79 40 67
8 38 13 64 28 53 53 11 79 4 78 73 94 67 52 33 19 15 7 18 49 51 73 17 69 36 67 8 39 65 53 21 20 14 16 73 18 65 29 70 0 94 15 90 35 64 99 48 86 85 74 84 84 64 51 28 35 98 50 95 70 96 52 15 8 63 12 26 79 28 91 63 6 100 23 55 69 70 13 12 1 40 10 3 72 26 83 92 38 20 46 35 7 64 83 90 92 91 76 49
66 42 51 32 52 89 94 35 20 88 63 62 17 22 68 75 39 79 70 14 21 39 37 45 3 13 32 25 24 95 31 34 25 84 27 9 75 53 50 82 94 0 16 72 88 71 30 11 82 23 10 74 15 53 73 19 87 39 96 49 92 17 11 16 87 95 99 51 15 32 40 68 15 54 7 47 70 69 38 1 60 10 79 86 52 83 84 8 32 73 94 63 61 6 11 38 73 69 38 51
16 18 31 66 50 73 16 67 74 10 79 14 1 99 38 9 73 49 91 76 49 26 12 100 83 68 9 13 97 21 43 12 15 85 82 93 41 27 15 62 15 16 0 30 37 99 26 28 67 72 85 81 45 4 9 33 5 28 27 89 63 89 21 36 11 98 23 40 90 6 94 33 23 35 68 88 70 12 95 43 84 45 82 89 51 87 46 7 11 54 61 88 100 40 1 76 99 24 76 71
63 18 37 91 41 93 75 47 99 41 72 56 63 6 81 3 11 63 57 89 36 27 79 63 11 61 10 21 86 13 8 45 17 15 17 23 27 56 32 61 90 72 30 0 2 43 66 55 65 34 70 47 40 71 38 35 56 67 25 6 8 66 5 30 29 24 78 56 67 86 52 62 67 9 63 34 80 53 45 12 44 73 84 22 57 70 11 39 57 20 88 84 34 94 74 89 54 62 28 32
16 75 32 56 40 94 19 75 45 3 47 51 82 9 100 30 4 27 34 72 15 94 69 38 14 68 40 10 52 47 92 55 87 65 25 13 6 8 96 50 35 88 37 2 0 59 28 93 15 92 68 20 100 28 78 86 75 78 77 74 4 41 50 100 67 9 60 6 21 40 22 33 67 42 20 37 41 2 11 84 64 62 87 75 80 75 16 71 93 50 35 37 96 57 4 34 56 70 38 92
24 9 40 79 58 77 69 61 51 33 19 29 11 89 5 99 82 60 83 59 47 91 7 30 47 89 69 57 74 67 41 13 100 96 6 88 12 31 93 5 64 71 99 43 59 0 80 73 73 22 14 69 46 26 75 60 75 70 44 51 90 36 31 81 26 73 1 5 23 33 15 49 63 89 55 46 72 11 31 6 98 10 14 85 50 68 90 62 22 92 77 51 26 27 93 40 64 47 97 68
13 27 57 85 69 14 89 65 37 11 18 56 49 33 45 18 61 19 72 63 52 39 21 41 95 21 45 44 39 39 51 58 10 69 97 73 15 1 66 76 99 30 26 66 28 80 0 3 53 85 58 4 9 58 71 68 18 67 89 12 57 56 2 15 10 43 11 53 94 79 25 3 89 35 68 19 70 94 65 7 10 94 25 94 63 22 3 6 53 23 57 88 98 48 22 22 9 98 89 89
15 57 36 41 89 7 44 98 78 78 68 19 68 19 24 11 72 99 53 58 99 44 35 25 36 12 31 58 68 63 18 51 91 52 30 17 75 78 80 15 48 11 28 55 93 73 3 0 55 71 34 91 78 62 92 74 72 9 4 74 55 28 61 12 71 25 40 9 19 61 63 36 33 47 62 99 11 41 69 77 94 10 82 5 95 79 94 48 39 27 61 46 29 24 48 20 14 68 92 8
50 51 41 67 66 6 91 99 75 64 7 86 32 50 68 45 98 57 59 47 97 1 48 93 28 10 49 71 6 92 92 56 62 69 50 43 56 10 88 33 86 82 67 65 15 73 53 55 0 99 67 52 12 14 35 62 35 30 22 80 25 14 87 35 6 90 37 96 62 100 36 100 36 62 46 60 96 52 91 11 11 5 75 25 51 7 26 25 13 99 40 85 52 12 87 45 100 76 42 24
8 72 70 16 51 62 64 43 41 89 2 29 80 63 28 7 77 25 37 30 12 99 45 96 61 40 21 49 77 13 70 71 19 74 9 30 13 85 55 81 85 23 72 34 92 22 85 71 99 0 48 74 24 78 79 73 35 28 90 15 11 10 38 18 2 57 93 80 90 35 34 90 40 52 39 53 57 5 96 8 67 41 54 5 63 74 8 82 8 44 70 28 79 73 68 89 4 69 24 50
65 73 34 13 64 79 44 82 43 4 88 73 78 9 69 86 88 73 11 25 22 20 33 82 37 99 21 50 99 76 47 45 68 76 68 99 17 17 90 54 74 10 85 70 68 14 58 34 67 48 0 63 25 30 43 97 77 69 19 37 27 68 72 86 98 1 19 45 57 42 89 92 22 89 29 85 50 40 41 82 59 64 61 46 55 82 51 35 53 61 89 3 72 22 9 48 99 98 81 98
76 17 11 1 17 98 53 28 59 49 55 61 46 63 3 89 34 38 95 99 19 99 59 71 53 85 13 97 99 64 34 33 56 100 100 10 56 80 67 88 84 74 81 47 20 69 4 91 52 74 63 0 79 45 40 4 13 29 78 20 59 35 25 93 86 40 9 31 44 64 76 38 48 90 81 19 95 19 17 88 28 57 16 64 28 6 22 77 93 96 52 54 13 26 11 68 80 37 52 44
3 68 64 81 81 55 40 92 88 75 52 85 19 32 18 2 64 25 97 29 35 35 85 8 87 28 21 59 83 29 69 40 59 25 87 81 69 96 54 58 84 15 45 40 100 46 9 78 12 24 25 79 0 76 99 41 13 17 9 98 89 13 98 67 76 87 78 25 20 100 77 27 90 7 61 13 30 25 83 50 20 56 19 32 70 61 80 83 98 30 97 14 4 60 88 37 90 47 18 50
55 64 79 48 81 3 74 10 58 86 83 99 24 8 58 6 26 69 27 52 25 10 22 74 57 75 90 3 95 53 90 69 22 20 28 60 43 96 55 57 64 53 4 71 28 26 58 62 14 78 30 45 76 0 15 68 66 88 84 34 49 30 8 53 92 78 96 11 6 33 57 41 7 34 41 89 38 6 55 26 35 30 83 75 39 4 33 14 44 38 87 41 3 50 66 83 92 74 42 13
9 25 26 35 40 67 41 26 45 12 39 17 31 57 43 64 90 57 72 84 85 58 63 38 28 80 88 69 15 20 45 82 43 92 68 19 34 21 32 97 51 73 9 38 78 75 71 92 35 79 43 40 99 15 0 19 78 11 33 18 10 90 46 38 4 13 13 70 14 65 58 85 34 37 97 44 55 79 87 61 78 38 96 4 84 11 74 86 22 52 30 96 70 66 100 22 99 3 14 73
22 69 62 50 76 74 39 39 10 60 12 39 81 10 5 75 30 33 18 9 96 7 31 80 43 96 49 25 49 96 84 99 27 83 29 96 92 8 94 45 28 19 33 35 86 60 68 74 62 73 97 4 41 68 19 0 62 87 13 46 36 17 30 9 75 53 58 7 72 73 84 87 23 14 67 10 12 84 18 48 45 86 76 16 25 65 28 43 31 24 26 27 32 32 75 11 86 36 89 18
65 30 84 78 31 77 67 50 57 83 67 1 59 82 91 49 28 4 55 6 100 62 19 94 41 57 39 63 79 82 84 48 76 99 26 88 99 73 15 64 35 87 5 56 75 75 18 72 35 35 77 13 13 66 78 62 0 46 79 45 46 69 81 80 72 61 67 10 49 85 69 50 13 60 4 94 72 51 80 49 4 63 11 53 10 62 83 65 20 22 45 46 32 36 65 49 25 20 33 30
13 1 85 14 56 71 21 2 86 34 54 15 32 32 12 73 37 52 19 99 92 23 33 58 20 36 96 24 75 35 33 31 84 66 10 79 55 94 25 38 98 39 28 67 78 70 67 9 30 28 69 29 17 88 11 87 46 0 95 6 33 60 19 75 55 1 40 13 15 78 69 95 72 83 5 70 55 41 96 39 81 34 47 41 53 87 45 25 17 85 84 44 74 67 7 92 85 81 6 61
72 15 31 23 59 44 51 16 82 90 46 45 57 56 19 58 96 74 1 57 40 72 63 24 41 81 8 41 41 70 6 36 60 17 98 45 70 60 23 74 50 96 27 25 77 44 89 4 22 90 19 78 9 84 33 13 79 95 0 33 7 68 93 22 98 52 51 3 1 50 19 71 1 46 19 55 39 43 16 55 77 90 65 61 63 39 96 33 72 6 41 45 74 30 7 40 37 55 60 61
38 70 82 30 32 94 32 44 54 58 36 92 16 52 75 19 25 54 56 34 74 54 47 50 63 88 86 78 10 88 40 29 1 69 62 45 14 56 85 16 95 49 89 6 74 51 12 74 80 15 37 20 98 34 18 46 45 6 33 0 24 3 43 48 66 84 64 90 73 74 73 79 10 17 11 83 51 66 45 87 48 44 72 41 3 68 39 99 12 88 72 60 34 24 91 66 15 17 58 2
98 85 53 2 35 85 100 23 97 91 98 66 18 4 66 27 30 18 74 99 10 13 69 67 35 92 43 46 83 48 83 33 37 73 43 59 94 83 10 47 70 92 63 8 4 90 57 55 25 11 27 59 89 49 10 36 46 33 7 24 0 33 64 34 12 99 2 21 93 94 44 86 80 56 39 46 95 25 66 58 51 73 26 90 41 95 48 27 88 63 9 62 78 78 56 60 60 18 29 37
1 24 41 81 27 35 10 32 7 75 98 82 1 69 79 27 90 76 77 21 61 73 88 36 73 81 62 91 6 40 32 71 79 54 18 43 31 24 48 53 96 17 89 66 41 36 56 28 14 10 68 35 13 30 90 17 69 60 68 3 33 0 86 50 82 41 76 16 37 22 73 16 58 2 44 82 29 67 51 76 78 53 82 20 96 26 76 13 18 34 21 33 62 20 51 32 48 7 76 48
93 35 94 97 87 95 44 17 15 2 17 34 26 46 72 87 88 79 55 63 30 55 65 20 14 37 47 99 2 56 97 99 73 3 5 95 55 56 58 57 52 11 21 5 50 31 2 61 87 38 72 25 98 8 46 30 81 19 93 43 64 86 0 71 82 94 69 5 72 74 71 55 23 93 69 31 65 99 70 1 60 58 25 14 100 72 80 63 100 31 89 61 5 59 4 70 19 86 94 76
24 74 93 6 24 25 36 19 87 9 35 75 98 100 61 20 43 32 8 23 9 47 23 76 29 80 15 84 30 95 6 91 14 96 69 38 80 37 70 5 15 16 36 30 100 81 15 12 35 18 86 93 67 53 38 9 80 75 22 48 34 50 71 0 88 17 37 46 22 71 41 28 64 87 83 94 9 14 45 14 85 45 79 91 94 12 63 5 30 74 42 27 4 71 84 97 99 93 24 6
47 28 6 98 27 89 12 14 34 59 16 83 77 55 15 85 57 8 23 11 90 68 12 94 29 30 50 74 63 48 5 41 2 56 83 8 8 21 61 30 8 87 11 29 67 26 10 71 6 2 98 86 76 92 4 75 72 55 98 66 12 82 82 88 0 77 30 53 36 10 55 67 38 1 12 31 88 34 9 80 79 66 45 66 90 88 67 50 86 59 65 38 29 26 6 21 100 19 71 1
82 15 79 13 44 86 15 8 22 70 72 42 30 88 37 53 63 75 56 55 14 32 30 78 61 31 10 93 75 92 3 78 69 10 40 37 66 22 3 4 63 95 98 24 9 73 43 25 90 57 1 40 87 78 13 53 61 1 52 84 99 41 94 17 77 0 72 64 25 2 86 29 16 26 20 93 78 9 25 47 85 49 61 4 85 83 53 35 48 43 56 79 77 77 2 14 6 100 36 34
50 77 34 62 68 66 35 53 50 54 21 25 35 29 84 45 29 26 27 78 39 39 41 76 10 35 98 94 4 59 2 94 34 65 63 22 31 100 21 24 12 99 23 78 60 1 11 40 37 93 19 9 78 96 13 58 67 40 51 64 2 76 69 37 30 72 0 6 27 92 53 73 79 28 11 95 88 92 49 47 89 56 58 40 51 9 94 85 6 71 25 59 82 15 56 85 27 92 34 40
63 22 18 63 68 23 57 2 9 29 30 36 35 81 6 70 43 58 33 99 8 58 88 87 52 64 41 94 69 89 8 36 23 88 56 26 87 16 64 95 26 51 40 56 6 5 53 9 96 80 45 31 25 11 70 7 10 13 3 90 21 16 5 46 53 64 6 0 87 54 19 17 31 36 32 41 97 56 24 16 75 19 93 11 51 7 13 46 20 98 2 77 80 54 49 11 46 47 5 70
86 46 78 1 8 73 13 23 74 98 36 91 33 2 19 51 28 6 13 20 67 81 91 28 83 96 38 41 63 82 9 63 18 78 95 40 33 10 20 100 79 15 90 67 21 23 94 19 62 90 57 44 20 6 14 72 49 15 1 73 93 37 72 22 36 25 27 87 0 53 85 35 1 11 76 25 68 70 45 36 16 39 61 26 70 27 34 22 12 59 11 81 5 28 96 49 6 88 56 98
30 6 92 61 2 30 100 2 73 45 36 16 48 15 24 79 65 73 40 50 28 74 78 70 57 86 2 64 3 5 86 37 91 84 41 83 6 73 33 68 28 32 6 86 40 33 79 61 100 35 42 64 100 33 65 73 85 78 50 74 94 22 74 71 10 2 92 54 53 0 88 15 46 82 1 68 91 78 55 3 90 65 31 24 48 94 46 68 13 33 69 56 63 56 9 98 3 73 45 61
30 79 54 80 39 36 25 4 94 91 57 13 80 71 38 83 75 65 100 45 25 62 66 85 55 45 2 69 25 55 37 18 6 45 29 22 72 13 20 12 91 40 94 52 22 15 25 63 36 34 89 76 77 57 58 84 69 69 19 73 44 73 71 41 55 86 53 19 85 88 0 39 70 89 22 58 58 98 30 25 16 78 25 94 12 2 86 32 45 60 20 56 76 99 21 94 24 91 75 86
3 62 44 79 19 11 16 80 94 95 86 57 33 24 91 97 63 41 94 10 60 96 54 14 63 68 61 85 32 68 14 1 36 36 86 59 10 94 40 32 63 68 33 62 33 49 3 36 100 90 92 38 27 41 85 87 50 95 71 79 86 16 55 28 67 29 73 17 35 15 39 0 71 42 43 79 93 60 64 49 66 54 9 24 2 2 81 39 89 36 97 45 32 3 63 31 66 4 67 42
59 55 71 70 46 45 80 78 93 81 22 92 35 32 86 62 25 87 50 45 78 7 90 38 47 36 48 50 63 82 72 12 21 39 50 33 40 22 27 17 6 15 23 67 67 63 89 33 36 40 22 48 90 7 34 23 13 72 1 10 80 58 23 64 38 16 79 31 1 46 70 71 0 67 7 65 43 84 45 25 15 11 81 38 29 77 29 98 55 72 20 21 28 26 42 86 48 23 28 97
55 36 6 94 48 67 46 38 51 78 20 89 16 1 69 47 32 5 22 53 25 53 67 6 26 93 75 75 73 17 84 77 49 41 2 6 52 15 5 79 100 54 35 9 42 89 35 47 62 52 89 90 7 34 37 14 60 83 46 17 56 2 93 87 1 26 28 36 11 82 89 42 67 0 14 12 98 98 93 57 78 75 14 96 28 8 55 35 97 49 56 78 49 74 20 32 100 45 28 14
21 86 56 68 48 36 10 6 43 19 38 97 71 85 22 89 49 68 57 94 93 68 73 6 73 34 19 64 11 22 57 77 89 30 85 35 99 70 82 93 23 7 68 63 20 55 68 62 46 39 29 81 61 41 97 67 4 5 19 11 39 44 69 83 12 20 11 32 76 1 22 43 7 14 0 65 45 54 91 82 20 66 65 90 91 41 82 80 20 23 60 47 18 98 90 20 84 21 63 27
22 44 31 37 17 98 33 29 87 86 16 70 36 80 95 30 64 50 5 36 21 98 41 4 45 69 98 48 15 33 56 36 42 51 40 85 65 47 17 21 55 47 88 34 37 46 19 99 60 53 85 19 13 89 44 10 94 70 55 83 46 82 31 94 31 93 95 41 25 68 58 79 65 12 65 0 77 32 89 68 86 14 37 58 14 16 29 43 50 8 38 70 24 10 15 81 78 72 7 58
4 11 53 84 31 79 45 73 98 43 58 73 86 44 89 69 82 60 73 56 50 73 47 10 90 70 66 80 49 36 59 35 19 60 9 96 52 25 2 62 69 70 70 80 41 72 70 11 96 57 50 95 30 38 55 12 72 55 39 51 95 29 65 9 88 78 88 97 68 91 58 93 43 98 45 77 0 95 11 18 27 12 96 25 27 59 97 12 55 5 28 39 22 54 84 60 14 93 89 90
58 21 60 69 62 86 100 27 88 63 50 67 1 15 3 14 85 19 67 23 45 91 59 69 2 2 73 37 66 46 24 76 31 39 69 93 54 88 10 97 70 69 12 53 2 11 94 41 52 5 40 19 25 6 79 84 51 41 43 66 25 67 99 14 34 9 92 56 70 78 98 60 84 98 54 32 95 0 31 43 47 51 16 45 2 80 27 32 64 34 42 66 74 53 49 75 57 63 65 72
77 87 3 35 54 27 24 75 27 81 7 32 31 43 19 59 90 88 22 89 4 19 56 85 84 42 23 27 64 23 23 8 42 54 5 33 75 51 64 13 13 38 95 45 11 31 65 69 91 96 41 17 83 55 87 18 80 96 16 45 66 51 70 45 9 25 49 24 45 55 30 64 45 93 91 89 11 31 0 89 9 36 15 1 12 31 25 83 61 31 77 86 59 22 74 59 31 63 44 18
19 4 46 84 87 84 35 56 37 40 46 74 25 54 93 35 64 62 25 26 1 51 97 17 50 28 58 58 82 2 91 100 68 75 54 22 33 96 98 6 12 1 43 12 84 6 7 77 11 8 82 88 50 26 61 48 49 39 55 87 58 76 1 14 80 47 47 16 36 3 25 49 25 57 82 68 18 43 89 0 19 44 48 36 2 23 63 36 31 39 15 81 96 84 5 19 80 48 40 57
76 91 71 74 5 14 82 3 84 87 26 20 36 40 9 82 38 53 65 39 22 68 82 37 68 70 6 61 53 77 38 72 97 33 82 3 6 34 61 41 1 60 84 44 64 98 10 94 11 67 59 28 20 35 78 45 4 81 77 48 51 78 60 85 79 85 89 75 16 90 16 66 15 78 20 86 27 47 9 19 0 40 43 47 4 78 30 66 81 46 11 97 95 62 13 49 23 69 90 43
74 34 57 22 71 54 25 32 91 33 78 97 28 63 38 3 38 61 37 97 50 56 98 8 76 49 87 11 42 42 74 42 24 72 13 21 29 28 55 52 40 10 45 73 62 10 94 10 5 41 64 57 56 30 38 86 63 34 90 44 73 53 58 45 66 49 56 19 39 65 78 54 11 75 66 14 12 51 36 44 40 0 5 89 23 25 81 64 8 46 95 37 16 56 54 98 42 52 29 84
15 78 11 95 49 50 53 95 87 30 2 20 3 10 2 92 12 76 63 35 71 62 15 13 82 37 97 42 26 78 47 18 27 82 24 43 77 69 96 14 10 79 82 84 87 14 25 82 75 54 61 16 19 83 96 76 11 47 65 72 26 82 25 79 45 61 58 93 61 31 25 9 81 14 65 37 96 16 15 48 43 5 0 98 39 42 90 74 70 2 35 24 66 35 19 37 12 97 27 40
41 54 6 44 76 67 42 10 16 55 61 95 71 24 4 30 3 87 6 71 10 77 67 73 27 52 28 5 84 46 64 70 93 59 21 23 65 95 35 13 3 86 89 22 75 85 94 5 25 5 46 64 32 75 4 16 53 41 61 41 90 20 14 91 66 4 40 11 26 24 94 24 38 96 90 58 25 45 1 36 47 89 98 0 92 52 57 46 27 7 98 25 61 70 66 94 2 23 66 18
22 37 52 66 3 99 36 15 57 36 22 15 50 43 75 55 50 27 4 76 23 31 81 26 38 40 83 100 78 58 21 84 79 14 50 33 92 67 21 30 72 52 51 57 80 50 63 95 51 63 55 28 70 39 84 25 10 53 63 3 41 96 100 94 90 85 51 51 70 48 12 2 29 28 91 14 27 2 12 2 4 23 39 92 0 6 95 56 18 72 92 81 52 25 22 59 96 39 39 34
83 28 6 11 39 7 30 6 85 63 50 56 22 93 80 52 98 54 82 86 44 38 77 39 14 8 19 59 88 24 4 89 39 52 35 60 79 40 37 87 26 83 87 70 75 68 22 79 7 74 82 6 61 4 11 65 62 87 39 68 95 26 72 12 88 83 9 7 27 94 2 2 77 8 41 16 59 80 31 23 78 25 42 52 6 0 60 22 3 29 91 13 29 84 60 38 78 23 57 20
15 36 48 63 8 57 37 8 69 22 84 39 52 77 35 85 47 86 18 84 26 63 2 43 87 43 25 8 22 6 16 54 38 4 98 90 80 53 27 79 83 84 46 11 16 90 3 94 26 8 51 22 80 33 74 28 83 45 96 39 48 76 80 63 67 53 94 13 34 46 86 81 29 55 82 29 97 27 25 63 30 81 90 57 95 60 0 86 67 33 57 92 24 75 17 51 37 32 76 75
92 76 36 75 69 38 86 14 71 78 60 99 67 68 58 6 15 23 71 6 60 21 40 71 78 88 85 29 83 58 65 25 5 75 31 61 67 39 34 10 92 8 7 39 71 62 6 48 25 82 35 77 83 14 86 43 65 25 33 99 27 13 63 5 50 35 85 46 22 68 32 39 98 35 80 43 12 32 83 36 66 64 74 46 56 22 86 0 20 56 3 35 76 76 56 6 4 77 55 92
19 67 4 8 44 20 27 67 52 81 4 84 23 72 28 49 73 89 69 76 20 79 52 35 61 33 29 15 49 28 72 75 41 14 3 40 34 67 23 75 38 32 11 57 93 22 53 39 13 8 53 93 98 44 22 31 20 17 72 12 88 18 100 30 86 48 6 20 12 13 45 89 55 97 20 50 55 64 61 31 81 8 70 27 18 3 67 20 0 10 54 83 75 34 85 45 17 82 88 71
17 26 77 51 22 92 11 14 76 2 59 84 58 41 5 25 19 83 59 90 67 67 9 85 20 59 30 33 61 66 29 55 19 30 3 66 68 30 50 61 20 73 54 20 50 92 23 27 99 44 61 96 30 38 52 24 22 85 6 88 63 34 31 74 59 43 71 98 59 33 60 36 72 49 23 8 5 34 31 39 46 46 2 7 72 29 33 56 10 0 98 56 87 73 93 92 81 31 77 97
93 80 46 22 94 40 26 17 54 29 85 12 89 65 79 23 97 24 50 34 4 53 67 69 97 9 4 45 76 20 27 53 9 18 31 88 60 70 3 83 46 94 61 88 35 77 57 61 40 70 89 52 97 87 30 26 45 84 41 72 9 21 89 42 65 56 25 2 11 69 20 97 20 56 60 38 28 42 77 15 11 95 35 98 92 91 57 3 54 98 0 94 41 51 51 3 15 76 48 89
50 11 82 71 24 81 49 65 70 79 94 77 98 18 25 99 58 34 40 25 20 48 84 76 50 35 21 99 28 23 56 97 38 30 45 99 66 32 78 53 35 63 88 84 37 51 88 46 85 28 3 54 14 41 96 27 46 44 45 60 62 33 61 27 38 79 59 77 81 56 56 45 21 78 47 70 39 66 86 81 97 37 24 25 81 13 92 35 83 56 94 0 17 74 95 44 10 63 19 97
7 89 15 29 80 99 81 80 51 44 84 76 3 26 56 96 89 17 79 58 62 69 31 54 66 21 100 82 16 96 25 57 62 9 91 7 37 93 59 38 7 61 100 34 96 26 98 29 52 79 72 13 4 3 70 32 32 74 74 34 78 62 5 4 29 77 82 80 5 63 76 32 28 49 18 24 22 74 59 96 95 16 66 61 52 29 24 76 75 87 41 17 0 37 55 57 28 65 34 20
25 39 51 94 25 22 64 96 95 72 27 7 7 99 15 70 49 42 92 47 48 4 63 5 76 95 73 59 78 29 50 26 48 40 12 14 4 100 7 6 64 6 40 94 57 27 48 24 12 73 22 26 60 50 66 32 36 67 30 24 78 20 59 71 26 77 15 54 28 56 99 3 26 74 98 10 54 53 22 84 62 56 35 70 25 84 75 76 34 73 51 74 37 0 7 100 92 85 52 64
43 13 31 42 30 1 100 42 41 42 84 84 60 3 93 20 28 50 12 71 35 32 8 56 2 3 75 13 15 73 53 70 30 29 76 97 100 63 70 20 83 11 1 74 4 93 22 48 87 68 9 11 88 66 100 75 65 7 7 91 56 51 4 84 6 2 56 49 96 9 21 63 42 20 90 15 84 49 74 5 13 54 19 66 22 60 17 56 85 93 51 95 55 7 0 11 99 90 84 47
93 44 95 10 32 23 23 2 4 61 2 67 51 14 42 23 14 62 60 28 35 86 23 9 22 34 12 76 21 28 49 92 51 19 91 29 95 46 60 26 90 38 76 89 34 40 22 20 45 89 48 68 37 83 22 11 49 92 40 66 60 32 70 97 21 14 85 11 49 98 94 31 86 32 20 81 60 75 59 19 49 98 37 94 59 38 51 6 45 92 3 44 57 100 11 0 87 11 55 21
18 31 47 65 7 56 89 99 53 11 42 1 90 19 88 79 44 53 22 54 32 65 15 98 77 97 2 31 62 46 31 98 83 81 69 99 39 88 33 65 92 73 99 54 56 64 9 14 100 4 99 80 90 92 99 86 25 85 37 15 60 48 19 99 100 6 27 46 6 3 24 66 48 100 84 78 14 57 31 80 23 42 12 2 96 78 37 4 17 81 15 10 28 92 99 87 0 10 54 1
19 52 37 84 25 95 52 9 8 85 97 30 90 99 8 49 6 39 48 14 57 93 99 88 14 3 7 14 18 75 14 80 95 93 36 28 58 60 58 79 91 69 24 62 70 47 98 68 76 69 98 37 47 74 3 36 20 81 55 17 18 7 86 93 19 100 92 47 88 73 91 4 23 45 21 72 93 63 63 48 69 52 97 23 39 23 32 77 82 31 76 63 65 85 90 11 10 0 36 45
16 51 56 64 18 3 16 83 58 49 18 41 17 12 52 78 93 75 62 14 98 38 17 10 33 38 35 13 12 44 73 22 31 10 30 18 60 62 36 40 76 38 76 28 38 97 89 92 42 24 81 52 18 42 14 89 33 6 60 58 29 76 94 24 71 36 34 5 56 45 75 67 28 28 63 7 89 65 44 40 90 29 27 66 39 57 76 55 88 77 48 19 34 52 84 55 54 36 0 77
91 20 72 17 36 66 70 13 18 84 9 75 1 96 1 11 16 42 35 57 39 13 12 93 97 11 86 95 96 65 52 8 70 90 26 19 57 64 39 67 49 51 71 32 92 68 89 8 24 50 98 44 50 13 73 18 30 61 61 2 37 48 76 6 1 34 40 70 98 61 86 42 97 14 27 58 90 72 18 57 43 84 40 18 34 20 75 92 71 97 89 97 20 64 47 21 1 45 77 0
