100
10
0 54 83 91 41 20 9 34 60 72 6 68 98 94 55 73 100 30 4 49 20 56 88 26 14 73 27 75 37 75 9 60 84 19 45 32 91 3 83 39 68 69 52 76 52 90 92 53 39 79 57 17 24 64 48 59 9 44 80 29 97 77 51 32 97 97 90 89 58 83 67 64 2 74 51 22 90 24 42 74 92 23 32 6 73 73 54 89 72 15 15 69 91 63 57 7 76 83 87 2
54 0 97 35 78 84 61 67 9 30 56 35 45 86 84 65 93 85 70 81 18 83 93 39 28 89 69 85 36 89 8 57 17 36 38 80 44 46 73 6 25 75 5 74 41 57 14 40 7 62 92 42 72 10 24 59 83 25 29 95 91 66 16 43 51 7 18 23 96 3 89 27 51 85 22 94 87 98 88 10 14 45 41 17 87 8 55 57 51 37 39 96 14 4 54 13 25 24 85 50
83 97 0 24 32 35 8 9 12 27 96 8 41 91 40 69 91 82 17 20 69 59 5 17 40 76 91 64 67 85 28 97 69 82 46 6 43 74 54 68 45 7 27 5 41 76 38 68 53 86 71 91 62 24 13 13 68 14 48 99 99 27 87 69 93 97 12 77 97 65 48 52 89 39 66 48 89 22 1 31 84 2 35 16 85 41 60 83 25 71 58 7 85 47 71 69 53 36 35 81
91 35 24 0 62 12 72 10 12 99 70 11 18 47 13 42 97 57 36 25 11 69 24 8 79 97 2 86 18 2 2 98 26 65 49 80 80 75 93 12 93 3 65 100 28 99 64 26 22 61 58 28 40 20 62 70 80 49 95 17 89 74 22 45 46 67 90 6 20 14 33 44 6 11 68 75 43 57 29 97 99 59 77 90 86 71 88 69 58 59 8 68 39 11 15 66 4 51 94 17
41 78 32 62 0 76 73 49 88 57 76 17 61 62 11 78 91 16 13 94 44 42 16 10 20 61 83 88 88 42 72 5 3 24 50 11 55 50 52 66 33 47 8 53 5 5 27 8 36 74 31 65 60 29 61 77 7 87 33 25 30 26 43 55 23 31 48 7 19 88 37 23 75 9 6 75 13 26 45 13 6 39 64 60 100 85 53 72 6 92 57 72 80 83 25 45 28 12 17 34
20 84 35 12 76 0 97 39 73 85 92 18 57 7 85 9 35 47 78 35 46 31 88 100 41 86 21 5 26 50 92 30 9 45 74 49 74 81 29 47 7 58 35 13 91 53 53 38 62 55 82 63 20 37 37 50 87 100 64 70 29 98 10 69 27 2 21 99 78 39 64 94 77 27 54 56 33 46 13 30 48 26 72 47 71 7 39 67 74 32 44 9 12 69 16 25 74 78 47 11
9 61 8 72 73 97 0 91 82 19 100 25 28 36 77 73 25 66 81 57 89 81 89 27 1 48 23 13 22 71 34 25 69 40 59 82 59 71 40 74 66 51 29 52 85 27 81 46 43 9 49 22 31 52 18 19 97 16 29 29 93 100 30 59 37 2 93 97 100 75 12 61 77 62 37 67 77 17 54 9 71 91 29 41 29 51 17 72 23 26 35 85 37 58 15 83 78 52 21 89
34 67 9 10 49 39 91 0 85 66 59 1 46 79 22 84 87 74 35 60 45 22 65 77 12 64 72 11 22 15 29 90 49 21 85 12 37 92 13 90 62 69 51 45 15 52 44 18 82 88 51 8 69 50 58 9 92 14 55 86 30 95 26 9 98 51 1 30 81 30 31 70 6 25 63 83 45 51 65 43 52 92 62 50 24 48 7 47 23 59 19 100 29 35 63 91 14 61 38 76
60 9 12 12 88 73 82 85 0 91 94 10 16 11 50 72 36 98 44 9 7 11 35 20 94 88 45 82 39 90 83 14 5 79 37 54 5 6 3 96 98 16 43 33 90 4 97 32 63 83 18 7 27 20 74 75 63 84 26 13 37 86 59 18 1 28 97 39 5 20 73 58 86 74 18 8 86 32 89 36 29 74 47 48 61 98 15 5 51 7 51 8 24 34 14 1 85 54 40 5
72 30 27 99 57 85 19 66 91 0 2 95 80 54 52 18 11 36 61 18 97 88 52 47 88 81 74 42 66 36 22 7 27 19 58 48 63 79 76 28 93 47 19 2 89 45 24 6 78 73 58 56 62 6 16 89 12 18 84 22 40 21 70 82 49 13 92 14 90 30 42 22 100 84 13 25 31 95 67 62 59 35 86 30 100 20 81 69 71 63 73 55 57 32 48 52 25 89 77 61
6 56 96 70 76 92 100 59 94 2 0 40 79 56 14 12 20 2 51 18 88 100 79 99 74 82 88 37 22 80 56 64 90 21 23 20 65 19 20 21 30 51 98 27 78 69 77 21 91 44 36 83 28 3 56 84 66 96 94 7 91 75 58 90 68 23 19 55 32 98 13 95 89 70 80 30 80 98 56 81 8 48 97 100 71 7 90 45 23 20 65 26 45 73 95 54 54 74 70 87
68 35 8 11 17 18 25 1 10 95 40 0 9 13 22 66 78 27 66 45 6 19 77 10 19 38 18 80 16 36 85 95 19 85 71 55 90 27 52 88 100 95 42 64 56 56 3 46 41 83 24 97 98 31 34 21 89 71 43 21 21 54 75 1 25 2 23 68 66 82 45 58 16 98 47 74 57 48 92 40 34 67 85 1 19 10 75 12 23 9 61 30 55 66 20 52 29 77 80 87
98 45 41 18 61 57 28 46 16 80 79 9 0 11 27 58 15 2 54 89 51 90 62 3 57 85 22 27 75 6 82 8 67 61 39 15 37 14 84 77 18 2 58 42 96 24 21 16 5 93 70 83 63 37 52 40 94 1 37 77 44 40 83 68 91 100 17 26 23 17 58 85 84 82 62 62 2 94 95 48 68 25 19 59 75 32 96 6 78 24 27 20 49 69 64 83 17 24 1 64
94 86 91 47 62 7 36 79 11 54 56 13 11 0 99 28 84 84 93 98 20 39 30 73 33 53 49 8 23 41 14 8 97 28 73 88 7 21 88 90 81 17 76 63 45 86 75 72 16 40 95 19 36 5 54 37 17 82 21 91 81 35 32 33 53 60 9 33 27 5 22 45 59 33 46 6 66 55 47 42 80 59 50 86 19 64 27 91 15 50 37 40 30 22 27 77 19 13 72 100
55 84 40 13 11 85 77 22 50 52 14 22 27 99 0 50 32 21 47 97 62 68 100 69 83 35 92 15 2 82 99 40 75 6 70 38 66 6 43 78 16 25 16 63 24 74 95 12 49 28 98 96 38 9 11 99 9 72 13 53 83 48 87 41 12 33 95 56 25 93 70 17 39 74 3 69 64 23 73 52 45 45 11 95 9 66 100 17 74 47 86 50 4 67 78 39 77 22 94 21
73 65 69 42 78 9 73 84 72 18 12 66 58 28 50 0 8 28 61 40 66 7 34 59 97 75 67 53 26 18 64 15 68 50 49 71 76 47 62 15 62 82 84 82 88 27 49 43 56 48 17 47 58 89 46 88 75 3 73 94 97 9 68 10 32 88 63 85 7 8 51 73 75 39 64 75 14 21 87 57 14 6 86 30 63 59 34 84 11 29 80 78 14 11 29 15 72 67 12 47
100 93 91 97 91 35 25 87 36 11 20 78 15 84 32 8 0 56 35 86 68 78 26 23 46 96 54 79 12 2 32 39 17 81 38 45 57 28 69 76 48 12 71 56 47 5 6 88 73 42 6 49 79 94 2 41 25 55 35 53 57 44 62 70 16 93 5 54 64 26 70 44 31 59 93 46 32 49 43 69 19 57 18 89 74 10 12 84 49 93 71 97 79 57 33 13 63 55 78 10
30 85 82 57 16 47 66 74 98 36 2 27 2 84 21 28 56 0 10 50 44 41 34 16 35 79 85 41 35 83 42 97 26 93 88 20 74 87 2 61 66 39 83 58 39 85 54 51 80 62 70 19 11 36 74 3 8 31 63 57 27 92 19 20 5 17 11 78 98 21 57 8 8 29 38 68 57 44 35 5 12 62 31 85 17 40 36 46 74 29 93 25 55 97 40 57 61 88 43 61
4 70 17 36 13 78 81 35 44 61 51 66 54 93 47 61 35 10 0 31 1 51 15 23 97 28 77 24 84 40 76 12 31 92 3 74 42 93 15 64 82 57 11 57 78 42 66 16 1 38 40 52 94 85 43 99 20 63 89 42 81 80 23 90 43 12 16 97 51 53 23 95 26 44 91 1 92 100 43 35 50 59 66 60 30 91 91 49 31 83 91 27 9 77 43 91 68 62 34 26
49 81 20 25 94 35 57 60 9 18 18 45 89 98 97 40 86 50 31 0 73 4 43 57 77 7 100 12 37 68 100 26 55 48 76 64 97 77 79 55 89 62 62 97 78 51 3 82 39 24 73 96 33 88 97 74 1 1 59 100 84 41 1 24 87 23 95 14 81 59 52 98 9 52 26 91 27 13 60 93 37 32 52 40 63 41 71 22 16 9 19 19 10 8 21 91 90 29 3 11
20 18 69 11 44 46 89 45 7 97 88 6 51 20 62 66 68 44 1 73 0 82 63 53 64 56 37 94 29 82 100 61 91 61 31 77 18 72 8 85 32 76 39 31 75 62 45 64 59 58 4 16 99 1 20 26 68 28 59 97 11 28 9 39 51 2 5 30 6 54 55 63 33 71 59 17 43 64 71 41 43 49 67 40 84 14 92 5 61 95 39 20 96 99 63 13 5 41 24 54
56 83 59 69 42 31 81 22 11 88 100 19 90 39 68 7 78 41 51 4 82 0 42 51 85 93 50 3 31 64 48 78 5 83 23 44 7 69 92 16 67 54 68 7 72 42 72 17 52 9 28 9 80 49 4 92 63 25 21 29 47 56 91 17 11 51 36 38 71 37 29 33 21 38 32 53 79 88 35 95 2 82 81 41 32 10 90 63 47 18 37 36 69 2 21 42 12 21 29 80
88 93 5 24 16 88 89 65 35 52 79 77 62 30 100 34 26 34 15 43 63 42 0 75 51 48 41 32 51 80 74 13 35 16 59 12 6 18 74 46 23 56 27 67 56 48 85 78 40 1 41 10 26 51 90 30 59 92 71 15 71 10 90 13 37 30 5 13 74 63 48 88 52 63 36 85 7 34 68 31 14 88 51 59 34 84 99 33 80 97 48 52 21 97 22 78 27 98 71 1
26 39 17 8 10 100 27 77 20 47 99 10 3 73 69 59 23 16 23 57 53 51 75 0 34 89 12 30 12 17 82 9 53 6 30 62 1 73 22 31 16 24 98 14 16 83 8 87 50 29 10 72 21 54 10 7 95 100 78 19 6 19 6 20 79 78 6 1 96 55 81 70 42 90 7 94 86 10 91 88 71 53 24 80 26 74 28 86 92 78 25 12 38 35 87 14 37 66 47 52
14 28 40 79 20 41 1 12 94 88 74 19 57 33 83 97 46 35 97 77 64 85 51 34 0 65 64 38 4 14 22 48 66 34 91 51 95 52 32 53 29 19 92 56 40 43 74 18 99 14 37 19 33 82 77 74 32 91 94 2 92 22 1 20 50 50 80 26 19 54 61 18 71 92 12 92 20 94 53 47 50 8 55 19 26 32 38 21 33 74 3 21 60 2 33 84 59 37 46 99
73 89 76 97 61 86 48 64 88 81 82 38 85 53 35 75 96 79 28 7 56 93 48 89 65 0 64 69 76 29 89 33 52 58 1 1 65 50 51 17 91 37 47 49 19 34 24 48 80 23 72 16 24 97 69 28 61 43 75 82 73 37 17 71 80 92 73 43 10 95 10 61 88 28 61 85 87 73 40 80 72 88 60 33 43 67 89 64 97 13 99 35 88 81 13 86 50 64 37 62
27 69 91 2 83 21 23 72 45 74 88 18 22 49 92 67 54 85 77 100 37 50 41 12 64 64 0 99 76 79 5 5 82 96 93 58 81 42 77 11 56 43 90 39 1 37 20 55 68 21 71 64 14 96 43 54 10 18 79 19 30 70 52 59 4 13 5 46 54 9 36 95 6 42 95 46 97 22 3 81 40 50 21 83 71 36 61 35 45 14 78 53 45 98 100 87 39 96 36 30
75 85 64 86 88 5 13 11 82 42 37 80 27 8 15 53 79 41 24 12 94 3 32 30 38 69 99 0 66 34 30 47 7 82 92 32 3 5 41 73 5 27 28 19 74 98 82 54 96 32 90 65 57 65 53 4 69 68 73 45 85 82 100 85 64 55 100 72 94 5 27 67 63 95 19 17 24 35 76 30 46 75 86 92 77 25 17 100 41 21 98 51 10 34 66 69 60 56 54 24
37 36 67 18 88 26 22 22 39 66 22 16 75 23 2 26 12 35 84 37 29 31 51 12 4 76 76 66 0 46 14 60 45 90 79 92 41 74 76 48 3 44 75 94 89 98 49 95 35 30 38 73 53 31 70 77 90 71 22 49 47 77 99 95 59 27 22 58 26 39 26 94 22 87 100 30 12 51 60 20 76 37 21 97 4 83 28 58 9 70 56 66 48 38 98 32 6 15 71 30
75 89 85 2 42 50 71 15 90 36 80 36 6 41 82 18 2 83 40 68 82 64 80 17 14 29 79 34 46 0 21 66 90 1 24 25 62 46 83 67 8 86 51 37 33 58 9 30 46 67 45 17 40 10 60 4 54 58 45 48 26 16 62 64 93 12 77 71 22 30 55 51 56 85 77 18 77 16 77 100 93 77 81 72 59 83 39 29 32 14 85 1 99 6 42 76 43 68 70 22
9 8 28 2 72 92 34 29 83 22 56 85 82 14 99 64 32 42 76 100 100 48 74 82 22 89 5 30 14 21 0 73 35 54 90 9 54 99 25 97 12 86 35 86 12 13 73 20 37 7 63 94 32 6 91 2 89 68 36 32 54 76 28 44 83 28 44 3 93 43 84 12 94 36 77 88 29 12 20 77 91 70 26 91 55 70 48 59 93 83 36 17 39 70 89 3 39 9 84 78
60 57 97 98 5 30 25 90 14 7 64 95 8 8 40 15 39 97 12 26 61 78 13 9 48 33 5 47 60 66 73 0 55 38 84 62 33 76 56 29 24 34 28 65 10 11 48 91 98 83 64 70 19 63 93 5 81 38 38 58 71 52 15 76 88 96 67 47 67 51 82 3 44 38 81 56 5 56 17 15 29 47 37 51 44 7 15 10 45 71 70 17 1 14 82 83 65 26 83 42
84 17 69 26 3 9 69 49 5 27 90 19 67 97 75 68 17 26 31 55 91 5 35 53 66 52 82 7 45 90 35 55 0 22 72 2 6 56 81 84 83 95 98 18 91 36 14 35 91 56 1 93 15 26 62 11 46 49 10 76 74 55 24 89 49 97 40 53 60 35 46 1 71 64 92 71 56 69 3 94 61 14 66 56 10 64 64 10 43 57 10 9 81 50 50 40 58 17 52 84
19 36 82 65 24 45 40 21 79 19 21 85 61 28 6 50 81 93 92 48 61 83 16 6 34 58 96 82 90 1 54 38 22 0 57 9 88 62 57 83 39 58 61 54 51 89 98 84 8 36 63 81 3 93 73 36 43 44 45 82 80 37 14 60 40 8 11 26 36 48 12 2 54 75 23 93 61 58 97 12 11 80 70 53 3 67 8 6 97 84 67 39 79 80 2 62 91 9 36 56
45 38 46 49 50 74 59 85 37 58 23 71 39 73 70 49 38 88 3 76 31 23 59 30 91 1 93 92 79 24 90 84 72 57 0 88 25 26 51 37 21 98 79 71 11 56 35 16 73 81 1 83 78 51 41 12 28 92 86 56 60 28 19 95 37 41 37 4 8 86 84 77 38 1 38 60 45 1 35 61 5 93 65 54 14 71 20 48 56 5 80 68 39 51 91 99 41 9 73 15
32 80 6 80 11 49 82 12 54 48 20 55 15 88 38 71 45 20 74 64 77 44 12 62 51 1 58 32 92 25 9 62 2 9 88 0 78 34 68 28 75 36 71 19 91 64 78 64 92 44 50 64 24 53 98 27 27 42 43 95 4 32 10 100 83 17 54 39 43 61 49 86 1 80 41 78 85 58 40 2 70 50 25 44 53 65 31 28 22 64 43 37 6 27 30 10 53 89 19 77
91 44 43 80 55 74 59 37 5 63 65 90 37 7 66 76 57 74 42 97 18 7 6 1 95 65 81 3 41 62 54 33 6 88 25 78 0 83 81 90 57 91 8 78 36 94 45 58 31 11 76 67 43 77 23 7 88 91 8 24 2 13 83 47 47 66 89 23 33 12 2 100 99 41 22 97 82 94 14 70 1 27 16 35 35 17 65 83 100 2 88 11 39 99 36 18 74 52 78 37
3 46 74 75 50 81 71 92 6 79 19 27 14 21 6 47 28 87 93 77 72 69 18 73 52 50 42 5 74 46 99 76 56 62 26 34 83 0 25 15 67 14 12 82 47 92 68 61 94 35 7 26 97 15 12 43 10 64 1 18 58 96 34 41 19 42 4 27 33 27 92 100 15 44 16 16 80 5 24 65 56 17 72 66 47 75 7 24 64 50 27 32 63 37 60 96 1 62 9 90
83 73 54 93 52 29 40 13 3 76 20 52 84 88 43 62 69 2 15 79 8 92 74 22 32 51 77 41 76 83 25 56 81 57 51 68 81 25 0 24 63 33 48 80 73 57 87 79 64 45 78 11 76 42 92 34 27 82 85 2 74 14 30 12 28 48 7 35 67 79 69 55 76 76 6 43 40 23 80 2 89 79 46 51 22 91 70 96 83 36 89 75 56 46 10 19 53 39 83 60
39 6 68 12 66 47 74 90 96 28 21 88 77 90 78 15 76 61 64 55 85 16 46 31 53 17 11 73 48 67 97 29 84 83 37 28 90 15 24 0 16 48 51 46 35 32 36 62 67 30 52 24 47 59 100 86 9 75 31 96 11 32 13 58 79 12 29 12 42 48 28 87 65 33 51 41 51 46 14 3 1 12 35 16 93 8 40 29 69 97 53 55 95 52 89 62 76 64 13 42
68 25 45 93 33 7 66 62 98 93 30 100 18 81 16 62 48 66 82 89 32 67 23 16 29 91 56 5 3 8 12 24 83 39 21 75 57 67 63 16 0 25 65 70 43 68 98 52 1 61 56 7 9 91 35 82 9 65 29 87 88 25 94 11 10 48 46 100 65 64 27 12 13 38 37 56 11 94 27 82 2 44 32 80 33 80 46 36 43 50 38 20 76 54 76 93 20 75 46 33
69 75 7 3 47 58 51 69 16 47 51 95 2 17 25 82 12 39 57 62 76 54 56 24 19 37 43 27 44 86 86 34 95 58 98 36 91 14 33 48 25 0 22 32 75 51 92 19 30 9 18 74 63 38 5 60 85 51 86 10 68 49 96 58 83 69 59 97 49 23 3 25 90 75 85 24 95 27 33 13 40 69 92 41 73 79 72 63 42 80 37 96 83 3 99 58 14 13 82 51
52 5 27 65 8 35 29 51 43 19 98 42 58 76 16 84 71 83 11 62 39 68 27 98 92 47 90 28 75 51 35 28 98 61 79 71 8 12 48 51 65 22 0 58 29 92 92 61 36 92 66 100 25 3 70 88 65 59 100 79 42 49 38 30 25 94 2 58 56 40 24 81 81 96 57 43 60 70 74 47 35 44 98 88 48 31 70 14 30 12 50 59 72 11 70 14 49 78 68 73
76 74 5 100 53 13 52 45 33 2 27 64 42 63 63 82 56 58 57 97 31 7 67 14 56 49 39 19 94 37 86 65 18 54 71 19 78 82 80 46 70 32 58 0 78 33 70 29 31 58 33 42 41 67 9 46 10 79 9 91 77 22 67 100 77 18 50 43 75 4 44 59 11 88 91 68 67 81 61 98 87 14 29 56 60 27 61 67 35 64 28 41 30 53 48 16 68 100 84 65
52 41 41 28 5 91 85 15 90 89 78 56 96 45 24 88 47 39 78 78 75 72 56 16 40 19 1 74 89 33 12 10 91 51 11 91 36 47 73 35 43 75 29 78 0 53 69 50 53 17 3 10 91 17 84 82 88 39 62 6 38 77 88 39 6 28 70 33 80 60 43 68 33 64 70 24 30 85 3 9 38 91 99 56 22 48 50 22 1 37 17 67 12 74 36 38 21 50 60 72
90 57 76 99 5 53 27 52 4 45 69 56 24 86 74 27 5 85 42 51 62 42 48 83 43 34 37 98 98 58 13 11 36 89 56 64 94 92 57 32 68 51 92 33 53 0 48 60 67 20 85 87 47 96 50 64 91 93 37 98 65 84 30 12 34 94 20 98 13 25 27 64 54 3 13 33 43 19 35 78 41 55 42 72 5 25 62 98 52 51 36 95 71 34 86 99 76 76 35 26
92 14 38 64 27 53 81 44 97 24 77 3 21 75 95 49 6 54 66 3 45 72 85 8 74 24 20 82 49 9 73 48 14 98 35 78 45 68 87 36 98 92 92 70 69 48 0 66 46 12 23 70 21 85 19 95 13 32 45 16 38 93 45 85 87 13 87 71 56 21 13 41 96 3 39 69 34 21 85 88 10 61 66 17 16 99 68 28 66 82 53 12 36 95 100 1 75 31 42 44
53 40 68 26 8 38 46 18 32 6 21 46 16 72 12 43 88 51 16 82 64 17 78 87 18 48 55 54 95 30 20 91 35 84 16 64 58 61 79 62 52 19 61 29 50 60 66 0 17 88 34 16 4 16 20 21 24 60 4 89 30 21 85 18 23 29 93 96 17 75 69 37 11 13 18 82 63 40 41 50 76 70 90 50 46 36 34 61 81 85 83 92 12 23 3 80 11 1 43 10
39 7 53 22 36 62 43 82 63 78 91 41 5 16 49 56 73 80 1 39 59 52 40 50 99 80 68 96 35 46 37 98 91 8 73 92 31 94 64 67 1 30 36 31 53 67 46 17 0 85 69 58 42 50 78 5 74 90 61 100 49 48 6 91 79 67 39 67 4 97 61 25 43 53 66 19 32 86 83 33 64 42 57 61 46 28 77 71 29 8 12 46 32 77 48 30 18 94 78 64
79 62 86 61 74 55 9 88 83 73 44 83 93 40 28 48 42 62 38 24 58 9 1 29 14 23 21 32 30 67 7 83 56 36 81 44 11 35 45 30 61 9 92 58 17 20 12 88 85 0 64 8 99 64 97 7 38 88 74 2 20 97 78 14 41 89 41 15 54 13 5 50 82 76 7 23 60 59 41 85 84 84 4 99 78 69 51 95 29 24 52 84 73 8 88 12 65 87 84 90
57 92 71 58 31 82 49 51 18 58 36 24 70 95 98 17 6 70 40 73 4 28 41 10 37 72 71 90 38 45 63 64 1 63 1 50 76 7 78 52 56 18 66 33 3 85 23 34 69 64 0 88 25 5 36 59 6 2 36 53 58 62 36 16 61 60 5 22 65 9 33 17 83 47 40 9 22 12 55 95 91 74 80 2 87 47 82 23 87 7 73 81 71 42 69 26 15 37 83 94
17 42 91 28 65 63 22 8 7 56 83 97 83 19 96 47 49 19 52 96 16 9 10 72 19 16 64 65 73 17 94 70 93 81 83 64 67 26 11 24 7 74 100 42 10 87 70 16 58 8 88 0 12 12 59 39 19 91 71 48 34 6 19 23 97 34 26 10 46 79 16 31 35 63 45 85 9 41 40 7 69 48 26 15 100 65 3 52 20 78 2 98 27 26 52 13 26 69 79 12
24 72 62 40 60 20 31 69 27 62 28 98 63 36 38 58 79 11 94 33 99 80 26 21 33 24 14 57 53 40 32 19 15 3 78 24 43 97 76 47 9 63 25 41 91 47 21 4 42 99 25 12 0 89 14 25 65 15 97 15 84 14 22 28 85 93 85 9 20 61 92 18 38 34 72 25 78 61 1 66 29 5 64 45 60 52 100 12 98 23 14 95 21 26 58 9 98 62 3 81
64 10 24 20 29 37 52 50 20 6 3 31 37 5 9 89 94 36 85 88 1 49 51 54 82 97 96 65 31 10 6 63 26 93 51 53 77 15 42 59 91 38 3 67 17 96 85 16 50 64 5 12 89 0 90 2 21 81 87 53 94 13 78 24 90 76 40 16 8 9 58 14 27 79 46 99 6 77 68 32 10 89 23 45 67 12 26 39 73 97 77 23 33 3 15 3 83 15 7 63
48 24 13 62 61 37 18 58 74 16 56 34 52 54 11 46 2 74 43 97 20 4 90 10 77 69 43 53 70 60 91 93 62 73 41 98 23 12 92 100 35 5 70 9 84 50 19 20 78 97 36 59 14 90 0 99 24 15 57 7 45 81 40 69 7 2 31 37 99 73 48 29 23 58 3 95 89 89 26 29 31 50 17 96 98 16 38 68 42 62 37 44 71 77 85 52 45 45 61 71
59 59 13 70 77 50 19 9 75 89 84 21 40 37 99 88 41 3 99 74 26 92 30 7 74 28 54 4 77 4 2 5 11 36 12 27 7 43 34 86 82 60 88 46 82 64 95 21 5 7 59 39 25 2 99 0 11 63 58 29 67 70 50 9 12 61 83 24 17 40 23 100 97 15 85 15 45 69 19 98 40 37 2 10 23 53 55 3 37 98 50 66 100 22 26 23 22 61 97 23
9 83 68 80 7 87 97 92 63 12 66 89 94 17 9 75 25 8 20 1 68 63 59 95 32 61 10 69 90 54 89 81 46 43 28 27 88 10 27 9 9 85 65 10 88 91 13 24 74 38 6 19 65 21 24 11 0 56 84 19 82 23 15 73 71 3 86 71 3 46 12 9 90 12 89 76 46 78 61 58 58 35 8 81 48 1 84 2 89 88 77 51 58 64 75 43 62 44 33 78
44 25 14 49 87 100 16 14 84 18 96 71 1 82 72 3 55 31 63 1 28 25 92 100 91 43 18 68 71 58 68 38 49 44 92 42 91 64 82 75 65 51 59 79 39 93 32 60 90 88 2 91 15 81 15 63 56 0 8 68 37 84 41 22 36 78 76 85 20 94 97 70 14 51 7 31 23 20 29 71 96 83 52 42 99 54 3 83 30 22 79 39 77 40 18 51 73 33 85 25
80 29 48 95 33 64 29 55 26 84 94 43 37 21 13 73 35 63 89 59 59 21 71 78 94 75 79 73 22 45 36 38 10 45 86 43 8 1 85 31 29 86 100 9 62 37 45 4 61 74 36 71 97 87 57 58 84 8 0 42 16 86 70 61 24 22 34 38 72 100 81 2 1 37 47 71 30 81 67 97 41 33 22 57 46 1 99 87 40 16 69 95 20 96 64 8 21 75 57 10
29 95 99 17 25 70 29 86 13 22 7 21 77 91 53 94 53 57 42 100 97 29 15 19 2 82 19 45 49 48 32 58 76 82 56 95 24 18 2 96 87 10 79 91 6 98 16 89 100 2 53 48 15 53 7 29 19 68 42 0 5 67 74 45 100 90 56 35 30 100 17 4 91 58 45 2 3 85 79 76 24 27 8 15 35 56 27 20 44 23 100 58 89 41 48 100 32 80 76 8
97 91 99 89 30 29 93 30 37 40 91 21 44 81 83 97 57 27 81 84 11 47 71 6 92 73 30 85 47 26 54 71 74 80 60 4 2 58 74 11 88 68 42 77 38 65 38 30 49 20 58 34 84 94 45 67 82 37 16 5 0 2 62 65 32 21 20 25 98 11 99 15 75 75 47 36 49 72 35 21 36 46 68 82 44 60 6 15 19 75 82 91 16 58 14 58 74 17 100 60
77 66 27 74 26 98 100 95 86 21 75 54 40 35 48 9 44 92 80 41 28 56 10 19 22 37 70 82 77 16 76 52 55 37 28 32 13 96 14 32 25 49 49 22 77 84 93 21 48 97 62 6 14 13 81 70 23 84 86 67 2 0 64 65 26 64 54 20 16 17 37 39 17 34 68 21 14 33 58 78 9 57 81 65 44 51 43 63 87 8 29 30 63 27 78 35 45 83 72 93
51 16 87 22 43 10 30 26 59 70 58 75 83 32 87 68 62 19 23 1 9 91 90 6 1 17 52 100 99 62 28 15 24 14 19 10 83 34 30 13 94 96 38 67 88 30 45 85 6 78 36 19 22 78 40 50 15 41 70 74 62 64 0 39 99 100 76 14 6 76 13 96 62 63 6 23 11 55 8 37 34 21 4 28 95 64 3 26 82 26 5 80 19 2 71 96 87 6 42 31
32 43 69 45 55 69 59 9 18 82 90 1 68 33 41 10 70 20 90 24 39 17 13 20 20 71 59 85 95 64 44 76 89 60 95 100 47 41 12 58 11 58 30 100 39 12 85 18 91 14 16 23 28 24 69 9 73 22 61 45 65 65 39 0 55 5 67 54 14 17 76 82 3 89 24 51 30 58 75 34 36 57 46 92 40 32 58 50 39 36 78 14 15 73 95 21 4 24 78 69
97 51 93 46 23 27 37 98 1 49 68 25 91 53 12 32 16 5 43 87 51 11 37 79 50 80 4 64 59 93 83 88 49 40 37 83 47 19 28 79 10 83 25 77 6 34 87 23 79 41 61 97 85 90 7 12 71 36 24 100 32 26 99 55 0 95 68 71 9 96 1 40 20 13 93 31 62 68 5 76 45 56 26 9 94 24 52 93 24 22 98 38 27 100 52 60 64 12 41 81
97 7 97 67 31 2 2 51 28 13 23 2 100 60 33 88 93 17 12 23 2 51 30 78 50 92 13 55 27 12 28 96 97 8 41 17 66 42 48 12 48 69 94 18 28 94 13 29 67 89 60 34 93 76 2 61 3 78 22 90 21 64 100 5 95 0 1 38 58 96 85 78 55 64 25 72 63 88 25 43 70 60 96 93 37 93 28 14 84 39 69 54 75 23 2 28 14 3 13 55
90 18 12 90 48 21 93 1 97 92 19 23 17 9 95 63 5 11 16 95 5 36 5 6 80 73 5 100 22 77 44 67 40 11 37 54 89 4 7 29 46 59 2 50 70 20 87 93 39 41 5 26 85 40 31 83 86 76 34 56 20 54 76 67 68 1 0 38 39 88 4 36 99 93 56 47 98 9 76 21 33 16 41 14 52 98 88 97 31 71 69 51 85 85 92 16 91 85 68 75
89 23 77 6 7 99 97 30 39 14 55 68 26 33 56 85 54 78 97 14 30 38 13 1 26 43 46 72 58 71 3 47 53 26 4 39 23 27 35 12 100 97 58 43 33 98 71 96 67 15 22 10 9 16 37 24 71 85 38 35 25 20 14 54 71 38 38 0 7 69 87 99 86 46 8 55 78 9 7 86 49 68 17 3 12 69 43 75 96 59 97 56 95 94 86 39 77 61 17 64
58 96 97 20 19 78 100 81 5 90 32 66 23 27 25 7 64 98 51 81 6 71 74 96 19 10 54 94 26 22 93 67 60 36 8 43 33 33 67 42 65 49 56 75 80 13 56 17 4 54 65 46 20 8 99 17 3 20 72 30 98 16 6 14 9 58 39 7 0 64 14 75 18 29 39 99 41 87 25 79 12 66 69 2 11 6 22 8 9 10 52 47 95 64 81 67 5 29 20 22
83 3 65 14 88 39 75 30 20 30 98 82 17 5 93 8 26 21 53 59 54 37 63 55 54 95 9 5 39 30 43 51 35 48 86 61 12 27 79 48 64 23 40 4 60 25 21 75 97 13 9 79 61 9 73 40 46 94 100 100 11 17 76 17 96 96 88 69 64 0 31 49 29 31 31 11 86 74 91 24 46 60 68 70 68 14 74 98 83 33 68 1 95 45 7 95 71 26 16 75
67 89 48 33 37 64 12 31 73 42 13 45 58 22 70 51 70 57 23 52 55 29 48 81 61 10 36 27 26 55 84 82 46 12 84 49 2 92 69 28 27 3 24 44 43 27 13 69 61 5 33 16 92 58 48 23 12 97 81 17 99 37 13 76 1 85 4 87 14 31 0 89 61 42 24 25 6 40 22 59 20 39 4 13 54 8 49 12 5 25 72 54 10 27 27 80 56 72 36 57
64 27 52 44 23 94 61 70 58 22 95 58 85 45 17 73 44 8 95 98 63 33 88 70 18 61 95 67 94 51 12 3 1 2 77 86 100 100 55 87 12 25 81 59 68 64 41 37 25 50 17 31 18 14 29 100 9 70 2 4 15 39 96 82 40 78 36 99 75 49 89 0 90 51 95 68 30 17 73 58 20 55 17 86 97 8 52 63 78 34 62 43 18 16 86 57 10 55 27 76
2 51 89 6 75 77 77 6 86 100 89 16 84 59 39 75 31 8 26 9 33 21 52 42 71 88 6 63 22 56 94 44 71 54 38 1 99 15 76 65 13 90 81 11 33 54 96 11 43 82 83 35 38 27 23 97 90 14 1 91 75 17 62 3 20 55 99 86 18 29 61 90 0 15 100 84 45 10 60 73 87 22 98 86 49 55 74 45 33 44 25 15 79 99 5 42 89 92 4 72
74 85 39 11 9 27 62 25 74 84 70 98 82 33 74 39 59 29 44 52 71 38 63 90 92 28 42 95 87 85 36 38 64 75 1 80 41 44 76 33 38 75 96 88 64 3 3 13 53 76 47 63 34 79 58 15 12 51 37 58 75 34 63 89 13 64 93 46 29 31 42 51 15 0 85 80 3 68 35 21 48 62 51 29 9 76 65 95 54 27 65 77 72 82 35 83 71 78 31 29
51 22 66 68 6 54 37 63 18 13 80 47 62 46 3 64 93 38 91 26 59 32 36 7 12 61 95 19 100 77 77 81 92 23 38 41 22 16 6 51 37 85 57 91 70 13 39 18 66 7 40 45 72 46 3 85 89 7 47 45 47 68 6 24 93 25 56 8 39 31 24 95 100 85 0 43 62 30 40 88 44 79 70 32 96 4 56 68 8 40 74 12 2 71 85 78 78 27 42 29
22 94 48 75 75 56 67 83 8 25 30 74 62 6 69 75 46 68 1 91 17 53 85 94 92 85 46 17 30 18 88 56 71 93 60 78 97 16 43 41 56 24 43 68 24 33 69 82 19 23 9 85 25 99 95 15 76 31 71 2 36 21 23 51 31 72 47 55 99 11 25 68 84 80 43 0 13 65 97 76 20 50 52 44 37 100 80 31 72 59 45 55 20 1 29 3 13 84 80 33
90 87 89 43 13 33 77 45 86 31 80 57 2 66 64 14 32 57 92 27 43 79 7 86 20 87 97 24 12 77 29 5 56 61 45 85 82 80 40 51 11 95 60 67 30 43 34 63 32 60 22 9 78 6 89 45 46 23 30 3 49 14 11 30 62 63 98 78 41 86 6 30 45 3 62 13 0 58 93 33 59 38 16 46 51 49 93 29 53 79 78 41 10 59 84 7 27 87 10 66
24 98 22 57 26 46 17 51 32 95 98 48 94 55 23 21 49 44 100 13 64 88 34 10 94 73 22 35 51 16 12 56 69 58 1 58 94 5 23 46 94 27 70 81 85 19 21 40 86 59 12 41 61 77 89 69 78 20 81 85 72 33 55 58 68 88 9 9 87 74 40 17 10 68 30 65 58 0 83 12 73 40 9 7 69 63 46 69 28 12 6 88 36 100 67 29 61 11 49 11
42 88 1 29 45 13 54 65 89 67 56 92 95 47 73 87 43 35 43 60 71 35 68 91 53 40 3 76 60 77 20 17 3 97 35 40 14 24 80 14 27 33 74 61 3 35 85 41 83 41 55 40 1 68 26 19 61 29 67 79 35 58 8 75 5 25 76 7 25 91 22 73 60 35 40 97 93 83 0 67 29 64 19 31 91 51 14 26 28 87 45 16 7 5 77 39 57 43 34 37
74 10 31 97 13 30 9 43 36 62 81 40 48 42 52 57 69 5 35 93 41 95 31 88 47 80 81 30 20 100 77 15 94 12 61 2 70 65 2 3 82 13 47 98 9 78 88 50 33 85 95 7 66 32 29 98 58 71 97 76 21 78 37 34 76 43 21 86 79 24 59 58 73 21 88 76 33 12 67 0 18 15 3 67 21 97 77 19 40 92 42 60 3 91 99 16 75 31 9 20
92 14 84 99 6 48 71 52 29 59 8 34 68 80 45 14 19 12 50 37 43 2 14 71 50 72 40 46 76 93 91 29 61 11 5 70 1 56 89 1 2 40 35 87 38 41 10 76 64 84 91 69 29 10 31 40 58 96 41 24 36 9 34 36 45 70 33 49 12 46 20 20 87 48 44 20 59 73 29 18 0 37 82 85 77 69 7 93 22 40 32 8 61 70 7 92 70 21 3 29
23 45 2 59 39 26 91 92 74 35 48 67 25 59 45 6 57 62 59 32 49 82 88 53 8 88 50 75 37 77 70 47 14 80 93 50 27 17 79 12 44 69 44 14 91 55 61 70 42 84 74 48 5 89 50 37 35 83 33 27 46 57 21 57 56 60 16 68 66 60 39 55 22 62 79 50 38 40 64 15 37 0 75 59 80 24 33 31 57 72 96 69 89 70 13 30 41 23 40 28
32 41 35 77 64 72 29 62 47 86 97 85 19 50 11 86 18 31 66 52 67 81 51 24 55 60 21 86 21 81 26 37 66 70 65 25 16 72 46 35 32 92 98 29 99 42 66 90 57 4 80 26 64 23 17 2 8 52 22 8 68 81 4 46 26 96 41 17 69 68 4 17 98 51 70 52 16 9 19 3 82 75 0 16 18 55 22 21 9 33 8 87 79 97 26 49 43 82 59 55
6 17 16 90 60 47 41 50 48 30 100 1 59 86 95 30 89 85 60 40 40 41 59 80 19 33 83 92 97 72 91 51 56 53 54 44 35 66 51 16 80 41 88 56 56 72 17 50 61 99 2 15 45 45 96 10 81 42 57 15 82 65 28 92 9 93 14 3 2 70 13 86 86 29 32 44 46 7 31 67 85 59 16 0 90 17 5 97 40 42 1 35 93 75 60 49 25 99 22 69
73 87 85 86 100 71 29 24 61 100 71 19 75 19 9 63 74 17 30 63 84 32 34 26 26 43 71 77 4 59 55 44 10 3 14 53 35 47 22 93 33 73 48 60 22 5 16 46 46 78 87 100 60 67 98 23 48 99 46 35 44 44 95 40 94 37 52 12 11 68 54 97 49 9 96 37 51 69 91 21 77 80 18 90 0 16 90 58 67 7 51 74 19 44 96 68 67 22 94 54
73 8 41 71 85 7 51 48 98 20 7 10 32 64 66 59 10 40 91 41 14 10 84 74 32 67 36 25 83 83 70 7 64 67 71 65 17 75 91 8 80 79 31 27 48 25 99 36 28 69 47 65 52 12 16 53 1 54 1 56 60 51 64 32 24 93 98 69 6 14 8 8 55 76 4 100 49 63 51 97 69 24 55 17 16 0 86 94 65 37 38 26 71 76 22 54 22 76 84 47
54 55 60 88 53 39 17 7 15 81 90 75 96 27 100 34 12 36 91 71 92 90 99 28 38 89 61 17 28 39 48 15 64 8 20 31 65 7 70 40 46 72 70 61 50 62 68 34 77 51 82 3 100 26 38 55 84 3 99 27 6 43 3 58 52 28 88 43 22 74 49 52 74 65 56 80 93 46 14 77 7 33 22 5 90 86 0 92 74 47 62 21 39 42 38 4 78 36 30 83
89 57 83 69 72 67 72 47 5 69 45 12 6 91 17 84 84 46 49 22 5 63 33 86 21 64 35 100 58 29 59 10 10 6 48 28 83 24 96 29 36 63 14 67 22 98 28 61 71 95 23 52 12 39 68 3 2 83 87 20 15 63 26 50 93 14 97 75 8 98 12 63 45 95 68 31 29 69 26 19 93 31 21 97 58 94 92 0 30 100 60 35 76 50 5 89 78 21 37 75
72 51 25 58 6 74 23 23 51 71 23 23 78 15 74 11 49 74 31 16 61 47 80 92 33 97 45 41 9 32 93 45 43 97 56 22 100 64 83 69 43 42 30 35 1 52 66 81 29 29 87 20 98 73 42 37 89 30 40 44 19 87 82 39 24 84 31 96 9 83 5 78 33 54 8 72 53 28 28 40 22 57 9 40 67 65 74 30 0 10 98 77 43 13 19 42 26 75 82 27
15 37 71 59 92 32 26 59 7 63 20 9 24 50 47 29 93 29 83 9 95 18 97 78 74 13 14 21 70 14 83 71 57 84 5 64 2 50 36 97 50 80 12 64 37 51 82 85 8 24 7 78 23 97 62 98 88 22 16 23 75 8 26 36 22 39 71 59 10 33 25 34 44 27 40 59 79 12 87 92 40 72 33 42 7 37 47 100 10 0 61 63 91 100 54 69 81 100 47 73
15 39 58 8 57 44 35 19 51 73 65 61 27 37 86 80 71 93 91 19 39 37 48 25 3 99 78 98 56 85 36 70 10 67 80 43 88 27 89 53 38 37 50 28 17 36 53 83 12 52 73 2 14 77 37 50 77 79 69 100 82 29 5 78 98 69 69 97 52 68 72 62 25 65 74 45 78 6 45 42 32 96 8 1 51 38 62 60 98 61 0 31 23 41 43 33 35 65 93 65
69 96 7 68 72 9 85 100 8 55 26 30 20 40 50 78 97 25 27 19 20 36 52 12 21 35 53 51 66 1 17 17 9 39 68 37 11 32 75 55 20 96 59 41 67 95 12 92 46 84 81 98 95 23 44 66 51 39 95 58 91 30 80 14 38 54 51 56 47 1 54 43 15 77 12 55 41 88 16 60 8 69 87 35 74 26 21 35 77 63 31 0 45 54 71 59 99 100 8 93
91 14 85 39 80 12 37 29 24 57 45 55 49 30 4 14 79 55 9 10 96 69 21 38 60 88 45 10 48 99 39 1 81 79 39 6 39 63 56 95 76 83 72 30 12 71 36 12 32 73 71 27 21 33 71 100 58 77 20 89 16 63 19 15 27 75 85 95 95 95 10 18 79 72 2 20 10 36 7 3 61 89 79 93 19 71 39 76 43 91 23 45 0 49 6 14 8 82 3 41
63 4 47 11 83 69 58 35 34 32 73 66 69 22 67 11 57 97 77 8 99 2 97 35 2 81 98 34 38 6 70 14 50 80 51 27 99 37 46 52 54 3 11 53 74 34 95 23 77 8 42 26 26 3 77 22 64 40 96 41 58 27 2 73 100 23 85 94 64 45 27 16 99 82 71 1 59 100 5 91 70 70 97 75 44 76 42 50 13 100 41 54 49 0 65 6 74 94 56 29
57 54 71 15 25 16 15 63 14 48 95 20 64 27 78 29 33 40 43 21 63 21 22 87 33 13 100 66 98 42 89 82 50 2 91 30 36 60 10 89 76 99 70 48 36 86 100 3 48 88 69 52 58 15 85 26 75 18 64 48 14 78 71 95 52 2 92 86 81 7 27 86 5 35 85 29 84 67 77 99 7 13 26 60 96 22 38 5 19 54 43 71 6 65 0 24 86 82 9 92
7 13 69 66 45 25 83 91 1 52 54 52 83 77 39 15 13 57 91 91 13 42 78 14 84 86 87 69 32 76 3 83 40 62 99 10 18 96 19 62 93 58 14 16 38 99 1 80 30 12 26 13 9 3 52 23 43 51 8 100 58 35 96 21 60 28 16 39 67 95 80 57 42 83 78 3 7 29 39 16 92 30 49 49 68 54 4 89 42 69 33 59 14 6 24 0 68 21 37 64
76 25 53 4 28 74 78 14 85 25 54 29 17 19 77 72 63 61 68 90 5 12 27 37 59 50 39 60 6 43 39 65 58 91 41 53 74 1 53 76 20 14 49 68 21 76 75 11 18 65 15 26 98 83 45 22 62 73 21 32 74 45 87 4 64 14 91 77 5 71 56 10 89 71 78 13 27 61 57 75 70 41 43 25 67 22 78 78 26 81 35 99 8 74 86 68 0 69 97 9
83 24 36 51 12 78 52 61 54 89 74 77 24 13 22 67 55 88 62 29 41 21 98 66 37 64 96 56 15 68 9 26 17 9 9 89 52 62 39 64 75 13 78 100 50 76 31 1 94 87 37 69 62 15 45 61 44 33 75 80 17 83 6 24 12 3 85 61 29 26 72 55 92 78 27 84 87 11 43 31 21 23 82 99 22 76 36 21 75 100 65 100 82 94 82 21 69 0 12 46
87 85 35 94 17 47 21 38 40 77 70 80 1 72 94 12 78 43 34 3 24 29 71 47 46 37 36 54 71 70 84 83 52 36 73 19 78 9 83 13 46 82 68 84 60 35 42 43 78 84 83 79 3 7 61 97 33 85 57 76 100 72 42 78 41 13 68 17 20 16 36 27 4 31 42 80 10 49 34 9 3 40 59 22 94 84 30 37 82 47 93 8 3 56 9 37 97 12 0 58
2 50 81 17 34 11 89 76 5 61 87 87 64 100 21 47 10 61 26 11 54 80 1 52 99 62 30 24 30 22 78 42 84 56 15 77 37 90 60 42 33 51 73 65 72 26 44 10 64 90 94 12 81 63 71 23 78 25 10 8 60 93 31 69 81 55 75 64 22 75 57 76 72 29 29 33 66 11 37 20 29 28 55 69 54 47 83 75 27 73 65 93 41 29 92 64 9 46 58 0
