100
10
0 21 71 40 8 77 17 31 76 14 68 81 48 49 26 71 10 76 68 72 38 55 56 90 90 100 39 62 74 70 2 3 90 43 79 90 89 20 46 20 24 4 10 16 42 68 22 47 47 27 58 91 66 6 99 35 10 48 49 12 9 36 12 8 81 12 20 76 21 46 89 34 33 67 73 57 58 24 50 62 22 66 9 97 42 22 50 56 64 90 6 2 45 68 75 9 23 100 36 51
21 0 70 14 63 73 26 79 7 77 14 81 98 9 84 93 49 3 56 5 30 70 59 59 63 44 51 41 62 18 1 90 7 68 60 86 1 10 99 4 17 55 95 54 44 36 38 7 78 70 65 68 75 90 94 90 5 9 13 93 2 87 78 58 42 20 55 22 96 53 87 59 48 6 98 22 90 68 52 48 26 75 30 100 95 40 20 16 21 35 34 19 51 52 54 1 50 30 88 73
71 70 0 2 98 49 21 6 11 29 24 90 50 73 87 81 67 75 45 31 56 77 99 90 25 21 61 1 98 95 26 41 95 99 19 80 70 2 45 56 30 11 56 56 18 85 75 88 62 12 48 98 6 16 26 77 83 24 15 30 77 9 69 97 2 19 87 43 21 45 9 37 74 54 88 53 95 70 93 35 10 46 58 69 1 34 91 52 42 57 26 27 50 30 16 39 53 14 69 99
40 14 2 0 20 23 71 59 54 94 23 46 48 56 44 58 82 77 31 80 48 80 13 57 87 44 44 21 30 96 49 89 79 50 74 64 17 19 42 9 33 2 82 34 50 59 34 91 54 58 61 64 54 70 30 17 42 23 91 25 39 11 73 37 7 22 22 86 66 84 16 82 96 52 88 78 4 50 12 8 56 96 45 18 28 41 65 29 81 44 47 69 8 23 76 24 1 50 7 70
8 63 98 20 0 44 100 41 83 14 17 54 57 69 27 12 83 70 97 54 31 42 69 2 59 64 84 36 33 57 6 89 83 37 67 61 94 80 47 38 14 71 100 99 27 73 20 99 96 11 28 24 6 62 84 70 62 82 75 47 41 65 66 54 73 6 1 29 71 9 31 87 85 63 10 98 51 41 31 40 10 46 25 14 76 17 51 19 80 78 30 85 57 78 45 66 31 93 2 18
77 73 49 23 44 0 83 17 74 79 10 98 11 92 69 49 71 22 30 44 32 66 4 11 40 56 1 81 63 85 74 58 7 5 51 19 40 28 77 12 66 34 62 28 5 64 66 34 56 15 28 9 16 47 5 42 19 5 58 19 21 63 16 67 46 45 7 59 43 2 73 26 83 40 30 10 26 74 13 100 89 39 37 23 19 45 75 9 82 8 73 23 81 81 15 72 3 2 47 68
17 26 21 71 100 83 0 81 14 70 53 96 49 33 69 94 35 97 35 35 39 72 81 77 77 53 93 65 22 23 94 54 66 68 89 33 30 48 63 57 11 67 89 99 35 96 69 70 35 27 75 71 62 5 35 14 18 31 5 76 30 32 6 32 13 64 44 70 68 44 2 47 92 36 87 73 3 73 61 9 88 28 40 7 43 40 31 10 57 6 18 2 19 19 96 29 57 88 79 61
31 79 6 59 41 17 81 0 7 62 13 12 77 33 88 54 20 28 29 64 67 1 84 25 65 25 9 10 51 32 4 85 35 5 21 80 83 80 83 40 55 84 54 30 63 40 26 46 60 71 61 25 38 2 37 34 83 89 14 89 29 88 2 12 84 89 36 19 54 87 97 47 48 12 42 28 30 89 93 62 49 98 97 77 29 4 48 63 20 31 90 55 2 90 90 57 79 27 8 98
76 7 11 54 83 74 14 7 0 32 77 9 78 1 53 77 55 62 94 89 96 32 79 36 47 20 36 61 59 20 15 86 79 65 77 85 34 18 6 81 66 57 51 36 76 40 86 15 100 28 16 67 5 83 39 14 34 41 56 24 14 25 2 47 84 55 75 21 81 56 60 91 81 42 88 41 92 75 49 8 34 92 32 37 98 67 22 24 29 29 35 9 37 73 90 37 71 17 62 41
14 77 29 94 14 79 70 62 32 0 66 49 82 73 13 99 100 74 32 67 96 41 71 42 34 90 17 59 48 14 93 13 92 35 81 97 66 83 3 35 7 35 90 2 78 34 76 70 68 41 85 70 4 2 31 74 91 44 56 16 2 23 34 63 9 42 58 61 22 13 46 89 93 73 61 64 84 37 12 45 73 28 46 93 60 66 83 35 9 85 63 28 35 22 78 100 16 11 81 27
68 14 24 23 17 10 53 13 77 66 0 90 97 98 15 95 51 27 35 87 35 83 69 56 75 47 5 58 59 83 91 64 69 73 93 33 69 33 63 91 6 82 52 61 74 61 87 90 62 72 99 89 76 66 89 70 7 79 4 69 47 30 55 13 93 37 65 97 80 48 88 98 80 6 61 55 84 57 3 89 81 2 65 57 34 15 58 75 83 14 77 91 60 51 37 26 12 98 85 71
81 81 90 46 54 98 96 12 9 49 90 0 56 75 39 59 39 65 45 3 21 86 14 34 67 36 50 24 55 8 69 47 21 66 48 92 19 36 100 90 43 72 24 39 49 20 74 100 1 41 16 38 83 3 32 65 90 6 43 3 8 57 31 8 36 8 16 42 44 99 11 12 39 21 50 68 79 16 91 87 87 35 22 40 38 39 86 63 58 12 21 84 12 14 17 32 57 14 3 89
48 98 50 48 57 11 49 77 78 82 97 56 0 81 21 67 62 59 52 83 24 40 47 82 14 16 76 20 16 6 77 48 9 24 85 24 34 13 15 6 7 60 20 37 78 96 97 89 57 76 40 10 93 83 50 7 28 69 8 100 13 91 78 63 45 63 84 50 62 33 13 16 12 51 17 87 91 19 19 94 81 26 19 35 11 40 31 12 15 66 73 82 33 32 35 28 43 2 78 19
49 9 73 56 69 92 33 33 1 73 98 75 81 0 33 23 64 84 38 100 14 63 97 4 41 2 75 17 67 79 34 69 62 63 23 4 96 67 76 14 42 1 83 68 89 64 25 43 89 1 12 60 72 38 35 35 7 1 86 26 52 18 19 59 8 59 19 2 67 91 29 75 74 42 23 74 91 1 78 57 46 89 51 33 34 62 26 42 85 72 63 60 48 97 11 77 77 39 78 12
26 84 87 44 27 69 69 88 53 13 15 39 21 33 0 37 9 73 51 94 42 25 35 39 57 75 29 49 47 21 40 44 57 91 88 28 23 75 82 100 14 28 62 17 11 40 39 20 32 55 36 80 85 7 73 57 44 12 3 99 100 62 31 22 81 64 21 63 88 32 22 8 7 66 59 3 85 85 95 19 61 79 78 65 90 76 56 11 87 69 97 70 9 26 60 51 17 22 40 15
71 93 81 58 12 49 94 54 77 99 95 59 67 23 37 0 2 33 56 58 33 6 26 66 37 55 43 40 22 9 88 65 100 100 71 63 16 56 82 48 77 62 40 45 45 71 99 54 82 60 46 30 56 65 20 76 45 76 89 48 32 68 71 40 6 72 20 25 20 95 56 53 85 10 26 29 75 26 8 54 44 3 30 12 51 58 57 60 30 12 59 5 75 88 12 52 96 3 99 42
10 49 67 82 83 71 35 20 55 100 51 39 62 64 9 2 0 1 80 75 20 88 20 6 31 58 71 26 48 86 15 94 7 57 85 22 21 40 19 16 29 95 62 83 91 79 68 99 3 10 1 46 10 5 60 30 64 46 71 63 11 36 64 48 50 30 74 52 48 29 27 99 81 44 75 27 63 22 59 66 51 5 85 39 100 73 3 83 24 6 24 10 69 88 12 57 4 31 3 46
76 3 75 77 70 22 97 28 62 74 27 65 59 84 73 33 1 0 40 27 100 60 1 10 46 19 4 59 44 8 73 21 35 54 11 39 68 49 81 79 84 82 30 34 37 79 70 91 66 94 19 88 84 36 14 4 26 14 5 14 81 45 81 83 66 95 15 82 39 8 86 6 59 15 74 85 1 13 13 57 35 66 7 25 77 69 41 84 53 50 91 44 55 50 55 49 42 42 3 72
68 56 45 31 97 30 35 29 94 32 35 45 52 38 51 56 80 40 0 36 94 7 13 9 2 45 20 14 74 56 31 11 42 21 56 23 40 46 21 40 16 54 81 22 30 75 13 57 73 8 33 7 9 77 53 74 91 6 62 78 33 75 58 67 6 85 19 20 4 98 61 83 5 52 1 14 34 3 18 29 37 29 30 95 4 46 28 98 77 66 2 8 9 97 68 63 80 15 53 4
72 5 31 80 54 44 35 64 89 67 87 3 83 100 94 58 75 27 36 0 69 76 33 75 63 95 77 13 46 28 42 98 56 59 32 56 87 83 80 62 4 3 49 11 23 4 30 84 7 78 56 2 24 10 12 20 82 87 5 33 32 39 61 94 12 46 61 92 3 91 12 49 18 39 55 16 95 40 2 41 1 64 50 80 10 21 67 1 94 44 1 39 50 19 37 82 20 33 65 71
38 30 56 48 31 32 39 67 96 96 35 21 24 14 42 33 20 100 94 69 0 89 81 60 15 61 86 65 64 97 96 73 90 86 34 96 12 89 97 99 79 1 58 18 72 78 93 96 86 94 62 95 87 93 1 75 55 89 25 46 43 18 76 13 30 6 97 30 25 5 21 5 94 76 31 87 95 54 96 54 83 68 38 42 22 55 62 15 83 8 82 12 76 94 97 9 63 93 58 98
55 70 77 80 42 66 72 1 32 41 83 86 40 63 25 6 88 60 7 76 89 0 93 23 12 8 15 92 24 29 33 3 1 73 93 30 5 11 13 46 100 95 81 20 86 61 28 84 81 92 44 10 15 83 17 69 75 20 28 28 69 35 57 58 92 37 1 18 37 18 1 67 81 75 83 26 31 23 43 34 18 89 8 84 81 76 52 22 18 92 85 18 30 73 13 22 89 39 98 52
56 59 99 13 69 4 81 84 79 71 69 14 47 97 35 26 20 1 13 33 81 93 0 79 89 25 79 19 88 45 18 83 13 13 67 9 11 37 67 40 42 83 66 5 60 74 99 2 17 53 57 33 48 66 7 45 78 81 29 73 97 36 93 62 89 60 66 43 11 40 64 72 24 38 45 66 49 95 99 37 58 86 79 42 84 91 38 14 55 60 88 68 48 29 34 31 42 23 53 37
90 59 90 57 2 11 77 25 36 42 56 34 82 4 39 66 6 10 9 75 60 23 79 0 36 99 33 68 55 8 25 79 41 94 84 7 8 21 20 37 39 85 90 13 61 19 51 20 22 47 65 81 52 56 68 70 22 37 12 73 42 9 15 30 75 51 64 61 63 11 38 91 41 90 25 60 72 51 64 5 60 14 82 84 30 90 65 95 63 61 98 69 34 6 97 26 77 98 78 90
90 63 25 87 59 40 77 65 47 34 75 67 14 41 57 37 31 46 2 63 15 12 89 36 0 53 75 95 11 84 96 36 38 2 25 71 68 92 35 6 29 37 81 24 73 95 60 79 92 81 100 34 13 79 89 54 94 92 82 14 4 46 88 92 64 71 76 96 40 20 80 75 46 52 38 100 91 29 77 22 70 74 98 83 6 38 64 63 64 65 100 13 15 26 12 24 37 59 66 47
100 44 21 44 64 56 53 25 20 90 47 36 16 2 75 55 58 19 45 95 61 8 25 99 53 0 40 41 18 42 87 63 4 10 87 84 71 86 31 81 2 16 74 84 93 59 30 15 22 47 64 60 35 43 62 12 42 82 47 56 83 77 60 88 63 46 31 49 45 7 78 79 45 10 59 19 75 21 46 76 82 14 91 25 79 54 90 50 83 67 20 98 8 3 49 43 22 93 1 88
39 51 61 44 84 1 93 9 36 17 5 50 76 75 29 43 71 4 20 77 86 15 79 33 75 40 0 71 88 95 77 2 92 71 72 50 18 89 88 54 46 23 96 35 67 10 84 76 81 66 1 98 44 22 72 30 12 2 74 30 37 27 45 29 35 78 20 39 6 74 98 71 28 90 53 69 59 60 86 38 74 98 90 58 27 32 22 73 17 52 13 62 81 1 41 59 69 87 38 38
62 41 1 21 36 81 65 10 61 59 58 24 20 17 49 40 26 59 14 13 65 92 19 68 95 41 71 0 14 23 74 32 65 1 34 83 41 69 32 20 69 46 85 27 37 23 28 30 47 40 66 62 83 39 73 10 57 61 12 19 99 87 63 76 61 53 75 11 27 1 55 30 94 70 28 63 43 16 68 35 22 5 80 64 99 34 37 45 57 9 31 17 61 27 14 71 100 72 62 11
74 62 98 30 33 63 22 51 59 48 59 55 16 67 47 22 48 44 74 46 64 24 88 55 11 18 88 14 0 80 60 62 68 84 48 80 78 4 2 6 54 80 94 100 34 33 78 75 41 3 33 33 39 92 48 57 27 33 60 64 29 46 99 4 36 49 22 12 85 60 66 48 82 65 74 49 63 70 22 95 18 88 4 72 69 27 59 29 2 79 91 89 59 18 59 52 4 73 9 51
70 18 95 96 57 85 23 32 20 14 83 8 6 79 21 9 86 8 56 28 97 29 45 8 84 42 95 23 80 0 59 89 17 97 50 89 89 95 20 23 75 11 100 24 78 63 16 93 90 10 55 95 40 63 100 89 73 5 86 18 89 28 34 16 48 63 49 61 90 14 15 96 96 61 3 47 25 45 99 92 76 34 65 83 15 56 96 81 91 92 1 12 69 40 39 34 8 74 28 7
2 1 26 49 6 74 94 4 15 93 91 69 77 34 40 88 15 73 31 42 96 33 18 25 96 87 77 74 60 59 0 50 4 14 75 44 83 5 98 27 25 26 91 50 88 85 8 95 80 82 53 65 79 39 89 39 4 88 82 56 23 79 73 68 40 11 56 72 72 75 83 75 97 7 83 41 15 16 9 76 12 79 64 98 82 18 69 14 23 35 88 59 83 79 12 41 42 21 43 73
3 90 41 89 89 58 54 85 86 13 64 47 48 69 44 65 94 21 11 98 73 3 83 79 36 63 2 32 62 89 50 0 67 16 85 40 18 92 56 51 41 74 96 26 87 4 46 7 86 80 49 82 92 25 70 39 18 13 41 95 81 35 56 57 15 96 31 34 61 68 82 94 58 2 79 15 31 26 5 69 100 97 40 49 73 96 91 58 18 40 10 10 82 57 79 33 35 64 48 84
90 7 95 79 83 7 66 35 79 92 69 21 9 62 57 100 7 35 42 56 90 1 13 41 38 4 92 65 68 17 4 67 0 13 55 63 63 29 60 68 29 58 72 37 24 87 39 2 88 25 86 29 17 22 46 54 87 100 29 22 79 7 64 82 98 49 28 35 8 2 39 45 28 70 34 48 32 20 39 57 91 68 83 2 38 96 78 87 29 80 11 28 98 74 99 70 52 76 8 33
43 68 99 50 37 5 68 5 65 35 73 66 24 63 91 100 57 54 21 59 86 73 13 94 2 10 71 1 84 97 14 16 13 0 22 90 36 52 94 100 64 8 73 32 3 34 23 77 52 27 85 86 20 72 31 98 86 70 78 75 50 80 87 39 92 74 51 62 88 62 22 65 25 64 90 22 75 25 62 89 83 86 56 56 96 35 77 93 22 78 96 82 54 43 11 42 1 71 42 44
79 60 19 74 67 51 89 21 77 81 93 48 85 23 88 71 85 11 56 32 34 93 67 84 25 87 72 34 48 50 75 85 55 22 0 50 18 48 80 32 12 98 61 100 51 19 12 79 44 88 46 68 60 5 37 7 74 75 10 38 2 92 8 35 87 98 22 70 60 67 33 4 95 13 71 94 76 30 30 92 94 94 91 43 81 47 6 69 9 10 24 90 70 72 26 59 4 32 16 84
90 86 80 64 61 19 33 80 85 97 33 92 24 4 28 63 22 39 23 56 96 30 9 7 71 84 50 83 80 89 44 40 63 90 50 0 97 58 22 36 94 16 40 80 94 88 52 16 56 74 95 51 32 47 65 35 94 62 41 2 77 97 89 22 54 82 78 51 65 2 75 59 27 73 84 9 92 64 77 67 47 30 50 29 60 44 11 51 51 72 49 2 17 54 6 18 66 85 20 94
89 1 70 17 94 40 30 83 34 66 69 19 34 96 23 16 21 68 40 87 12 5 11 8 68 71 18 41 78 89 83 18 63 36 18 97 0 74 42 11 62 93 77 26 13 41 88 55 14 34 54 86 54 52 18 21 17 63 86 68 36 43 68 60 96 35 21 30 29 15 96 100 64 4 81 92 85 80 79 48 34 29 35 13 76 5 66 61 42 40 72 90 88 68 23 21 51 68 64 30
20 10 2 19 80 28 48 80 18 83 33 36 13 67 75 56 40 49 46 83 89 11 37 21 92 86 89 69 4 95 5 92 29 52 48 58 74 0 16 33 20 52 2 69 13 58 80 32 15 70 25 67 4 56 36 33 6 62 4 98 76 37 1 9 99 16 22 10 20 35 44 36 51 39 25 61 57 51 89 50 74 61 65 15 99 75 12 41 57 48 92 17 4 97 99 23 5 20 40 30
46 99 45 42 47 77 63 83 6 3 63 100 15 76 82 82 19 81 21 80 97 13 67 20 35 31 88 32 2 20 98 56 60 94 80 22 42 16 0 52 4 97 54 95 38 7 86 1 92 76 30 95 85 22 6 19 64 90 45 76 91 48 96 12 88 95 2 67 21 44 9 20 66 64 51 43 30 92 7 44 62 47 53 12 68 49 18 93 55 78 72 26 100 1 74 11 1 5 30 30
20 4 56 9 38 12 57 40 81 35 91 90 6 14 100 48 16 79 40 62 99 46 40 37 6 81 54 20 6 23 27 51 68 100 32 36 11 33 52 0 46 30 77 60 10 67 49 87 32 83 62 51 60 86 9 59 39 2 78 56 90 99 21 30 92 2 20 54 45 4 43 80 89 54 23 42 19 17 17 1 52 75 40 24 100 22 8 32 87 13 78 18 95 43 51 50 76 69 82 54
24 17 30 33 14 66 11 55 66 7 6 43 7 42 14 77 29 84 16 4 79 100 42 39 29 2 46 69 54 75 25 41 29 64 12 94 62 20 4 46 0 41 83 32 51 82 8 51 37 19 43 20 8 71 36 7 86 14 47 98 5 79 76 4 44 97 1 3 100 75 48 24 22 76 66 9 45 92 42 95 9 16 89 90 81 2 93 8 31 85 3 27 68 75 13 41 87 21 13 10
4 55 11 2 71 34 67 84 57 35 82 72 60 1 28 62 95 82 54 3 1 95 83 85 37 16 23 46 80 11 26 74 58 8 98 16 93 52 97 30 41 0 27 86 6 23 29 79 32 29 28 45 65 91 12 20 51 77 68 28 58 12 94 81 66 15 70 80 51 12 77 33 56 84 3 29 28 64 47 52 20 56 65 29 35 58 32 55 44 58 19 40 41 69 15 6 84 93 33 32
10 95 56 82 100 62 89 54 51 90 52 24 20 83 62 40 62 30 81 49 58 81 66 90 81 74 96 85 94 100 91 96 72 73 61 40 77 2 54 77 83 27 0 78 10 55 18 83 51 55 3 23 23 69 84 8 79 81 64 54 81 63 67 27 30 92 34 44 16 54 53 36 39 98 98 71 1 48 31 30 60 53 5 42 26 62 52 96 54 60 96 14 56 59 19 62 12 96 26 99
16 54 56 34 99 28 99 30 36 2 61 39 37 68 17 45 83 34 22 11 18 20 5 13 24 84 35 27 100 24 50 26 37 32 100 80 26 69 95 60 32 86 78 0 26 17 13 56 55 84 47 2 52 85 70 1 78 13 37 66 56 2 6 68 56 88 84 76 11 18 32 18 10 33 12 48 36 1 53 58 23 92 40 61 37 24 40 41 85 36 81 23 12 94 99 24 73 5 42 94
42 44 18 50 27 5 35 63 76 78 74 49 78 89 11 45 91 37 30 23 72 86 60 61 73 93 67 37 34 78 88 87 24 3 51 94 13 13 38 10 51 6 10 26 0 24 46 49 83 71 23 85 25 92 77 64 84 40 14 29 91 36 91 34 89 43 26 94 93 64 60 4 85 44 60 15 26 77 19 25 49 99 88 5 28 29 90 82 59 70 31 21 16 27 57 59 16 100 18 9
68 36 85 59 73 64 96 40 40 34 61 20 96 64 40 71 79 79 75 4 78 61 74 19 95 59 10 23 33 63 85 4 87 34 19 88 41 58 7 67 82 23 55 17 24 0 1 35 81 46 82 17 4 85 29 1 65 34 79 94 50 33 5 39 19 96 54 66 59 75 19 22 94 19 53 36 57 40 89 10 69 8 80 47 78 17 20 50 98 24 76 38 80 10 69 66 42 63 30 14
22 38 75 34 20 66 69 26 86 76 87 74 97 25 39 99 68 70 13 30 93 28 99 51 60 30 84 28 78 16 8 46 39 23 12 52 88 80 86 49 8 29 18 13 46 1 0 62 21 25 88 9 8 41 17 19 67 20 55 62 15 54 59 67 54 92 36 94 64 85 43 6 95 59 2 18 70 89 72 71 32 90 3 75 20 98 47 15 76 85 86 10 12 87 64 96 48 13 85 77
47 7 88 91 99 34 70 46 15 70 90 100 89 43 20 54 99 91 57 84 96 84 2 20 79 15 76 30 75 93 95 7 2 77 79 16 55 32 1 87 51 79 83 56 49 35 62 0 71 21 65 49 56 53 71 39 40 88 42 56 84 55 59 26 46 26 68 95 3 38 25 43 85 31 69 44 64 46 9 64 56 71 61 37 9 49 34 42 74 5 34 67 94 42 84 13 5 65 33 98
47 78 62 54 96 56 35 60 100 68 62 1 57 89 32 82 3 66 73 7 86 81 17 22 92 22 81 47 41 90 80 86 88 52 44 56 14 15 92 32 37 32 51 55 83 81 21 71 0 45 89 33 35 76 96 11 78 39 65 5 69 47 100 21 55 49 60 39 15 35 29 17 10 37 15 7 70 69 34 49 31 68 41 94 77 56 29 2 83 91 37 60 48 7 54 94 92 91 61 77
27 70 12 58 11 15 27 71 28 41 72 41 76 1 55 60 10 94 8 78 94 92 53 47 81 47 66 40 3 10 82 80 25 27 88 74 34 70 76 83 19 29 55 84 71 46 25 21 45 0 30 95 29 63 54 52 29 73 68 14 82 96 87 57 29 56 52 87 44 86 21 17 9 97 23 39 8 44 50 67 22 59 68 79 89 86 58 32 29 30 55 96 75 99 66 37 98 70 29 90
58 65 48 61 28 28 75 61 16 85 99 16 40 12 36 46 1 19 33 56 62 44 57 65 100 64 1 66 33 55 53 49 86 85 46 95 54 25 30 62 43 28 3 47 23 82 88 65 89 30 0 40 31 58 24 93 76 65 29 28 39 38 85 81 78 95 67 62 3 79 40 94 63 40 68 93 43 3 39 44 60 66 33 91 26 12 4 87 57 74 56 34 77 61 14 56 32 37 6 8
91 68 98 64 24 9 71 25 67 70 89 38 10 60 80 30 46 88 7 2 95 10 33 81 34 60 98 62 33 95 65 82 29 86 68 51 86 67 95 51 20 45 23 2 85 17 9 49 33 95 40 0 55 46 90 92 28 83 63 61 48 62 95 59 40 10 37 84 30 30 5 90 90 97 56 6 16 21 95 22 14 96 66 56 76 48 8 8 65 51 46 59 50 51 66 77 36 94 27 77
66 75 6 54 6 16 62 38 5 4 76 83 93 72 85 56 10 84 9 24 87 15 48 52 13 35 44 83 39 40 79 92 17 20 60 32 54 4 85 60 8 65 23 52 25 4 8 56 35 29 31 55 0 26 33 77 13 71 91 29 8 56 51 55 34 16 92 35 92 68 9 7 25 41 63 21 21 35 97 43 1 19 87 6 64 24 30 43 1 28 72 70 61 80 68 37 58 46 8 4
6 90 16 70 62 47 5 2 83 2 66 3 83 38 7 65 5 36 77 10 93 83 66 56 79 43 22 39 92 63 39 25 22 72 5 47 52 56 22 86 71 91 69 85 92 85 41 53 76 63 58 46 26 0 9 50 89 38 56 80 70 10 10 59 90 81 6 12 24 43 11 96 4 75 4 56 52 26 62 79 80 61 16 25 57 23 89 16 74 51 13 92 15 88 62 56 58 2 22 79
99 94 26 30 84 5 35 37 39 31 89 32 50 35 73 20 60 14 53 12 1 17 7 68 89 62 72 73 48 100 89 70 46 31 37 65 18 36 6 9 36 12 84 70 77 29 17 71 96 54 24 90 33 9 0 92 57 25 77 34 41 45 86 78 72 61 98 67 14 87 82 1 90 59 22 35 44 86 49 97 73 44 74 6 19 79 70 73 65 66 48 26 45 9 68 45 67 23 68 22
35 90 77 17 70 42 14 34 14 74 70 65 7 35 57 76 30 4 74 20 75 69 45 70 54 12 30 10 57 89 39 39 54 98 7 35 21 33 19 59 7 20 8 1 64 1 19 39 11 52 93 92 77 50 92 0 88 8 74 61 5 43 24 94 81 22 90 76 98 37 7 80 73 74 48 79 87 79 73 75 33 19 78 69 63 65 4 83 31 54 10 76 60 53 14 50 23 76 86 35
10 5 83 42 62 19 18 83 34 91 7 90 28 7 44 45 64 26 91 82 55 75 78 22 94 42 12 57 27 73 4 18 87 86 74 94 17 6 64 39 86 51 79 78 84 65 67 40 78 29 76 28 13 89 57 88 0 30 60 69 37 53 65 28 46 4 97 50 8 24 28 82 63 25 58 80 7 17 94 62 93 37 79 47 40 90 57 44 95 75 65 31 60 72 40 37 34 54 50 63
48 9 24 23 82 5 31 89 41 44 79 6 69 1 12 76 46 14 6 87 89 20 81 37 92 82 2 61 33 5 88 13 100 70 75 62 63 62 90 2 14 77 81 13 40 34 20 88 39 73 65 83 71 38 25 8 30 0 23 33 53 33 72 66 89 62 79 25 3 13 60 1 42 45 97 83 20 33 31 42 95 70 8 22 65 63 1 41 38 22 62 62 87 86 40 59 5 83 94 100
49 13 15 91 75 58 5 14 56 56 4 43 8 86 3 89 71 5 62 5 25 28 29 12 82 47 74 12 60 86 82 41 29 78 10 41 86 4 45 78 47 68 64 37 14 79 55 42 65 68 29 63 91 56 77 74 60 23 0 74 13 27 32 46 41 88 99 55 86 20 28 30 60 12 25 92 94 5 14 9 60 86 73 94 53 36 60 76 48 3 76 45 76 18 30 44 24 38 82 73
12 93 30 25 47 19 76 89 24 16 69 3 100 26 99 48 63 14 78 33 46 28 73 73 14 56 30 19 64 18 56 95 22 75 38 2 68 98 76 56 98 28 54 66 29 94 62 56 5 14 28 61 29 80 34 61 69 33 74 0 92 71 47 12 62 90 91 8 32 97 76 33 99 83 28 71 1 1 29 82 98 82 12 77 40 20 49 87 33 92 65 76 21 39 90 54 44 13 89 89
9 2 77 39 41 21 30 29 14 2 47 8 13 52 100 32 11 81 33 32 43 69 97 42 4 83 37 99 29 89 23 81 79 50 2 77 36 76 91 90 5 58 81 56 91 50 15 84 69 82 39 48 8 70 41 5 37 53 13 92 0 92 36 94 39 84 48 69 31 17 86 35 74 13 89 88 72 92 55 98 16 86 48 13 43 44 51 49 20 5 62 100 82 38 70 68 35 30 68 75
36 87 9 11 65 63 32 88 25 23 30 57 91 18 62 68 36 45 75 39 18 35 36 9 46 77 27 87 46 28 79 35 7 80 92 97 43 37 48 99 79 12 63 2 36 33 54 55 47 96 38 62 56 10 45 43 53 33 27 71 92 0 46 41 29 52 75 89 39 13 19 80 59 3 54 65 73 96 23 73 43 78 27 52 23 15 88 70 4 89 80 24 41 90 39 4 90 1 8 73
12 78 69 73 66 16 6 2 2 34 55 31 78 19 31 71 64 81 58 61 76 57 93 15 88 60 45 63 99 34 73 56 64 87 8 89 68 1 96 21 76 94 67 6 91 5 59 59 100 87 85 95 51 10 86 24 65 72 32 47 36 46 0 50 36 5 78 81 51 70 43 40 93 38 93 18 52 44 90 32 83 94 77 48 83 27 16 46 75 30 55 12 19 54 49 67 6 31 50 11
8 58 97 37 54 67 32 12 47 63 13 8 63 59 22 40 48 83 67 94 13 58 62 30 92 88 29 76 4 16 68 57 82 39 35 22 60 9 12 30 4 81 27 68 34 39 67 26 21 57 81 59 55 59 78 94 28 66 46 12 94 41 50 0 55 24 71 20 35 36 37 56 18 68 64 97 77 72 88 36 62 58 51 33 34 43 44 5 14 34 69 33 37 99 21 67 12 23 62 72
81 42 2 7 73 46 13 84 84 9 93 36 45 8 81 6 50 66 6 12 30 92 89 75 64 63 35 61 36 48 40 15 98 92 87 54 96 99 88 92 44 66 30 56 89 19 54 46 55 29 78 40 34 90 72 81 46 89 41 62 39 29 36 55 0 62 14 34 63 40 91 31 95 20 79 99 47 46 86 11 23 21 26 56 84 19 8 34 28 54 6 14 59 65 66 38 1 78 8 92
12 20 19 22 6 45 64 89 55 42 37 8 63 59 64 72 30 95 85 46 6 37 60 51 71 46 78 53 49 63 11 96 49 74 98 82 35 16 95 2 97 15 92 88 43 96 92 26 49 56 95 10 16 81 61 22 4 62 88 90 84 52 5 24 62 0 35 41 70 20 46 31 11 35 14 36 19 36 56 9 20 13 19 63 47 64 40 37 58 29 69 86 63 59 92 88 65 30 91 59
20 55 87 22 1 7 44 36 75 58 65 16 84 19 21 20 74 15 19 61 97 1 66 64 76 31 20 75 22 49 56 31 28 51 22 78 21 22 2 20 1 70 34 84 26 54 36 68 60 52 67 37 92 6 98 90 97 79 99 91 48 75 78 71 14 35 0 38 85 4 50 76 79 59 55 65 9 88 18 52 55 79 35 60 42 4 28 58 21 37 76 78 14 47 98 75 12 76 38 5
76 22 43 86 29 59 70 19 21 61 97 42 50 2 63 25 52 82 20 92 30 18 43 61 96 49 39 11 12 61 72 34 35 62 70 51 30 10 67 54 3 80 44 76 94 66 94 95 39 87 62 84 35 12 67 76 50 25 55 8 69 89 81 20 34 41 38 0 13 67 48 34 97 4 31 38 26 4 6 72 55 42 61 33 97 12 23 77 89 8 51 73 76 81 16 17 32 30 77 3
21 96 21 66 71 43 68 54 81 22 80 44 62 67 88 20 48 39 4 3 25 37 11 63 40 45 6 27 85 90 72 61 8 88 60 65 29 20 21 45 100 51 16 11 93 59 64 3 15 44 3 30 92 24 14 98 8 3 86 32 31 39 51 35 63 70 85 13 0 10 98 92 7 86 93 55 24 26 92 78 24 50 59 30 56 54 60 69 48 42 98 60 52 47 46 33 87 47 82 78
46 53 45 84 9 2 44 87 56 13 48 99 33 91 32 95 29 8 98 91 5 18 40 11 20 7 74 1 60 14 75 68 2 62 67 2 15 35 44 4 75 12 54 18 64 75 85 38 35 86 79 30 68 43 87 37 24 13 20 97 17 13 70 36 40 20 4 67 10 0 95 23 54 24 77 97 6 5 68 16 56 45 63 84 70 6 79 52 9 78 31 36 58 35 99 91 66 90 33 75
89 87 9 16 31 73 2 97 60 46 88 11 13 29 22 56 27 86 61 12 21 1 64 38 80 78 98 55 66 15 83 82 39 22 33 75 96 44 9 43 48 77 53 32 60 19 43 25 29 21 40 5 9 11 82 7 28 60 28 76 86 19 43 37 91 46 50 48 98 95 0 40 5 76 68 23 33 67 45 99 96 15 39 12 12 31 51 73 41 72 76 3 4 1 60 20 99 15 28 39
34 59 37 82 87 26 47 47 91 89 98 12 16 75 8 53 99 6 83 49 5 67 72 91 75 79 71 30 48 96 75 94 45 65 4 59 100 36 20 80 24 33 36 18 4 22 6 43 17 17 94 90 7 96 1 80 82 1 30 33 35 80 40 56 31 31 76 34 92 23 40 0 9 47 55 25 53 91 7 77 62 98 56 67 4 27 21 100 30 40 37 85 98 6 75 87 71 11 6 22
33 48 74 96 85 83 92 48 81 93 80 39 12 74 7 85 81 59 5 18 94 81 24 41 46 45 28 94 82 96 97 58 28 25 95 27 64 51 66 89 22 56 39 10 85 94 95 85 10 9 63 90 25 4 90 73 63 42 60 99 74 59 93 18 95 11 79 97 7 54 5 9 0 46 70 23 48 51 43 90 72 82 7 3 69 41 1 92 63 47 14 36 100 43 3 27 65 93 93 92
67 6 54 52 63 40 36 12 42 73 6 21 51 42 66 10 44 15 52 39 76 75 38 90 52 10 90 70 65 61 7 2 70 64 13 73 4 39 64 54 76 84 98 33 44 19 59 31 37 97 40 97 41 75 59 74 25 45 12 83 13 3 38 68 20 35 59 4 86 24 76 47 46 0 98 85 38 56 63 11 75 7 80 81 67 32 58 74 27 82 97 51 76 38 64 38 95 83 22 68
73 98 88 88 10 30 87 42 88 61 61 50 17 23 59 26 75 74 1 55 31 83 45 25 38 59 53 28 74 3 83 79 34 90 71 84 81 25 51 23 66 3 98 12 60 53 2 69 15 23 68 56 63 4 22 48 58 97 25 28 89 54 93 64 79 14 55 31 93 77 68 55 70 98 0 94 12 91 25 22 54 15 7 85 40 29 71 53 84 89 55 29 99 85 44 84 99 80 14 10
57 22 53 78 98 10 73 28 41 64 55 68 87 74 3 29 27 85 14 16 87 26 66 60 100 19 69 63 49 47 41 15 48 22 94 9 92 61 43 42 9 29 71 48 15 36 18 44 7 39 93 6 21 56 35 79 80 83 92 71 88 65 18 97 99 36 65 38 55 97 23 25 23 85 94 0 85 68 76 21 49 86 58 56 47 51 8 58 13 55 95 55 19 36 40 67 99 80 78 97
58 90 95 4 51 26 3 30 92 84 84 79 91 91 85 75 63 1 34 95 95 31 49 72 91 75 59 43 63 25 15 31 32 75 76 92 85 57 30 19 45 28 1 36 26 57 70 64 70 8 43 16 21 52 44 87 7 20 94 1 72 73 52 77 47 19 9 26 24 6 33 53 48 38 12 85 0 37 14 66 72 63 52 75 77 93 47 76 1 89 13 90 67 95 8 98 24 64 3 59
24 68 70 50 41 74 73 89 75 37 57 16 19 1 85 26 22 13 3 40 54 23 95 51 29 21 60 16 70 45 16 26 20 25 30 64 80 51 92 17 92 64 48 1 77 40 89 46 69 44 3 21 35 26 86 79 17 33 5 1 92 96 44 72 46 36 88 4 26 5 67 91 51 56 91 68 37 0 1 19 21 41 56 97 77 41 99 7 25 5 44 63 67 16 44 79 46 64 93 78
50 52 93 12 31 13 61 93 49 12 3 91 19 78 95 8 59 13 18 2 96 43 99 64 77 46 86 68 22 99 9 5 39 62 30 77 79 89 7 17 42 47 31 53 19 89 72 9 34 50 39 95 97 62 49 73 94 31 14 29 55 23 90 88 86 56 18 6 92 68 45 7 43 63 25 76 14 1 0 37 2 60 47 30 76 5 66 37 44 78 31 20 11 55 17 18 21 10 97 26
62 48 35 8 40 100 9 62 8 45 89 87 94 57 19 54 66 57 29 41 54 34 37 5 22 76 38 35 95 92 76 69 57 89 92 67 48 50 44 1 95 52 30 58 25 10 71 64 49 67 44 22 43 79 97 75 62 42 9 82 98 73 32 36 11 9 52 72 78 16 99 77 90 11 22 21 66 19 37 0 24 74 23 70 6 8 5 1 87 32 70 16 53 77 100 41 68 12 82 82
22 26 10 56 10 89 88 49 34 73 81 87 81 46 61 44 51 35 37 1 83 18 58 60 70 82 74 22 18 76 12 100 91 83 94 47 34 74 62 52 9 20 60 23 49 69 32 56 31 22 60 14 1 80 73 33 93 95 60 98 16 43 83 62 23 20 55 55 24 56 96 62 72 75 54 49 72 21 2 24 0 83 22 39 43 37 76 10 10 81 24 48 39 12 79 38 42 70 33 54
66 75 46 96 46 39 28 98 92 28 2 35 26 89 79 3 5 66 29 64 68 89 86 14 74 14 98 5 88 34 79 97 68 86 94 30 29 61 47 75 16 56 53 92 99 8 90 71 68 59 66 96 19 61 44 19 37 70 86 82 86 78 94 58 21 13 79 42 50 45 15 98 82 7 15 86 63 41 60 74 83 0 100 31 82 98 60 57 43 74 59 73 96 37 70 61 83 44 19 52
9 30 58 45 25 37 40 97 32 46 65 22 19 51 78 30 85 7 30 50 38 8 79 82 98 91 90 80 4 65 64 40 83 56 91 50 35 65 53 40 89 65 5 40 88 80 3 61 41 68 33 66 87 16 74 78 79 8 73 12 48 27 77 51 26 19 35 61 59 63 39 56 7 80 7 58 52 56 47 23 22 100 0 14 21 36 11 25 3 56 21 42 82 48 49 72 57 56 93 35
97 100 69 18 14 23 7 77 37 93 57 40 35 33 65 12 39 25 95 80 42 84 42 84 83 25 58 64 72 83 98 49 2 56 43 29 13 15 12 24 90 29 42 61 5 47 75 37 94 79 91 56 6 25 6 69 47 22 94 77 13 52 48 33 56 63 60 33 30 84 12 67 3 81 85 56 75 97 30 70 39 31 14 0 46 93 45 4 88 27 34 44 86 27 46 4 44 1 61 89
42 95 1 28 76 19 43 29 98 60 34 38 11 34 90 51 100 77 4 10 22 81 84 30 6 79 27 99 69 15 82 73 38 96 81 60 76 99 68 100 81 35 26 37 28 78 20 9 77 89 26 76 64 57 19 63 40 65 53 40 43 23 83 34 84 47 42 97 56 70 12 4 69 67 40 47 77 77 76 6 43 82 21 46 0 40 88 62 39 66 82 59 34 7 89 9 19 10 29 72
22 40 34 41 17 45 40 4 67 66 15 39 40 62 76 58 73 69 46 21 55 76 91 90 38 54 32 34 27 56 18 96 96 35 47 44 5 75 49 22 2 58 62 24 29 17 98 49 56 86 12 48 24 23 79 65 90 63 36 20 44 15 27 43 19 64 4 12 54 6 31 27 41 32 29 51 93 41 5 8 37 98 36 93 40 0 85 90 76 38 17 47 32 88 74 71 38 54 97 83
50 20 91 65 51 75 31 48 22 83 58 86 31 26 56 57 3 41 28 67 62 52 38 65 64 90 22 37 59 96 69 91 78 77 6 11 66 12 18 8 93 32 52 40 90 20 47 34 29 58 4 8 30 89 70 4 57 1 60 49 51 88 16 44 8 40 28 23 60 79 51 21 1 58 71 8 47 99 66 5 76 60 11 45 88 85 0 36 76 11 83 19 92 81 38 35 9 69 8 95
56 16 52 29 19 9 10 63 24 35 75 63 12 42 11 60 83 84 98 1 15 22 14 95 63 50 73 45 29 81 14 58 87 93 69 51 61 41 93 32 8 55 96 41 82 50 15 42 2 32 87 8 43 16 73 83 44 41 76 87 49 70 46 5 34 37 58 77 69 52 73 100 92 74 53 58 76 7 37 1 10 57 25 4 62 90 36 0 5 22 87 64 91 84 81 23 77 40 30 93
64 21 42 81 80 82 57 20 29 9 83 58 15 85 87 30 24 53 77 94 83 18 55 63 64 83 17 57 2 91 23 18 29 22 9 51 42 57 55 87 31 44 54 85 59 98 76 74 83 29 57 65 1 74 65 31 95 38 48 33 20 4 75 14 28 58 21 89 48 9 41 30 63 27 84 13 1 25 44 87 10 43 3 88 39 76 76 5 0 56 22 54 53 54 18 3 61 7 7 35
90 35 57 44 78 8 6 31 29 85 14 12 66 72 69 12 6 50 66 44 8 92 60 61 65 67 52 9 79 92 35 40 80 78 10 72 40 48 78 13 85 58 60 36 70 24 85 5 91 30 74 51 28 51 66 54 75 22 3 92 5 89 30 34 54 29 37 8 42 78 72 40 47 82 89 55 89 5 78 32 81 74 56 27 66 38 11 22 56 0 11 84 56 5 8 8 28 25 29 50
6 34 26 47 30 73 18 90 35 63 77 21 73 63 97 59 24 91 2 1 82 85 88 98 100 20 13 31 91 1 88 10 11 96 24 49 72 92 72 78 3 19 96 81 31 76 86 34 37 55 56 46 72 13 48 10 65 62 76 65 62 80 55 69 6 69 76 51 98 31 76 37 14 97 55 95 13 44 31 70 24 59 21 34 82 17 83 87 22 11 0 35 91 55 43 93 8 9 55 44
2 19 27 69 85 23 2 55 9 28 91 84 82 60 70 5 10 44 8 39 12 18 68 69 13 98 62 17 89 12 59 10 28 82 90 2 90 17 26 18 27 40 14 23 21 38 10 67 60 96 34 59 70 92 26 76 31 62 45 76 100 24 12 33 14 86 78 73 60 36 3 85 36 51 29 55 90 63 20 16 48 73 42 44 59 47 19 64 54 84 35 0 78 86 53 73 80 62 79 46
45 51 50 8 57 81 19 2 37 35 60 12 33 48 9 75 69 55 9 50 76 30 48 34 15 8 81 61 59 69 83 82 98 54 70 17 88 4 100 95 68 41 56 12 16 80 12 94 48 75 77 50 61 15 45 60 60 87 76 21 82 41 19 37 59 63 14 76 52 58 4 98 100 76 99 19 67 67 11 53 39 96 82 86 34 32 92 91 53 56 91 78 0 38 60 97 77 24 73 2
68 52 30 23 78 81 19 90 73 22 51 14 32 97 26 88 88 50 97 19 94 73 29 6 26 3 1 27 18 40 79 57 74 43 72 54 68 97 1 43 75 69 59 94 27 10 87 42 7 99 61 51 80 88 9 53 72 86 18 39 38 90 54 99 65 59 47 81 47 35 1 6 43 38 85 36 95 16 55 77 12 37 48 27 7 88 81 84 54 5 55 86 38 0 93 16 64 32 20 11
75 54 16 76 45 15 96 90 90 78 37 17 35 11 60 12 12 55 68 37 97 13 34 97 12 49 41 14 59 39 12 79 99 11 26 6 23 99 74 51 13 15 19 99 57 69 64 84 54 66 14 66 68 62 68 14 40 40 30 90 70 39 49 21 66 92 98 16 46 99 60 75 3 64 44 40 8 44 17 100 79 70 49 46 89 74 38 81 18 8 43 53 60 93 0 15 84 82 78 44
9 1 39 24 66 72 29 57 37 100 26 32 28 77 51 52 57 49 63 82 9 22 31 26 24 43 59 71 52 34 41 33 70 42 59 18 21 23 11 50 41 6 62 24 59 66 96 13 94 37 56 77 37 56 45 50 37 59 44 54 68 4 67 67 38 88 75 17 33 91 20 87 27 38 84 67 98 79 18 41 38 61 72 4 9 71 35 23 3 8 93 73 97 16 15 0 7 59 57 84
23 50 53 1 31 3 57 79 71 16 12 57 43 77 17 96 4 42 80 20 63 89 42 77 37 22 69 100 4 8 42 35 52 1 4 66 51 5 1 76 87 84 12 73 16 42 48 5 92 98 32 36 58 58 67 23 34 5 24 44 35 90 6 12 1 65 12 32 87 66 99 71 65 95 99 99 24 46 21 68 42 83 57 44 19 38 9 77 61 28 8 80 77 64 84 7 0 24 40 90
100 30 14 50 93 2 88 27 17 11 98 14 2 39 22 3 31 42 15 33 93 39 23 98 59 93 87 72 73 74 21 64 76 71 32 85 68 20 5 69 21 93 96 5 100 63 13 65 91 70 37 94 46 2 23 76 54 83 38 13 30 1 31 23 78 30 76 30 47 90 15 11 93 83 80 80 64 64 10 12 70 44 56 1 10 54 69 40 7 25 9 62 24 32 82 59 24 0 1 1
36 88 69 7 2 47 79 8 62 81 85 3 78 78 40 99 3 3 53 65 58 98 53 78 66 1 38 62 9 28 43 48 8 42 16 20 64 40 30 82 13 33 26 42 18 30 85 33 61 29 6 27 8 22 68 86 50 94 82 89 68 8 50 62 8 91 38 77 82 33 28 6 93 22 14 78 3 93 97 82 33 19 93 61 29 97 8 30 7 29 55 79 73 20 78 57 40 1 0 6
51 73 99 70 18 68 61 98 41 27 71 89 19 12 15 42 46 72 4 71 98 52 37 90 47 88 38 11 51 7 73 84 33 44 84 94 30 30 30 54 10 32 99 94 9 14 77 98 77 90 8 77 4 79 22 35 63 100 73 89 75 73 11 72 92 59 5 3 78 75 39 22 92 68 10 97 59 78 26 82 54 52 35 89 72 83 95 93 35 50 44 46 2 11 44 84 90 1 6 0
