100
10
0 5 23 2 13 23 23 88 53 18 76 58 47 11 71 55 88 12 73 74 17 4 16 36 93 14 97 13 63 21 99 78 67 16 77 83 94 33 99 8 52 18 5 29 77 99 14 87 30 17 18 100 36 24 75 55 15 72 65 21 61 31 52 100 91 27 62 58 86 20 8 7 7 15 45 16 71 26 69 20 52 48 62 67 18 36 14 4 27 20 9 70 50 48 46 57 42 31 17 82
5 0 34 33 13 84 97 78 11 81 4 43 50 52 45 69 60 63 62 85 97 60 51 90 55 92 98 76 85 72 64 72 49 100 55 20 79 95 53 47 82 37 76 50 80 64 73 31 69 24 82 26 78 52 23 20 81 35 7 50 41 80 49 80 52 94 61 6 74 10 72 39 88 41 25 34 11 77 75 6 20 82 57 55 44 4 31 2 95 45 21 59 69 55 63 60 10 21 6 43
23 34 0 84 97 39 84 13 39 80 79 75 62 51 90 50 36 79 4 18 26 32 13 83 87 56 29 15 41 22 69 13 75 68 11 60 100 93 94 100 68 82 89 34 29 85 72 33 17 67 46 94 8 19 60 67 6 26 64 78 80 79 90 78 27 56 14 96 96 6 54 67 76 79 22 10 51 48 45 4 84 39 29 20 66 95 55 85 28 43 72 75 58 21 69 81 98 69 89 36
2 33 84 0 97 50 81 50 35 39 72 48 45 44 47 51 14 78 15 22 69 26 4 56 99 75 12 84 9 84 4 37 19 81 8 59 87 92 93 98 94 37 9 48 59 8 14 42 18 14 46 73 79 15 81 24 82 58 16 35 53 63 42 2 35 25 38 76 76 10 76 68 2 58 89 7 94 74 74 23 7 76 11 24 11 59 31 97 96 78 25 3 52 78 41 35 39 21 32 68
13 13 97 97 0 34 89 88 80 18 56 34 84 33 5 47 24 53 69 50 79 28 40 73 43 47 21 24 17 30 9 55 12 7 32 86 71 72 84 58 94 7 12 49 37 8 85 78 32 40 1 31 61 34 98 72 32 80 26 73 78 68 100 49 62 73 81 31 10 66 97 74 30 62 30 61 37 45 80 26 10 91 59 90 59 14 14 18 27 64 23 85 94 31 28 94 15 47 43 36
23 84 39 50 34 0 36 84 78 95 44 97 43 22 53 39 94 31 19 12 31 11 59 50 65 15 24 41 22 32 37 34 22 86 85 64 20 88 8 95 22 83 77 20 77 52 93 25 74 85 37 11 94 66 75 34 21 95 64 6 73 28 56 23 42 45 29 49 48 79 67 50 22 63 7 1 51 12 29 61 49 50 15 72 36 6 45 71 37 35 66 14 88 6 29 70 90 72 27 10
23 97 84 81 89 36 0 8 15 74 3 66 30 64 66 4 31 7 48 3 58 55 92 30 49 73 4 35 25 4 85 1 19 85 44 58 34 70 52 23 75 5 64 93 23 87 37 7 73 83 27 32 63 85 57 62 49 58 44 24 56 18 67 95 88 24 64 95 10 49 49 51 87 94 47 13 60 71 44 70 99 42 22 41 41 74 90 96 87 8 23 19 84 18 91 29 23 28 64 43
88 78 13 50 88 84 8 0 25 56 100 34 53 70 9 18 11 80 20 85 77 42 66 1 80 97 24 64 22 92 86 42 99 5 82 81 51 8 12 53 17 33 93 26 90 75 5 86 24 5 14 89 93 28 25 5 29 22 1 25 33 68 58 84 56 50 74 89 32 11 40 14 91 84 77 7 96 46 41 79 78 66 68 58 1 75 44 14 3 17 74 11 29 95 55 83 96 92 85 86
53 11 39 35 80 78 15 25 0 65 96 27 48 75 1 62 83 7 14 29 47 86 40 33 96 20 70 16 52 51 67 69 75 25 97 92 86 59 54 56 29 60 63 88 35 89 79 83 42 57 40 44 97 44 12 20 17 92 81 80 81 87 82 95 61 23 12 35 55 79 55 38 93 95 42 79 45 70 6 45 96 74 78 30 54 57 9 11 69 96 19 83 21 98 22 41 99 2 95 22
18 81 80 39 18 95 74 56 65 0 24 95 43 3 33 21 74 75 47 77 73 8 45 83 82 16 56 22 97 67 93 24 68 78 55 96 96 51 84 21 31 4 65 27 52 13 40 2 10 64 48 70 100 12 22 43 18 98 64 20 64 22 59 45 67 28 56 92 75 44 80 27 24 72 75 81 81 48 79 56 13 25 13 28 34 64 36 75 82 16 51 28 51 99 15 82 77 52 52 51
76 4 79 72 56 44 3 100 96 24 0 69 61 8 27 1 11 80 8 14 78 41 74 18 42 19 94 33 32 93 40 63 25 2 28 67 13 1 98 9 45 41 18 59 84 80 31 90 22 61 58 36 32 43 63 36 76 30 26 59 55 69 79 46 30 62 74 5 27 34 26 5 78 59 58 96 74 73 72 54 66 52 62 15 96 21 43 31 86 33 57 31 44 36 74 38 56 22 52 18
58 43 75 48 34 97 66 34 27 95 69 0 98 67 23 84 82 80 19 34 8 8 16 99 24 31 49 81 6 14 56 54 97 29 20 37 74 13 86 100 33 43 36 82 44 58 3 92 46 25 11 88 95 22 94 41 73 61 84 15 84 93 30 16 39 56 19 13 71 91 2 98 2 90 20 85 59 47 63 17 30 77 71 53 23 42 27 8 42 96 59 58 48 32 18 69 51 77 32 61
47 50 62 45 84 43 30 53 48 43 61 98 0 21 19 34 56 41 66 95 57 7 97 39 85 32 64 74 58 43 40 19 48 37 62 56 17 12 42 14 66 65 49 37 72 70 23 4 65 7 89 55 60 94 73 93 65 3 72 85 60 78 79 74 5 92 10 13 31 99 17 92 17 23 58 43 42 29 48 12 32 63 29 35 45 56 95 55 74 80 94 65 45 27 60 73 68 19 48 42
11 52 51 44 33 22 64 70 75 3 8 67 21 0 73 97 61 31 22 79 21 17 53 78 37 96 8 41 90 36 37 48 72 31 90 79 46 85 98 65 85 49 98 84 26 28 39 65 27 16 62 53 21 78 79 21 8 45 42 84 99 4 60 13 1 48 35 24 44 32 41 91 11 75 52 71 68 96 30 29 26 49 54 17 68 53 95 47 72 8 8 50 79 52 51 57 37 79 54 92
71 45 90 47 5 53 66 9 1 33 27 23 19 73 0 12 29 36 26 86 95 97 15 13 26 56 17 15 90 74 48 27 93 96 79 39 4 17 40 27 33 100 91 34 42 24 46 71 48 69 16 33 82 23 50 70 49 99 48 19 36 74 56 50 1 48 67 63 56 65 40 28 44 67 3 87 82 59 35 43 76 59 58 43 70 91 41 62 46 24 25 55 31 11 27 55 55 74 89 26
55 69 50 51 47 39 4 18 62 21 1 84 34 97 12 0 93 84 89 33 29 5 24 16 82 4 74 93 7 99 86 54 3 43 84 56 97 52 43 37 95 35 82 15 98 36 93 42 51 67 82 14 30 79 75 5 19 55 2 59 81 40 91 93 71 16 72 21 36 84 54 60 35 16 8 18 87 100 28 21 39 92 25 76 17 83 16 39 31 46 100 37 56 2 4 56 58 16 38 17
88 60 36 14 24 94 31 11 83 74 11 82 56 61 29 93 0 6 82 62 61 100 60 2 4 78 51 98 42 3 25 2 99 3 67 39 51 18 46 83 69 53 71 99 84 15 23 96 51 35 60 55 80 43 35 36 60 90 12 22 18 34 69 92 51 65 17 4 97 43 71 27 70 16 62 67 73 54 52 15 69 50 84 42 79 30 41 99 81 2 49 99 6 69 13 84 70 15 28 85
12 63 79 78 53 31 7 80 7 75 80 80 41 31 36 84 6 0 97 68 34 92 34 33 87 67 56 58 84 29 36 21 94 85 73 98 91 89 6 70 77 10 27 84 99 14 12 42 48 18 10 63 20 69 84 82 78 51 19 48 40 21 57 3 70 29 32 21 71 70 76 74 29 24 53 89 50 74 55 33 90 41 94 2 83 62 23 43 3 65 33 49 6 24 12 70 48 38 44 35
73 62 4 15 69 19 48 20 14 47 8 19 66 22 26 89 82 97 0 22 45 82 81 66 64 15 59 46 88 83 38 14 29 64 49 50 31 8 30 7 87 88 22 29 50 52 34 16 14 63 23 79 6 83 14 71 15 62 27 79 32 80 15 16 65 27 96 100 19 11 12 22 55 61 75 55 75 19 85 20 63 70 28 37 4 37 97 74 79 30 41 64 53 34 41 46 46 11 88 80
74 85 18 22 50 12 3 85 29 77 14 34 95 79 86 33 62 68 22 0 91 33 28 21 60 40 84 94 97 97 53 74 55 27 23 85 38 29 73 91 92 11 89 47 49 81 54 97 80 8 21 49 49 90 20 95 87 59 80 4 1 2 76 38 28 79 82 71 47 3 95 69 58 12 19 94 16 75 76 4 31 59 60 2 49 8 92 42 26 25 33 6 17 38 61 31 53 7 62 100
17 97 26 69 79 31 58 77 47 73 78 8 57 21 95 29 61 34 45 91 0 41 96 40 90 8 58 8 45 59 28 83 60 42 29 85 39 61 64 55 41 27 59 5 10 40 9 14 28 18 20 46 25 48 27 43 14 6 22 58 92 16 97 48 95 68 20 59 20 52 44 51 73 42 85 43 33 99 36 90 29 3 99 43 85 68 20 19 63 79 78 20 37 2 77 31 35 84 51 79
4 60 32 26 28 11 55 42 86 8 41 8 7 17 97 5 100 92 82 33 41 0 49 48 41 42 16 37 82 76 9 49 24 76 99 87 89 33 62 30 54 44 68 12 1 37 56 86 48 71 44 45 97 88 88 80 16 61 92 78 55 98 54 40 30 89 72 76 35 20 81 51 68 6 78 69 85 72 97 50 25 12 67 55 25 7 84 80 44 33 65 62 11 29 70 68 43 45 68 88
16 51 13 4 40 59 92 66 40 45 74 16 97 53 15 24 60 34 81 28 96 49 0 43 94 6 38 17 73 70 32 95 20 61 91 93 80 78 98 61 72 4 44 86 68 3 74 55 86 66 11 63 94 64 97 17 70 94 95 50 23 7 93 37 10 79 10 6 75 79 93 26 12 54 64 82 47 24 62 27 15 55 12 60 22 36 67 96 19 52 19 84 29 96 74 18 10 74 63 91
36 90 83 56 73 50 30 1 33 83 18 99 39 78 13 16 2 33 66 21 40 48 43 0 92 47 68 92 91 91 43 87 99 25 20 38 17 82 51 64 80 55 96 7 8 6 19 48 74 61 14 60 95 43 88 39 41 46 27 21 60 42 44 82 3 92 37 49 67 19 87 64 7 10 96 25 98 66 5 34 78 19 33 92 6 14 49 77 34 95 81 10 13 52 36 97 32 30 66 71
93 55 87 99 43 65 49 80 96 82 42 24 85 37 26 82 4 87 64 60 90 41 94 92 0 87 47 83 4 36 99 100 19 32 17 48 39 17 20 79 45 79 74 37 82 90 90 1 9 19 81 58 82 31 41 70 67 88 65 99 27 43 31 25 67 8 50 24 58 91 8 76 83 33 93 74 10 57 1 21 54 60 69 11 4 100 90 11 11 65 66 31 38 60 53 61 4 56 39 95
14 92 56 75 47 15 73 97 20 16 19 31 32 96 56 4 78 67 15 40 8 42 6 47 87 0 54 98 9 5 66 51 24 11 69 96 74 52 16 80 43 55 89 46 93 9 55 70 19 41 98 98 71 14 90 63 62 76 69 89 99 61 55 13 85 28 20 39 82 19 35 69 83 60 23 82 98 48 85 27 13 51 52 84 72 46 88 60 80 48 38 19 88 93 68 76 58 86 74 3
97 98 29 12 21 24 4 24 70 56 94 49 64 8 17 74 51 56 59 84 58 16 38 68 47 54 0 8 98 94 78 7 31 54 79 40 24 79 55 63 1 4 24 14 28 1 79 40 63 43 78 57 74 84 72 4 38 31 21 40 12 16 70 8 80 64 13 86 95 61 47 81 38 60 48 2 25 25 32 64 25 74 59 45 9 96 86 68 75 35 87 85 91 40 35 54 2 85 7 37
13 76 15 84 24 41 35 64 16 22 33 81 74 41 15 93 98 58 46 94 8 37 17 92 83 98 8 0 14 65 67 11 73 20 44 38 94 41 21 39 17 94 26 25 2 11 81 71 32 61 62 84 36 40 29 12 74 85 12 67 64 82 51 75 70 6 51 94 71 57 2 2 70 66 16 73 2 7 64 28 85 96 41 14 82 92 55 87 93 67 5 26 75 20 70 94 77 89 58 4
63 85 41 9 17 22 25 22 52 97 32 6 58 90 90 7 42 84 88 97 45 82 73 91 4 9 98 14 0 69 95 81 81 62 15 97 56 78 78 97 46 30 26 44 69 96 76 72 69 40 93 73 93 59 49 26 59 89 21 17 97 100 63 87 41 73 76 4 1 85 19 60 32 56 33 88 93 67 19 71 10 80 13 90 27 67 71 88 24 74 23 27 38 43 1 87 67 84 75 2
21 72 22 84 30 32 4 92 51 67 93 14 43 36 74 99 3 29 83 97 59 76 70 91 36 5 94 65 69 0 34 33 89 4 68 73 8 31 50 50 33 100 5 98 74 61 59 20 21 58 43 10 67 40 19 56 26 52 48 32 25 38 1 7 56 10 47 84 33 24 79 35 74 63 27 48 99 96 83 88 80 6 23 88 32 70 60 81 83 62 45 86 76 16 42 43 48 12 42 32
99 64 69 4 9 37 85 86 67 93 40 56 40 37 48 86 25 36 38 53 28 9 32 43 99 66 78 67 95 34 0 97 17 10 61 99 14 72 9 50 61 28 80 94 80 9 85 27 67 61 48 96 2 71 35 2 14 49 12 52 13 88 44 84 54 30 93 39 46 78 65 82 36 31 72 71 34 7 88 46 5 100 35 24 63 11 90 67 5 87 81 46 54 12 41 25 6 58 3 38
78 72 13 37 55 34 1 42 69 24 63 54 19 48 27 54 2 21 14 74 83 49 95 87 100 51 7 11 81 33 97 0 2 43 70 74 59 23 16 74 9 74 88 20 64 58 83 21 70 48 96 11 74 6 59 9 46 29 100 88 96 97 64 42 9 71 96 35 86 24 45 64 19 22 51 100 56 78 96 51 91 82 40 4 91 5 21 69 90 81 87 56 54 45 98 16 24 47 47 5
67 49 75 19 12 22 19 99 75 68 25 97 48 72 93 3 99 94 29 55 60 24 20 99 19 24 31 73 81 89 17 2 0 8 91 94 91 97 27 73 28 97 93 5 42 42 73 6 53 39 58 51 14 26 12 73 91 7 42 76 30 74 59 57 4 31 5 84 99 29 80 95 26 46 80 35 61 27 20 52 13 39 80 12 45 24 92 53 80 80 69 90 65 5 13 8 25 91 64 32
16 100 68 81 7 86 85 5 25 78 2 29 37 31 96 43 3 85 64 27 42 76 61 25 32 11 54 20 62 4 10 43 8 0 96 30 32 19 55 68 36 42 48 18 35 1 47 74 48 71 16 90 37 40 19 36 90 43 32 43 9 85 66 35 18 48 100 21 43 66 69 35 32 84 10 86 51 71 83 34 31 27 14 58 61 86 29 74 34 94 38 100 24 1 62 11 96 40 74 55
77 55 11 8 32 85 44 82 97 55 28 20 62 90 79 84 67 73 49 23 29 99 91 20 17 69 79 44 15 68 61 70 91 96 0 4 67 74 99 75 72 16 68 59 77 30 76 23 1 79 10 38 96 52 33 81 81 79 38 72 37 84 3 4 74 25 53 56 43 41 55 43 50 69 95 17 30 71 2 42 98 94 85 91 20 42 91 72 85 15 51 67 98 57 95 35 10 85 17 49
83 20 60 59 86 64 58 81 92 96 67 37 56 79 39 56 39 98 50 85 85 87 93 38 48 96 40 38 97 73 99 74 94 30 4 0 47 71 18 60 71 26 55 68 100 5 62 40 6 80 36 20 46 82 44 7 99 64 69 70 72 21 81 82 93 56 81 72 91 6 42 6 83 19 34 52 68 42 60 31 14 10 70 27 59 18 6 33 75 67 68 64 100 25 67 94 49 9 96 22
94 79 100 87 71 20 34 51 86 96 13 74 17 46 4 97 51 91 31 38 39 89 80 17 39 74 24 94 56 8 14 59 91 32 67 47 0 92 14 3 100 68 41 85 98 63 2 31 27 24 37 33 25 80 4 63 47 38 65 2 9 56 94 64 89 24 68 80 80 70 49 75 19 37 48 81 13 78 69 55 2 84 59 28 65 32 74 28 8 60 26 30 51 43 3 76 21 90 52 15
33 95 93 92 72 88 70 8 59 51 1 13 12 85 17 52 18 89 8 29 61 33 78 82 17 52 79 41 78 31 72 23 97 19 74 71 92 0 7 26 79 22 20 44 44 48 99 49 99 55 17 3 48 70 72 62 60 53 60 37 63 90 29 68 20 53 36 24 55 90 97 16 41 37 52 51 31 61 94 95 37 73 87 42 4 66 40 25 96 83 68 64 50 39 95 61 44 48 46 95
99 53 94 93 84 8 52 12 54 84 98 86 42 98 40 43 46 6 30 73 64 62 98 51 20 16 55 21 78 50 9 16 27 55 99 18 14 7 0 75 4 15 2 45 79 50 47 95 15 17 44 29 53 43 54 83 94 35 7 91 5 1 48 3 24 25 51 45 13 91 34 17 23 27 25 39 14 86 74 14 9 14 80 99 44 27 9 49 22 14 76 6 47 12 9 66 79 88 100 22
8 47 100 98 58 95 23 53 56 21 9 100 14 65 27 37 83 70 7 91 55 30 61 64 79 80 63 39 97 50 50 74 73 68 75 60 3 26 75 0 64 36 84 96 36 4 23 42 21 3 34 19 73 52 99 4 72 39 54 23 14 55 31 4 83 25 69 9 25 26 98 98 20 77 50 30 28 10 97 30 49 97 45 85 16 8 89 51 92 99 35 48 49 13 90 68 37 23 73 2
52 82 68 94 94 22 75 17 29 31 45 33 66 85 33 95 69 77 87 92 41 54 72 80 45 43 1 17 46 33 61 9 28 36 72 71 100 79 4 64 0 11 69 74 16 30 34 26 61 47 32 99 95 73 66 42 68 91 88 68 76 13 17 53 24 41 11 53 93 47 83 85 47 75 29 77 80 32 30 95 28 74 88 22 98 78 51 41 34 21 88 39 94 4 51 22 36 79 34 2
18 37 82 37 7 83 5 33 60 4 41 43 65 49 100 35 53 10 88 11 27 44 4 55 79 55 4 94 30 100 28 74 97 42 16 26 68 22 15 36 11 0 38 66 90 37 3 44 24 25 82 88 81 82 51 97 85 18 24 100 44 1 49 6 80 44 97 96 19 24 18 76 55 77 24 20 17 57 28 74 62 62 38 39 42 9 2 8 58 21 34 23 4 76 68 28 35 12 41 39
5 76 89 9 12 77 64 93 63 65 18 36 49 98 91 82 71 27 22 89 59 68 44 96 74 89 24 26 26 5 80 88 93 48 68 55 41 20 2 84 69 38 0 91 16 10 9 58 57 99 8 56 85 91 50 82 69 23 99 7 56 23 21 22 38 16 88 79 85 94 51 69 17 48 3 62 47 60 87 73 2 43 20 75 22 94 11 82 7 73 56 88 6 7 38 17 54 3 27 11
29 50 34 48 49 20 93 26 88 27 59 82 37 84 34 15 99 84 29 47 5 12 86 7 37 46 14 25 44 98 94 20 5 18 59 68 85 44 45 96 74 66 91 0 3 43 87 40 29 55 62 44 44 65 53 14 92 54 35 70 100 45 15 75 85 96 75 24 59 47 95 23 86 38 52 14 96 56 50 62 70 81 88 67 100 27 20 92 60 100 52 67 7 90 93 45 99 29 93 40
77 80 29 59 37 77 23 90 35 52 84 44 72 26 42 98 84 99 50 49 10 1 68 8 82 93 28 2 69 74 80 64 42 35 77 100 98 44 79 36 16 90 16 3 0 94 42 25 18 14 71 22 33 52 39 16 9 5 95 1 90 80 86 48 32 19 70 98 36 95 94 28 40 47 24 95 40 86 40 18 66 27 61 60 49 45 67 34 79 60 48 95 100 88 100 100 97 91 1 64
99 64 85 8 8 52 87 75 89 13 80 58 70 28 24 36 15 14 52 81 40 37 3 6 90 9 1 11 96 61 9 58 42 1 30 5 63 48 50 4 30 37 10 43 94 0 5 31 76 56 99 78 46 61 91 18 41 91 15 2 61 20 14 72 43 69 75 30 48 73 27 57 66 44 8 15 55 15 40 18 73 89 43 70 67 50 62 86 83 42 15 82 95 57 34 29 99 38 62 71
14 73 72 14 85 93 37 5 79 40 31 3 23 39 46 93 23 12 34 54 9 56 74 19 90 55 79 81 76 59 85 83 73 47 76 62 2 99 47 23 34 3 9 87 42 5 0 93 84 99 60 74 100 55 94 1 95 62 52 85 87 9 71 100 20 8 73 71 10 7 67 13 60 69 24 98 63 36 11 66 19 87 6 85 80 45 61 22 55 45 20 89 49 50 96 26 19 64 5 88
87 31 33 42 78 25 7 86 83 2 90 92 4 65 71 42 96 42 16 97 14 86 55 48 1 70 40 71 72 20 27 21 6 74 23 40 31 49 95 42 26 44 58 40 25 31 93 0 45 35 74 85 79 89 4 62 77 56 37 63 71 11 34 23 51 4 99 71 44 67 30 18 20 49 24 50 12 55 11 9 2 25 37 32 68 85 85 47 75 37 76 34 100 24 5 61 19 14 80 60
30 69 17 18 32 74 73 24 42 10 22 46 65 27 48 51 51 48 14 80 28 48 86 74 9 19 63 32 69 21 67 70 53 48 1 6 27 99 15 21 61 24 57 29 18 76 84 45 0 15 7 74 16 64 81 59 41 79 61 97 1 89 69 71 41 34 7 80 58 44 70 64 79 47 35 26 1 55 55 50 77 95 94 29 13 88 45 43 85 34 100 20 91 40 51 40 5 83 71 61
17 24 67 14 40 85 83 5 57 64 61 25 7 16 69 67 35 18 63 8 18 71 66 61 19 41 43 61 40 58 61 48 39 71 79 80 24 55 17 3 47 25 99 55 14 56 99 35 15 0 72 78 24 35 60 29 25 96 71 84 68 49 24 12 29 18 89 95 70 38 74 31 31 56 48 61 88 26 90 98 35 71 70 76 45 39 70 85 48 90 13 78 24 15 86 21 78 26 69 55
18 82 46 46 1 37 27 14 40 48 58 11 89 62 16 82 60 10 23 21 20 44 11 14 81 98 78 62 93 43 48 96 58 16 10 36 37 17 44 34 32 82 8 62 71 99 60 74 7 72 0 12 54 97 100 49 43 99 60 52 60 75 36 61 47 8 18 70 46 50 86 65 53 29 11 33 13 47 35 38 47 87 99 70 57 23 69 19 92 40 52 29 87 4 22 80 23 83 62 86
100 26 94 73 31 11 32 89 44 70 36 88 55 53 33 14 55 63 79 49 46 45 63 60 58 98 57 84 73 10 96 11 51 90 38 20 33 3 29 19 99 88 56 44 22 78 74 85 74 78 12 0 27 51 5 12 96 47 44 14 46 77 34 19 57 41 64 50 52 1 25 54 70 70 44 28 44 44 9 100 12 86 67 54 81 52 1 65 10 32 57 1 96 71 35 17 81 32 22 75
36 78 8 79 61 94 63 93 97 100 32 95 60 21 82 30 80 20 6 49 25 97 94 95 82 71 74 36 93 67 2 74 14 37 96 46 25 48 53 73 95 81 85 44 33 46 100 79 16 24 54 27 0 5 65 82 80 25 20 13 25 79 47 35 91 63 43 11 31 24 5 18 43 76 82 92 46 95 68 94 57 25 95 1 37 85 90 61 93 9 48 44 20 76 41 35 30 75 78 3
24 52 19 15 34 66 85 28 44 12 43 22 94 78 23 79 43 69 83 90 48 88 64 43 31 14 84 40 59 40 71 6 26 40 52 82 80 70 43 52 73 82 91 65 52 61 55 89 64 35 97 51 5 0 77 96 10 53 67 71 37 76 66 40 61 5 98 3 84 79 90 40 31 70 17 41 54 65 41 51 85 62 1 98 12 44 5 1 87 27 44 1 65 77 93 20 84 37 64 99
75 23 60 81 98 75 57 25 12 22 63 94 73 79 50 75 35 84 14 20 27 88 97 88 41 90 72 29 49 19 35 59 12 19 33 44 4 72 54 99 66 51 50 53 39 91 94 4 81 60 100 5 65 77 0 30 87 92 28 78 44 1 42 71 24 65 33 53 91 57 12 9 68 90 94 77 65 69 29 92 80 32 94 87 9 42 18 34 1 1 12 36 79 46 42 89 41 9 32 23
55 20 67 24 72 34 62 5 20 43 36 41 93 21 70 5 36 82 71 95 43 80 17 39 70 63 4 12 26 56 2 9 73 36 81 7 63 62 83 4 42 97 82 14 16 18 1 62 59 29 49 12 82 96 30 0 51 49 45 24 42 19 1 79 14 64 92 92 21 57 18 94 3 66 18 19 16 11 18 74 78 19 35 75 3 78 17 58 1 31 7 84 90 93 85 100 6 69 37 38
15 81 6 82 32 21 49 29 17 18 76 73 65 8 49 19 60 78 15 87 14 16 70 41 67 62 38 74 59 26 14 46 91 90 81 99 47 60 94 72 68 85 69 92 9 41 95 77 41 25 43 96 80 10 87 51 0 26 97 9 76 85 84 80 25 69 75 24 45 43 47 57 94 12 86 78 82 74 44 17 81 5 57 71 40 10 16 59 76 28 91 14 62 8 70 79 6 30 99 95
72 35 26 58 80 95 58 22 92 98 30 61 3 45 99 55 90 51 62 59 6 61 94 46 88 76 31 85 89 52 49 29 7 43 79 64 38 53 35 39 91 18 23 54 5 91 62 56 79 96 99 47 25 53 92 49 26 0 23 32 46 9 21 31 13 7 44 79 89 46 79 64 32 3 67 4 24 94 96 48 69 84 55 11 58 42 78 5 39 10 34 91 36 7 66 56 25 92 86 4
65 7 64 16 26 64 44 1 81 64 26 84 72 42 48 2 12 19 27 80 22 92 95 27 65 69 21 12 21 48 12 100 42 32 38 69 65 60 7 54 88 24 99 35 95 15 52 37 61 71 60 44 20 67 28 45 97 23 0 95 80 27 31 97 59 54 39 50 87 2 2 65 72 35 69 99 87 76 77 36 86 11 85 20 73 96 25 63 8 98 30 20 10 80 36 27 88 56 75 72
21 50 78 35 73 6 24 25 80 20 59 15 85 84 19 59 22 48 79 4 58 78 50 21 99 89 40 67 17 32 52 88 76 43 72 70 2 37 91 23 68 100 7 70 1 2 85 63 97 84 52 14 13 71 78 24 9 32 95 0 38 60 37 83 92 28 15 3 93 64 13 37 75 80 8 100 100 40 13 42 67 57 61 79 62 9 54 87 10 4 93 86 61 16 65 57 90 94 90 13
61 41 80 53 78 73 56 33 81 64 55 84 60 99 36 81 18 40 32 1 92 55 23 60 27 99 12 64 97 25 13 96 30 9 37 72 9 63 5 14 76 44 56 100 90 61 87 71 1 68 60 46 25 37 44 42 76 46 80 38 0 69 16 75 5 6 60 94 44 90 98 87 65 87 93 15 46 34 36 28 22 50 20 74 38 35 97 55 7 10 53 52 28 32 49 22 78 63 1 89
31 80 79 63 68 28 18 68 87 22 69 93 78 4 74 40 34 21 80 2 16 98 7 42 43 61 16 82 100 38 88 97 74 85 84 21 56 90 1 55 13 1 23 45 80 20 9 11 89 49 75 77 79 76 1 19 85 9 27 60 69 0 46 86 13 53 29 94 71 98 35 31 91 54 36 88 40 46 84 89 34 16 40 85 68 80 34 14 43 94 6 74 23 53 17 7 69 16 44 18
52 49 90 42 100 56 67 58 82 59 79 30 79 60 56 91 69 57 15 76 97 54 93 44 31 55 70 51 63 1 44 64 59 66 3 81 94 29 48 31 17 49 21 15 86 14 71 34 69 24 36 34 47 66 42 1 84 21 31 37 16 46 0 62 10 28 79 92 93 32 30 69 63 6 45 47 13 46 36 37 27 18 37 33 67 21 65 89 24 85 95 15 83 60 28 13 62 57 45 53
100 80 78 2 49 23 95 84 95 45 46 16 74 13 50 93 92 3 16 38 48 40 37 82 25 13 8 75 87 7 84 42 57 35 4 82 64 68 3 4 53 6 22 75 48 72 100 23 71 12 61 19 35 40 71 79 80 31 97 83 75 86 62 0 20 81 88 88 12 97 48 26 13 18 5 79 57 13 33 53 35 69 18 4 40 13 47 62 16 1 52 47 3 11 84 59 35 62 39 95
91 52 27 35 62 42 88 56 61 67 30 39 5 1 1 71 51 70 65 28 95 30 10 3 67 85 80 70 41 56 54 9 4 18 74 93 89 20 24 83 24 80 38 85 32 43 20 51 41 29 47 57 91 61 24 14 25 13 59 92 5 13 10 20 0 37 5 80 64 32 19 69 5 100 53 14 59 83 54 23 61 60 64 74 94 94 67 19 74 46 30 54 1 59 51 32 29 75 67 21
27 94 56 25 73 45 24 50 23 28 62 56 92 48 48 16 65 29 27 79 68 89 79 92 8 28 64 6 73 10 30 71 31 48 25 56 24 53 25 25 41 44 16 96 19 69 8 4 34 18 8 41 63 5 65 64 69 7 54 28 6 53 28 81 37 0 73 3 90 85 61 98 83 96 21 41 5 8 3 40 11 6 52 64 37 13 12 81 59 10 84 76 89 98 50 87 10 1 50 7
62 61 14 38 81 29 64 74 12 56 74 19 10 35 67 72 17 32 96 82 20 72 10 37 50 20 13 51 76 47 93 96 5 100 53 81 68 36 51 69 11 97 88 75 70 75 73 99 7 89 18 64 43 98 33 92 75 44 39 15 60 29 79 88 5 73 0 33 50 90 54 70 55 82 87 21 16 96 39 70 95 95 32 23 94 74 11 91 78 55 6 25 25 45 15 65 47 15 71 89
58 6 96 76 31 49 95 89 35 92 5 13 13 24 63 21 4 21 100 71 59 76 6 49 24 39 86 94 4 84 39 35 84 21 56 72 80 24 45 9 53 96 79 24 98 30 71 71 80 95 70 50 11 3 53 92 24 79 50 3 94 94 92 88 80 3 33 0 49 49 21 75 75 4 18 9 40 75 58 19 15 49 74 54 96 58 41 74 92 24 24 87 100 49 6 91 74 30 68 34
86 74 96 76 10 48 10 32 55 75 27 71 31 44 56 36 97 71 19 47 20 35 75 67 58 82 95 71 1 33 46 86 99 43 43 91 80 55 13 25 93 19 85 59 36 48 10 44 58 70 46 52 31 84 91 21 45 89 87 93 44 71 93 12 64 90 50 49 0 17 69 78 37 41 6 48 87 89 60 93 39 58 91 25 86 80 74 85 25 29 64 77 16 92 51 29 12 71 82 90
20 10 6 10 66 79 49 11 79 44 34 91 99 32 65 84 43 70 11 3 52 20 79 19 91 19 61 57 85 24 78 24 29 66 41 6 70 90 91 26 47 24 94 47 95 73 7 67 44 38 50 1 24 79 57 57 43 46 2 64 90 98 32 97 32 85 90 49 17 0 95 33 4 47 25 68 82 47 5 20 44 33 86 72 72 42 86 38 15 30 86 88 15 87 12 54 4 48 1 59
8 72 54 76 97 67 49 40 55 80 26 2 17 41 40 54 71 76 12 95 44 81 93 87 8 35 47 2 19 79 65 45 80 69 55 42 49 97 34 98 83 18 51 95 94 27 67 30 70 74 86 25 5 90 12 18 47 79 2 13 98 35 30 48 19 61 54 21 69 95 0 69 23 72 74 96 15 31 93 4 11 31 89 71 81 66 2 88 94 13 97 79 56 51 9 22 93 84 57 82
7 39 67 68 74 50 51 14 38 27 5 98 92 91 28 60 27 74 22 69 51 51 26 64 76 69 81 2 60 35 82 64 95 35 43 6 75 16 17 98 85 76 69 23 28 57 13 18 64 31 65 54 18 40 9 94 57 64 65 37 87 31 69 26 69 98 70 75 78 33 69 0 22 47 32 19 90 24 36 68 6 98 88 22 59 32 22 55 16 89 73 43 88 92 83 4 96 31 31 54
7 88 76 2 30 22 87 91 93 24 78 2 17 11 44 35 70 29 55 58 73 68 12 7 83 83 38 70 32 74 36 19 26 32 50 83 19 41 23 20 47 55 17 86 40 66 60 20 79 31 53 70 43 31 68 3 94 32 72 75 65 91 63 13 5 83 55 75 37 4 23 22 0 48 32 24 14 14 33 76 2 16 3 34 100 24 98 86 11 39 87 18 43 41 16 92 22 18 15 48
15 41 79 58 62 63 94 84 95 72 59 90 23 75 67 16 16 24 61 12 42 6 54 10 33 60 60 66 56 63 31 22 46 84 69 19 37 37 27 77 75 77 48 38 47 44 69 49 47 56 29 70 76 70 90 66 12 3 35 80 87 54 6 18 100 96 82 4 41 47 72 47 48 0 69 35 32 36 21 36 40 67 23 56 73 82 11 70 33 8 68 65 100 72 89 73 70 61 51 78
45 25 22 89 30 7 47 77 42 75 58 20 58 52 3 8 62 53 75 19 85 78 64 96 93 23 48 16 33 27 72 51 80 10 95 34 48 52 25 50 29 24 3 52 24 8 24 24 35 48 11 44 82 17 94 18 86 67 69 8 93 36 45 5 53 21 87 18 6 25 74 32 32 69 0 86 24 56 9 38 42 24 34 44 32 26 28 12 35 45 67 38 33 52 18 14 69 37 8 16
16 34 10 7 61 1 13 7 79 81 96 85 43 71 87 18 67 89 55 94 43 69 82 25 74 82 2 73 88 48 71 100 35 86 17 52 81 51 39 30 77 20 62 14 95 15 98 50 26 61 33 28 92 41 77 19 78 4 99 100 15 88 47 79 14 41 21 9 48 68 96 19 24 35 86 0 9 74 96 92 84 1 45 32 50 99 95 33 6 35 99 95 95 25 87 33 76 54 27 53
71 11 51 94 37 51 60 96 45 81 74 59 42 68 82 87 73 50 75 16 33 85 47 98 10 98 25 2 93 99 34 56 61 51 30 68 13 31 14 28 80 17 47 96 40 55 63 12 1 88 13 44 46 54 65 16 82 24 87 100 46 40 13 57 59 5 16 40 87 82 15 90 14 32 24 9 0 99 41 59 38 64 95 38 64 69 28 69 8 49 54 74 60 61 18 55 38 37 18 16
26 77 48 74 45 12 71 46 70 48 73 47 29 96 59 100 54 74 19 75 99 72 24 66 57 48 25 7 67 96 7 78 27 71 71 42 78 61 86 10 32 57 60 56 86 15 36 55 55 26 47 44 95 65 69 11 74 94 76 40 34 46 46 13 83 8 96 75 89 47 31 24 14 36 56 74 99 0 64 19 95 65 85 92 63 94 10 14 58 97 5 81 38 19 92 31 55 57 33 49
69 75 45 74 80 29 44 41 6 79 72 63 48 30 35 28 52 55 85 76 36 97 62 5 1 85 32 64 19 83 88 96 20 83 2 60 69 94 74 97 30 28 87 50 40 40 11 11 55 90 35 9 68 41 29 18 44 96 77 13 36 84 36 33 54 3 39 58 60 5 93 36 33 21 9 96 41 64 0 46 68 32 53 50 78 63 69 21 41 6 51 44 28 27 81 2 54 74 19 60
20 6 4 23 26 61 70 79 45 56 54 17 12 29 43 21 15 33 20 4 90 50 27 34 21 27 64 28 71 88 46 51 52 34 42 31 55 95 14 30 95 74 73 62 18 18 66 9 50 98 38 100 94 51 92 74 17 48 36 42 28 89 37 53 23 40 70 19 93 20 4 68 76 36 38 92 59 19 46 0 24 46 21 30 66 48 2 13 39 58 29 32 4 58 31 78 23 59 97 36
52 20 84 7 10 49 99 78 96 13 66 30 32 26 76 39 69 90 63 31 29 25 15 78 54 13 25 85 10 80 5 91 13 31 98 14 2 37 9 49 28 62 2 70 66 73 19 2 77 35 47 12 57 85 80 78 81 69 86 67 22 34 27 35 61 11 95 15 39 44 11 6 2 40 42 84 38 95 68 24 0 61 20 42 90 60 34 51 55 28 11 8 34 4 55 87 31 58 41 46
48 82 39 76 91 50 42 66 74 25 52 77 63 49 59 92 50 41 70 59 3 12 55 19 60 51 74 96 80 6 100 82 39 27 94 10 84 73 14 97 74 62 43 81 27 89 87 25 95 71 87 86 25 62 32 19 5 84 11 57 50 16 18 69 60 6 95 49 58 33 31 98 16 67 24 1 64 65 32 46 61 0 2 85 37 25 10 35 84 35 32 64 26 100 92 1 20 4 38 36
62 57 29 11 59 15 22 68 78 13 62 71 29 54 58 25 84 94 28 60 99 67 12 33 69 52 59 41 13 23 35 40 80 14 85 70 59 87 80 45 88 38 20 88 61 43 6 37 94 70 99 67 95 1 94 35 57 55 85 61 20 40 37 18 64 52 32 74 91 86 89 88 3 23 34 45 95 85 53 21 20 2 0 24 22 35 74 7 44 73 84 54 21 15 22 63 10 5 21 97
67 55 20 24 90 72 41 58 30 28 15 53 35 17 43 76 42 2 37 2 43 55 60 92 11 84 45 14 90 88 24 4 12 58 91 27 28 42 99 85 22 39 75 67 60 70 85 32 29 76 70 54 1 98 87 75 71 11 20 79 74 85 33 4 74 64 23 54 25 72 71 22 34 56 44 32 38 92 50 30 42 85 24 0 31 17 89 30 65 53 59 64 63 2 63 29 27 83 19 21
18 44 66 11 59 36 41 1 54 34 96 23 45 68 70 17 79 83 4 49 85 25 22 6 4 72 9 82 27 32 63 91 45 61 20 59 65 4 44 16 98 42 22 100 49 67 80 68 13 45 57 81 37 12 9 3 40 58 73 62 38 68 67 40 94 37 94 96 86 72 81 59 100 73 32 50 64 63 78 66 90 37 22 31 0 47 94 55 3 3 37 4 38 4 30 95 75 34 67 99
36 4 95 59 14 6 74 75 57 64 21 42 56 53 91 83 30 62 37 8 68 7 36 14 100 46 96 92 67 70 11 5 24 86 42 18 32 66 27 8 78 9 94 27 45 50 45 85 88 39 23 52 85 44 42 78 10 42 96 9 35 80 21 13 94 13 74 58 80 42 66 32 24 82 26 99 69 94 63 48 60 25 35 17 47 0 24 93 85 14 74 90 26 20 17 35 22 90 98 18
14 31 55 31 14 45 90 44 9 36 43 27 95 95 41 16 41 23 97 92 20 84 67 49 90 88 86 55 71 60 90 21 92 29 91 6 74 40 9 89 51 2 11 20 67 62 61 85 45 70 69 1 90 5 18 17 16 78 25 54 97 34 65 47 67 12 11 41 74 86 2 22 98 11 28 95 28 10 69 2 34 10 74 89 94 24 0 77 33 94 23 95 36 37 50 57 39 54 90 92
4 2 85 97 18 71 96 14 11 75 31 8 55 47 62 39 99 43 74 42 19 80 96 77 11 60 68 87 88 81 67 69 53 74 72 33 28 25 49 51 41 8 82 92 34 86 22 47 43 85 19 65 61 1 34 58 59 5 63 87 55 14 89 62 19 81 91 74 85 38 88 55 86 70 12 33 69 14 21 13 51 35 7 30 55 93 77 0 57 10 42 2 27 62 58 93 42 47 63 41
27 95 28 96 27 37 87 3 69 82 86 42 74 72 46 31 81 3 79 26 63 44 19 34 11 80 75 93 24 83 5 90 80 34 85 75 8 96 22 92 34 58 7 60 79 83 55 75 85 48 92 10 93 87 1 1 76 39 8 10 7 43 24 16 74 59 78 92 25 15 94 16 11 33 35 6 8 58 41 39 55 84 44 65 3 85 33 57 0 47 27 89 67 17 50 71 3 85 2 41
20 45 43 78 64 35 8 17 96 16 33 96 80 8 24 46 2 65 30 25 79 33 52 95 65 48 35 67 74 62 87 81 80 94 15 67 60 83 14 99 21 21 73 100 60 42 45 37 34 90 40 32 9 27 1 31 28 10 98 4 10 94 85 1 46 10 55 24 29 30 13 89 39 8 45 35 49 97 6 58 28 35 73 53 3 14 94 10 47 0 25 27 34 49 19 76 43 66 45 28
9 21 72 25 23 66 23 74 19 51 57 59 94 8 25 100 49 33 41 33 78 65 19 81 66 38 87 5 23 45 81 87 69 38 51 68 26 68 76 35 88 34 56 52 48 15 20 76 100 13 52 57 48 44 12 7 91 34 30 93 53 6 95 52 30 84 6 24 64 86 97 73 87 68 67 99 54 5 51 29 11 32 84 59 37 74 23 42 27 25 0 29 84 36 21 62 1 4 95 77
70 59 75 3 85 14 19 11 83 28 31 58 65 50 55 37 99 49 64 6 20 62 84 10 31 19 85 26 27 86 46 56 90 100 67 64 30 64 6 48 39 23 88 67 95 82 89 34 20 78 29 1 44 1 36 84 14 91 20 86 52 74 15 47 54 76 25 87 77 88 79 43 18 65 38 95 74 81 44 32 8 64 54 64 4 90 95 2 89 27 29 0 24 18 12 32 58 92 83 91
50 69 58 52 94 88 84 29 21 51 44 48 45 79 31 56 6 6 53 17 37 11 29 13 38 88 91 75 38 76 54 54 65 24 98 100 51 50 47 49 94 4 6 7 100 95 49 100 91 24 87 96 20 65 79 90 62 36 10 61 28 23 83 3 1 89 25 100 16 15 56 88 43 100 33 95 60 38 28 4 34 26 21 63 38 26 36 27 67 34 84 24 0 6 83 8 56 70 76 27
48 55 21 78 31 6 18 95 98 99 36 32 27 52 11 2 69 24 34 38 2 29 96 52 60 93 40 20 43 16 12 45 5 1 57 25 43 39 12 13 4 76 7 90 88 57 50 24 40 15 4 71 76 77 46 93 8 7 80 16 32 53 60 11 59 98 45 49 92 87 51 92 41 72 52 25 61 19 27 58 4 100 15 2 4 20 37 62 17 49 36 18 6 0 25 33 56 18 7 13
46 63 69 41 28 29 91 55 22 15 74 18 60 51 27 4 13 12 41 61 77 70 74 36 53 68 35 70 1 42 41 98 13 62 95 67 3 95 9 90 51 68 38 93 100 34 96 5 51 86 22 35 41 93 42 85 70 66 36 65 49 17 28 84 51 50 15 6 51 12 9 83 16 89 18 87 18 92 81 31 55 92 22 63 30 17 50 58 50 19 21 12 83 25 0 53 35 70 49 63
57 60 81 35 94 70 29 83 41 82 38 69 73 57 55 56 84 70 46 31 31 68 18 97 61 76 54 94 87 43 25 16 8 11 35 94 76 61 66 68 22 28 17 45 100 29 26 61 40 21 80 17 35 20 89 100 79 56 27 57 22 7 13 59 32 87 65 91 29 54 22 4 92 73 14 33 55 31 2 78 87 1 63 29 95 35 57 93 71 76 62 32 8 33 53 0 25 15 49 45
42 10 98 39 15 90 23 96 99 77 56 51 68 37 55 58 70 48 46 53 35 43 10 32 4 58 2 77 67 48 6 24 25 96 10 49 21 44 79 37 36 35 54 99 97 99 19 19 5 78 23 81 30 84 41 6 6 25 88 90 78 69 62 35 29 10 47 74 12 4 93 96 22 70 69 76 38 55 54 23 31 20 10 27 75 22 39 42 3 43 1 58 56 56 35 25 0 84 70 2
31 21 69 21 47 72 28 92 2 52 22 77 19 79 74 16 15 38 11 7 84 45 74 30 56 86 85 89 84 12 58 47 91 40 85 9 90 48 88 23 79 12 3 29 91 38 64 14 83 26 83 32 75 37 9 69 30 92 56 94 63 16 57 62 75 1 15 30 71 48 84 31 18 61 37 54 37 57 74 59 58 4 5 83 34 90 54 47 85 66 4 92 70 18 70 15 84 0 18 14
17 6 89 32 43 27 64 85 95 52 52 32 48 54 89 38 28 44 88 62 51 68 63 66 39 74 7 58 75 42 3 47 64 74 17 96 52 46 100 73 34 41 27 93 1 62 5 80 71 69 62 22 78 64 32 37 99 86 75 90 1 44 45 39 67 50 71 68 82 1 57 31 15 51 8 27 18 33 19 97 41 38 21 19 67 98 90 63 2 45 95 83 76 7 49 49 70 18 0 42
82 43 36 68 36 10 43 86 22 51 18 61 42 92 26 17 85 35 80 100 79 88 91 71 95 3 37 4 2 32 38 5 32 55 49 22 15 95 22 2 2 39 11 40 64 71 88 60 61 55 86 75 3 99 23 38 95 4 72 13 89 18 53 95 21 7 89 34 90 59 82 54 48 78 16 53 16 49 60 36 46 36 97 21 99 18 92 41 41 28 77 91 27 13 63 45 2 14 42 0
