100
10
0 91 97 27 41 45 57 94 14 46 42 44 61 57 29 11 94 61 53 66 26 11 18 98 44 99 2 66 100 4 54 41 6 13 97 15 68 59 29 79 97 70 59 94 98 88 21 42 24 35 26 26 58 11 61 75 62 42 58 68 11 88 16 28 71 17 69 59 2 12 51 62 28 52 61 69 90 11 65 30 38 1 19 37 40 60 13 40 10 6 50 21 41 10 60 19 98 25 42 3
91 0 53 39 52 87 45 33 61 80 28 59 58 82 64 26 20 9 49 24 43 88 62 5 37 21 47 87 91 44 40 86 84 44 64 32 6 58 33 38 68 91 64 86 100 34 49 67 44 10 18 68 92 46 3 64 73 25 91 42 89 32 88 10 87 66 84 89 45 29 61 90 45 32 77 59 83 44 47 20 88 23 42 49 44 46 84 22 50 13 72 76 45 60 7 83 38 7 40 63
97 53 0 18 28 62 16 69 33 21 3 66 84 96 50 98 56 9 44 42 88 25 43 14 6 69 7 39 52 61 50 51 62 54 10 55 73 32 98 22 56 16 80 31 83 4 94 38 17 35 85 14 2 70 17 70 2 55 98 3 4 69 5 52 32 84 49 74 84 82 69 95 27 18 29 83 68 29 9 32 75 36 73 98 92 91 90 84 21 21 95 35 20 45 57 86 55 4 64 9
27 39 18 0 33 39 96 25 23 27 79 68 26 13 39 1 28 93 63 44 58 23 31 58 19 49 46 35 54 50 56 10 90 98 86 58 28 94 56 81 79 96 85 27 23 49 33 45 91 37 39 100 54 90 76 18 58 9 97 1 36 84 47 17 19 59 49 22 52 64 76 43 26 83 93 29 15 5 73 37 13 84 88 6 12 39 41 86 96 23 62 15 54 32 96 39 80 47 67 37
41 52 28 33 0 25 30 22 60 91 31 44 18 19 32 62 4 40 40 69 31 91 90 80 14 12 48 16 66 70 57 19 55 61 59 33 16 32 6 29 62 38 56 92 49 84 11 49 11 76 97 5 66 43 24 77 17 44 40 19 2 68 41 66 40 40 17 40 40 14 7 3 93 94 48 44 36 38 14 54 30 25 69 79 34 68 64 39 33 14 22 95 56 78 23 16 89 71 85 69
45 87 62 39 25 0 95 39 1 14 42 52 99 83 4 30 21 22 56 55 91 33 55 27 35 97 36 16 79 42 99 41 90 81 94 98 13 45 44 46 66 48 70 80 7 86 40 40 56 65 7 31 98 53 51 96 35 41 92 78 82 65 35 87 94 57 29 99 53 90 10 57 4 6 57 56 8 4 94 94 15 17 34 34 5 57 77 7 12 4 61 73 86 68 58 54 98 44 64 60
57 45 16 96 30 95 0 59 6 52 28 80 98 29 37 27 59 60 38 11 34 32 82 92 64 14 21 86 37 60 31 52 60 34 94 88 83 70 74 85 86 29 84 30 84 54 99 77 37 30 74 80 67 32 78 40 77 51 77 56 39 62 67 58 99 26 5 26 74 85 11 5 70 81 88 47 97 90 89 7 21 25 14 52 69 79 36 5 46 21 28 77 65 1 15 29 82 58 68 81
94 33 69 25 22 39 59 0 2 61 22 11 49 64 98 43 28 29 99 36 58 41 31 13 30 100 73 19 78 23 67 42 92 81 22 84 97 13 53 54 7 96 64 16 95 83 2 26 79 41 89 74 24 72 49 46 28 28 37 44 20 56 5 40 56 87 99 22 10 18 54 100 97 29 78 47 88 18 10 8 57 60 87 44 63 3 14 29 25 83 43 100 54 25 67 26 17 56 42 67
14 61 33 23 60 1 6 2 0 73 72 16 52 83 86 55 83 82 65 45 65 43 42 64 12 44 94 36 74 99 12 3 18 83 87 48 16 54 42 2 92 83 89 27 21 40 82 36 34 73 25 62 68 16 3 8 74 16 11 53 28 87 9 32 41 51 20 70 65 74 98 28 63 50 75 41 85 10 24 37 94 17 18 85 50 36 67 82 39 58 86 66 63 33 87 56 87 61 25 83
46 80 21 27 91 14 52 61 73 0 82 70 34 31 56 54 38 81 83 28 5 14 68 34 77 79 17 42 19 58 84 42 53 38 87 28 73 27 61 100 95 27 39 74 91 87 64 88 95 6 56 44 21 99 45 36 75 35 83 68 51 99 30 78 100 7 84 12 80 80 27 68 93 12 88 39 79 45 93 100 67 81 77 33 31 60 93 65 12 14 86 16 83 58 24 100 34 14 76 58
42 28 3 79 31 42 28 22 72 82 0 70 58 86 23 10 77 49 25 2 17 60 33 71 99 31 45 3 56 48 77 13 86 92 89 10 76 8 77 36 54 38 23 79 99 95 86 100 75 88 74 18 39 30 44 46 26 5 93 89 11 35 83 85 84 53 49 4 65 57 52 5 31 10 91 92 46 25 53 73 1 69 47 62 42 41 41 92 44 71 85 59 21 23 72 29 70 79 35 33
44 59 66 68 44 52 80 11 16 70 70 0 23 4 4 41 65 54 26 8 5 45 24 51 8 24 4 29 49 40 92 54 47 25 60 35 13 46 25 46 33 5 10 89 76 69 77 34 92 100 100 55 50 77 60 43 100 10 69 36 11 95 3 17 71 62 95 84 6 86 79 54 2 4 18 48 84 12 62 70 21 33 52 27 49 28 43 76 39 66 3 95 83 82 86 95 87 50 73 25
61 58 84 26 18 99 98 49 52 34 58 23 0 49 55 70 72 15 55 18 3 19 42 63 32 40 32 11 68 12 89 69 77 64 16 48 80 75 18 9 71 14 89 44 37 23 31 7 87 72 16 68 70 96 87 92 100 4 35 25 7 72 19 52 63 84 38 16 56 62 42 22 69 81 58 57 64 34 26 78 33 19 72 53 82 85 44 50 55 77 51 77 41 23 9 48 76 96 83 33
57 82 96 13 19 83 29 64 83 31 86 4 49 0 83 98 60 48 76 31 74 48 13 2 38 2 84 14 93 71 29 47 58 37 19 88 14 1 2 30 50 3 96 19 32 74 79 69 37 67 40 33 19 39 67 15 21 76 11 69 92 25 16 53 2 19 23 57 33 27 34 13 78 71 56 43 86 66 9 32 3 55 67 57 98 87 42 83 77 43 43 86 68 77 97 61 41 61 54 24
29 64 50 39 32 4 37 98 86 56 23 4 55 83 0 70 7 65 14 15 15 65 100 58 49 50 32 34 40 11 53 44 17 60 57 86 68 16 94 66 73 76 88 37 18 81 93 32 33 88 99 1 69 42 99 71 21 41 31 44 22 33 39 70 81 7 59 63 64 73 44 23 100 90 40 46 10 33 87 84 79 73 96 44 56 48 24 73 57 87 34 40 37 76 98 79 28 43 69 27
11 26 98 1 62 30 27 43 55 54 10 41 70 98 70 0 13 85 24 30 52 64 44 29 90 94 26 58 55 60 97 7 69 28 83 86 83 85 82 11 67 19 76 37 87 98 10 20 77 93 95 22 59 82 96 62 6 82 63 13 65 97 93 48 49 100 76 60 17 16 14 74 57 81 28 10 23 24 17 16 20 16 98 74 37 54 96 58 51 66 80 75 64 45 4 77 44 31 47 65
94 20 56 28 4 21 59 28 83 38 77 65 72 60 7 13 0 86 65 60 44 92 18 34 53 41 12 90 41 28 70 25 96 10 43 18 79 25 4 84 10 89 28 37 80 24 75 98 39 44 37 43 61 6 58 11 92 54 46 13 47 62 25 4 84 66 25 18 73 100 24 98 98 18 41 92 33 44 10 44 83 1 93 85 17 13 96 22 25 56 28 55 49 35 64 12 78 31 97 93
61 9 9 93 40 22 60 29 82 81 49 54 15 48 65 85 86 0 6 13 19 44 43 25 98 58 8 23 97 65 16 52 100 72 51 40 4 71 55 41 86 79 86 23 14 28 57 92 90 93 80 19 53 10 37 88 36 47 75 85 68 31 26 57 74 13 41 96 7 39 57 30 54 80 69 2 10 62 31 7 28 17 60 52 92 92 26 28 100 34 84 33 57 83 84 90 26 89 72 75
53 49 44 63 40 56 38 99 65 83 25 26 55 76 14 24 65 6 0 76 31 83 16 2 88 37 94 33 88 50 87 37 51 89 17 75 17 91 14 54 32 92 64 9 22 96 4 99 42 4 95 82 70 4 36 96 33 3 2 95 89 61 73 37 18 91 59 7 27 24 69 9 97 20 53 29 12 2 30 44 11 55 91 35 14 57 11 37 93 35 17 90 5 82 88 79 87 66 55 30
66 24 42 44 69 55 11 36 45 28 2 8 18 31 15 30 60 13 76 0 94 2 32 18 84 29 99 15 99 52 92 20 42 44 20 74 24 100 29 14 94 17 53 37 88 33 94 41 75 17 87 57 54 96 82 61 10 92 21 3 59 64 73 77 69 68 40 80 15 78 71 93 32 54 20 56 75 67 47 31 86 5 87 34 23 2 3 91 73 80 8 22 19 50 95 98 95 28 5 49
26 43 88 58 31 91 34 58 65 5 17 5 3 74 15 52 44 19 31 94 0 7 10 56 95 95 94 58 23 10 39 67 93 35 99 14 97 8 91 96 33 3 75 11 83 50 84 32 41 18 57 25 16 90 39 78 69 61 19 57 74 38 24 42 57 29 100 65 47 69 43 34 29 69 28 93 89 18 43 89 96 89 19 66 28 5 51 27 61 54 18 57 95 89 11 25 5 87 51 91
11 88 25 23 91 33 32 41 43 14 60 45 19 48 65 64 92 44 83 2 7 0 96 15 25 16 18 22 25 52 46 1 67 45 46 35 59 26 49 54 19 66 21 45 85 67 97 16 75 53 94 95 70 85 6 36 40 42 85 82 25 69 30 85 85 44 13 69 61 73 38 77 26 22 83 96 98 41 86 48 89 28 20 70 9 43 72 80 26 35 38 8 88 81 39 64 87 35 23 60
18 62 43 31 90 55 82 31 42 68 33 24 42 13 100 44 18 43 16 32 10 96 0 40 57 67 37 59 2 75 42 46 60 78 12 76 25 65 49 40 31 50 78 73 85 61 99 78 86 52 13 21 92 84 81 28 43 32 22 66 74 87 61 54 70 78 89 9 23 76 83 37 85 88 13 38 76 70 72 76 95 87 10 29 60 43 11 21 18 91 7 72 49 45 77 23 22 49 49 78
98 5 14 58 80 27 92 13 64 34 71 51 63 2 58 29 34 25 2 18 56 15 40 0 43 5 41 5 38 78 94 72 31 18 29 37 47 97 100 81 16 21 60 1 79 46 81 6 85 52 82 23 46 91 67 65 27 78 34 19 82 39 84 52 65 49 46 62 71 85 49 5 5 17 99 38 26 16 42 93 93 82 59 88 6 96 86 60 88 2 73 20 12 69 60 1 13 53 32 23
44 37 6 19 14 35 64 30 12 77 99 8 32 38 49 90 53 98 88 84 95 25 57 43 0 37 19 93 66 99 99 91 39 24 5 60 39 80 89 100 41 6 15 8 10 89 9 19 57 41 28 60 22 41 65 73 53 47 41 97 14 22 99 62 36 74 56 16 1 71 76 52 40 19 84 98 20 59 52 40 69 97 47 28 63 87 91 33 70 88 53 28 23 58 96 94 64 29 78 34
99 21 69 49 12 97 14 100 44 79 31 24 40 2 50 94 41 58 37 29 95 16 67 5 37 0 54 41 59 62 99 65 83 62 28 69 73 7 57 46 27 29 30 81 57 47 97 75 20 33 43 32 93 75 61 47 99 13 62 79 16 1 17 44 47 3 36 61 27 78 14 88 62 84 74 84 12 40 74 52 84 69 3 60 68 69 5 29 37 76 2 53 50 24 43 98 67 60 87 45
2 47 7 46 48 36 21 73 94 17 45 4 32 84 32 26 12 8 94 99 94 18 37 41 19 54 0 24 88 97 58 90 32 25 20 31 61 3 88 34 53 54 33 11 25 19 78 63 38 99 26 4 39 39 89 99 16 45 97 36 60 39 24 18 40 7 45 16 62 34 100 96 100 54 15 62 42 24 46 33 16 51 39 55 78 6 33 80 94 95 89 52 75 92 17 99 66 2 39 48
66 87 39 35 16 16 86 19 36 42 3 29 11 14 34 58 90 23 33 15 58 22 59 5 93 41 24 0 14 53 83 3 50 98 62 70 95 15 27 53 44 43 15 34 28 36 95 100 95 12 10 12 10 4 74 50 100 38 39 76 19 98 89 34 90 79 45 11 61 92 79 3 42 47 80 99 97 34 33 4 72 68 14 61 73 37 4 74 46 57 93 57 28 16 73 13 71 60 33 60
100 91 52 54 66 79 37 78 74 19 56 49 68 93 40 55 41 97 88 99 23 25 2 38 66 59 88 14 0 58 51 84 82 38 79 61 29 39 36 45 98 88 78 57 60 53 12 49 28 69 67 52 35 89 68 8 91 75 8 62 2 57 1 98 48 41 87 20 37 69 14 19 97 63 19 59 8 64 1 55 94 91 64 83 42 68 48 15 97 25 94 20 53 92 55 74 90 23 99 6
4 44 61 50 70 42 60 23 99 58 48 40 12 71 11 60 28 65 50 52 10 52 75 78 99 62 97 53 58 0 60 78 96 42 16 17 60 71 92 59 68 47 92 79 73 85 90 57 29 91 83 77 40 61 66 47 40 63 70 21 28 35 35 79 95 34 70 57 34 59 24 40 71 64 7 34 6 96 15 2 20 47 66 33 66 9 13 40 98 63 39 75 1 12 46 5 62 2 13 5
54 40 50 56 57 99 31 67 12 84 77 92 89 29 53 97 70 16 87 92 39 46 42 94 99 99 58 83 51 60 0 23 32 89 71 66 88 69 23 23 86 16 32 10 75 25 50 86 21 80 30 98 8 36 94 54 54 29 50 88 72 12 91 3 18 59 81 71 39 63 95 84 64 70 84 69 97 93 38 96 76 80 34 10 79 78 47 8 2 29 12 76 60 20 52 8 71 4 1 55
41 86 51 10 19 41 52 42 3 42 13 54 69 47 44 7 25 52 37 20 67 1 46 72 91 65 90 3 84 78 23 0 74 75 29 33 66 54 2 90 66 45 2 65 18 81 66 48 29 78 9 41 60 67 14 15 94 83 30 100 38 17 64 55 69 35 39 71 94 17 59 84 52 31 59 98 17 56 45 13 46 18 89 6 80 61 20 61 16 18 90 81 74 49 94 14 36 77 92 62
6 84 62 90 55 90 60 92 18 53 86 47 77 58 17 69 96 100 51 42 93 67 60 31 39 83 32 50 82 96 32 74 0 87 99 15 27 92 12 60 52 100 10 78 53 74 31 76 77 74 24 37 22 19 9 25 33 39 1 46 96 11 38 91 80 35 59 14 37 58 36 61 26 31 96 40 98 73 32 24 89 77 2 40 87 83 90 33 73 98 63 54 81 90 37 62 31 5 88 33
13 44 54 98 61 81 34 81 83 38 92 25 64 37 60 28 10 72 89 44 35 45 78 18 24 62 25 98 38 42 89 75 87 0 15 79 56 10 55 12 61 52 17 56 43 2 95 11 45 54 35 53 42 20 76 6 79 27 6 7 47 54 98 13 13 100 25 19 25 6 72 67 54 35 16 45 68 57 22 72 37 12 94 88 88 18 53 80 22 92 30 66 100 66 67 3 47 2 53 37
97 64 10 86 59 94 94 22 87 87 89 60 16 19 57 83 43 51 17 20 99 46 12 29 5 28 20 62 79 16 71 29 99 15 0 44 42 65 78 43 90 10 51 14 43 17 39 81 85 16 5 36 17 98 68 96 2 75 57 80 99 83 35 65 48 78 55 65 63 15 34 86 97 43 97 79 68 37 38 85 28 4 33 92 76 30 5 39 100 24 82 5 28 19 47 59 94 70 95 57
15 32 55 58 33 98 88 84 48 28 10 35 48 88 86 86 18 40 75 74 14 35 76 37 60 69 31 70 61 17 66 33 15 79 44 0 21 92 39 19 41 62 24 2 97 48 7 52 13 5 90 93 93 48 3 13 60 5 79 58 6 2 19 21 94 3 9 11 13 12 41 67 78 6 56 53 3 62 60 82 64 21 45 14 4 25 63 70 90 76 98 66 90 24 95 38 59 94 27 49
68 6 73 28 16 13 83 97 16 73 76 13 80 14 68 83 79 4 17 24 97 59 25 47 39 73 61 95 29 60 88 66 27 56 42 21 0 97 32 99 1 83 25 24 10 78 18 4 69 9 71 36 61 18 4 34 42 32 88 80 32 15 52 13 15 13 85 58 91 62 75 86 52 14 38 31 80 33 11 67 51 73 92 1 94 73 73 62 66 22 81 49 3 83 15 67 28 20 13 87
59 58 32 94 32 45 70 13 54 27 8 46 75 1 16 85 25 71 91 100 8 26 65 97 80 7 3 15 39 71 69 54 92 10 65 92 97 0 65 87 68 48 46 17 93 48 65 53 48 25 23 83 100 2 44 74 83 9 50 70 61 14 24 30 37 42 58 94 48 44 87 80 75 18 89 67 90 67 65 9 32 86 65 1 66 64 29 26 40 18 100 63 61 62 23 74 87 24 83 71
29 33 98 56 6 44 74 53 42 61 77 25 18 2 94 82 4 55 14 29 91 49 49 100 89 57 88 27 36 92 23 2 12 55 78 39 32 65 0 65 78 67 48 89 9 71 64 53 18 53 92 96 1 50 7 16 67 5 72 73 30 59 43 14 40 44 85 87 39 14 18 59 42 18 96 14 20 45 20 50 26 11 22 4 5 86 29 23 80 68 71 18 44 68 81 52 99 46 92 66
79 38 22 81 29 46 85 54 2 100 36 46 9 30 66 11 84 41 54 14 96 54 40 81 100 46 34 53 45 59 23 90 60 12 43 19 99 87 65 0 73 82 97 54 49 7 38 37 1 75 93 96 97 42 57 51 82 4 67 98 44 53 8 93 40 92 76 93 17 23 61 45 84 90 98 34 92 70 97 76 7 86 95 21 65 66 37 43 89 22 98 60 90 67 7 61 84 31 51 16
97 68 56 79 62 66 86 7 92 95 54 33 71 50 73 67 10 86 32 94 33 19 31 16 41 27 53 44 98 68 86 66 52 61 90 41 1 68 78 73 0 77 30 74 44 30 50 62 48 61 25 30 56 77 38 53 89 35 14 76 57 50 90 50 53 2 89 81 55 34 99 58 58 26 67 32 56 87 24 87 71 42 94 32 82 3 86 79 77 52 23 66 33 53 19 12 85 100 81 84
70 91 16 96 38 48 29 96 83 27 38 5 14 3 76 19 89 79 92 17 3 66 50 21 6 29 54 43 88 47 16 45 100 52 10 62 83 48 67 82 77 0 24 8 88 39 13 40 65 55 66 90 50 10 17 38 18 20 37 63 60 36 98 43 7 86 38 51 37 46 33 89 68 31 31 25 99 63 29 52 7 98 99 74 76 10 9 52 71 32 85 1 60 38 77 49 96 10 41 19
59 64 80 85 56 70 84 64 89 39 23 10 89 96 88 76 28 86 64 53 75 21 78 60 15 30 33 15 78 92 32 2 10 17 51 24 25 46 48 97 30 24 0 13 35 22 79 79 37 36 88 63 18 26 53 12 56 67 6 83 67 6 82 7 88 95 91 37 63 83 64 38 20 38 42 98 42 7 33 90 72 52 20 64 5 72 67 94 69 46 26 17 19 61 73 32 89 36 40 58
94 86 31 27 92 80 30 16 27 74 79 89 44 19 37 37 37 23 9 37 11 45 73 1 8 81 11 34 57 79 10 65 78 56 14 2 24 17 89 54 74 8 13 0 67 26 8 39 62 95 24 36 61 68 5 19 48 61 31 8 83 77 61 25 84 94 100 36 43 37 2 12 91 93 34 57 66 33 29 58 95 75 8 70 81 61 84 99 55 64 58 100 89 43 19 5 93 71 17 30
98 100 83 23 49 7 84 95 21 91 99 76 37 32 18 87 80 14 22 88 83 85 85 79 10 57 25 28 60 73 75 18 53 43 43 97 10 93 9 49 44 88 35 67 0 81 57 43 58 4 35 45 55 71 79 45 78 94 2 30 51 21 67 22 26 86 32 12 78 24 31 6 94 48 64 81 71 1 9 89 99 15 12 96 60 78 100 95 33 15 23 89 48 11 21 65 13 78 62 14
88 34 4 49 84 86 54 83 40 87 95 69 23 74 81 98 24 28 96 33 50 67 61 46 89 47 19 36 53 85 25 81 74 2 17 48 78 48 71 7 30 39 22 26 81 0 2 80 62 25 95 65 83 27 38 36 52 23 41 43 88 27 72 38 82 40 62 44 56 93 71 77 5 38 41 41 20 68 64 49 47 30 76 60 66 18 99 71 80 79 71 10 40 20 40 22 41 13 20 51
21 49 94 33 11 40 99 2 82 64 86 77 31 79 93 10 75 57 4 94 84 97 99 81 9 97 78 95 12 90 50 66 31 95 39 7 18 65 64 38 50 13 79 8 57 2 0 23 5 83 100 70 89 16 52 54 29 11 45 35 2 60 82 6 85 6 18 2 99 83 21 69 56 16 91 54 32 31 5 45 33 20 24 27 11 76 10 31 75 61 55 8 62 47 4 43 56 75 13 42
42 67 38 45 49 40 77 26 36 88 100 34 7 69 32 20 98 92 99 41 32 16 78 6 19 75 63 100 49 57 86 48 76 11 81 52 4 53 53 37 62 40 79 39 43 80 23 0 87 99 43 50 29 94 57 95 96 52 28 93 77 61 56 73 3 7 29 49 93 18 30 11 67 59 87 76 31 18 24 23 54 66 55 91 84 42 5 77 72 82 62 27 40 6 39 10 76 87 53 82
24 44 17 91 11 56 37 79 34 95 75 92 87 37 33 77 39 90 42 75 41 75 86 85 57 20 38 95 28 29 21 29 77 45 85 13 69 48 18 1 48 65 37 62 58 62 5 87 0 73 98 64 51 31 21 12 94 28 7 45 80 85 43 53 17 80 75 26 63 77 47 38 90 14 31 22 52 94 12 19 50 34 86 4 50 13 52 11 51 37 83 52 78 68 72 3 56 17 5 37
35 10 35 37 76 65 30 41 73 6 88 100 72 67 88 93 44 93 4 17 18 53 52 52 41 33 99 12 69 91 80 78 74 54 16 5 9 25 53 75 61 55 36 95 4 25 83 99 73 0 2 80 2 83 84 95 96 47 72 52 16 33 99 63 63 23 28 47 51 44 90 97 86 54 64 82 71 72 15 74 12 14 9 14 51 93 25 39 20 49 95 63 48 7 3 87 61 30 61 87
26 18 85 39 97 7 74 89 25 56 74 100 16 40 99 95 37 80 95 87 57 94 13 82 28 43 26 10 67 83 30 9 24 35 5 90 71 23 92 93 25 66 88 24 35 95 100 43 98 2 0 95 70 35 90 40 48 88 66 54 92 49 14 53 28 7 80 32 44 23 36 16 53 80 48 94 75 62 34 89 16 72 56 95 21 87 90 74 98 19 19 4 71 78 100 80 49 22 84 75
26 68 14 100 5 31 80 74 62 44 18 55 68 33 1 22 43 19 82 57 25 95 21 23 60 32 4 12 52 77 98 41 37 53 36 93 36 83 96 96 30 90 63 36 45 65 70 50 64 80 95 0 90 37 11 88 98 29 22 99 53 44 60 93 65 94 70 32 24 74 26 75 15 31 21 38 51 57 60 15 48 8 24 95 40 96 97 85 73 77 92 55 98 63 21 55 81 50 54 99
58 92 2 54 66 98 67 24 68 21 39 50 70 19 69 59 61 53 70 54 16 70 92 46 22 93 39 10 35 40 8 60 22 42 17 93 61 100 1 97 56 50 18 61 55 83 89 29 51 2 70 90 0 86 82 16 80 18 51 13 55 11 96 36 82 92 8 89 60 1 65 37 7 100 71 62 39 50 61 72 62 18 87 24 88 28 3 89 48 86 15 30 14 19 77 90 69 27 91 17
11 46 70 90 43 53 32 72 16 99 30 77 96 39 42 82 6 10 4 96 90 85 84 91 41 75 39 4 89 61 36 67 19 20 98 48 18 2 50 42 77 10 26 68 71 27 16 94 31 83 35 37 86 0 79 30 78 70 90 83 100 85 59 68 53 3 49 56 57 45 16 78 77 61 88 45 66 77 59 92 24 53 22 28 92 27 1 80 61 92 98 39 37 13 61 8 57 10 20 75
61 3 17 76 24 51 78 49 3 45 44 60 87 67 99 96 58 37 36 82 39 6 81 67 65 61 89 74 68 66 94 14 9 76 68 3 4 44 7 57 38 17 53 5 79 38 52 57 21 84 90 11 82 79 0 6 78 36 28 78 62 22 80 76 73 61 19 46 50 20 94 62 23 91 28 29 16 19 61 32 73 35 93 82 46 14 25 96 2 71 78 32 78 53 49 50 11 56 1 92
75 64 70 18 77 96 40 46 8 36 46 43 92 15 71 62 11 88 96 61 78 36 28 65 73 47 99 50 8 47 54 15 25 6 96 13 34 74 16 51 53 38 12 19 45 36 54 95 12 95 40 88 16 30 6 0 35 12 76 7 91 41 55 40 86 85 99 88 63 70 31 80 15 95 1 91 94 42 64 50 6 58 6 66 41 70 79 69 24 75 7 15 42 59 3 59 60 97 44 71
62 73 2 58 17 35 77 28 74 75 26 100 100 21 21 6 92 36 33 10 69 40 43 27 53 99 16 100 91 40 54 94 33 79 2 60 42 83 67 82 89 18 56 48 78 52 29 96 94 96 48 98 80 78 78 35 0 30 89 75 71 97 80 23 24 34 90 40 74 52 59 6 59 73 99 23 77 83 84 55 63 33 8 89 8 99 9 34 79 68 6 53 87 12 80 57 36 16 19 67
42 25 55 9 44 41 51 28 16 35 5 10 4 76 41 82 54 47 3 92 61 42 32 78 47 13 45 38 75 63 29 83 39 27 75 5 32 9 5 4 35 20 67 61 94 23 11 52 28 47 88 29 18 70 36 12 30 0 12 45 15 39 77 6 54 56 73 77 21 84 79 83 74 69 99 14 27 55 29 49 80 30 32 35 91 15 92 60 31 38 5 14 49 8 53 20 78 51 62 57
58 91 98 97 40 92 77 37 11 83 93 69 35 11 31 63 46 75 2 21 19 85 22 34 41 62 97 39 8 70 50 30 1 6 57 79 88 50 72 67 14 37 6 31 2 41 45 28 7 72 66 22 51 90 28 76 89 12 0 22 74 57 41 78 60 61 80 64 96 80 8 4 92 70 30 75 51 42 53 49 36 62 65 15 24 88 71 47 8 75 39 26 41 72 22 2 28 80 20 2
68 42 3 1 19 78 56 44 53 68 89 36 25 69 44 13 13 85 95 3 57 82 66 19 97 79 36 76 62 21 88 100 46 7 80 58 80 70 73 98 76 63 83 8 30 43 35 93 45 52 54 99 13 83 78 7 75 45 22 0 70 77 7 61 75 31 95 52 71 77 26 7 75 69 94 89 76 91 74 39 94 86 48 5 44 84 30 10 54 76 8 100 29 95 65 60 63 97 68 8
11 89 4 36 2 82 39 20 28 51 11 11 7 92 22 65 47 68 89 59 74 25 74 82 14 16 60 19 2 28 72 38 96 47 99 6 32 61 30 44 57 60 67 83 51 88 2 77 80 16 92 53 55 100 62 91 71 15 74 70 0 39 60 25 37 50 7 96 74 56 59 55 83 77 52 8 96 53 29 16 58 82 35 87 75 15 83 4 33 15 94 58 35 49 96 15 10 95 72 63
88 32 69 84 68 65 62 56 87 99 35 95 72 25 33 97 62 31 61 64 38 69 87 39 22 1 39 98 57 35 12 17 11 54 83 2 15 14 59 53 50 36 6 77 21 27 60 61 85 33 49 44 11 85 22 41 97 39 57 77 39 0 82 21 15 85 69 32 31 37 80 83 90 69 6 82 6 87 95 81 26 68 36 50 99 37 37 2 6 49 37 33 16 3 53 89 28 16 21 77
16 88 5 47 41 35 67 5 9 30 83 3 19 16 39 93 25 26 73 73 24 30 61 84 99 17 24 89 1 35 91 64 38 98 35 19 52 24 43 8 90 98 82 61 67 72 82 56 43 99 14 60 96 59 80 55 80 77 41 7 60 82 0 19 88 73 30 65 89 69 79 57 27 84 93 48 9 90 46 68 13 13 65 11 88 1 51 79 96 36 4 27 16 69 30 54 27 41 34 24
28 10 52 17 66 87 58 40 32 78 85 17 52 53 70 48 4 57 37 77 42 85 54 52 62 44 18 34 98 79 3 55 91 13 65 21 13 30 14 93 50 43 7 25 22 38 6 73 53 63 53 93 36 68 76 40 23 6 78 61 25 21 19 0 17 1 78 27 69 69 97 56 22 22 68 69 28 88 4 82 2 76 92 64 36 62 83 65 74 60 76 65 37 34 55 61 25 25 12 73
71 87 32 19 40 94 99 56 41 100 84 71 63 2 81 49 84 74 18 69 57 85 70 65 36 47 40 90 48 95 18 69 80 13 48 94 15 37 40 40 53 7 88 84 26 82 85 3 17 63 28 65 82 53 73 86 24 54 60 75 37 15 88 17 0 86 26 52 69 40 96 15 96 84 18 41 46 80 29 22 71 70 49 8 85 91 5 52 97 68 48 10 67 10 65 94 23 61 53 22
17 66 84 59 40 57 26 87 51 7 53 62 84 19 7 100 66 13 91 68 29 44 78 49 74 3 7 79 41 34 59 35 35 100 78 3 13 42 44 92 2 86 95 94 86 40 6 7 80 23 7 94 92 3 61 85 34 56 61 31 50 85 73 1 86 0 50 17 10 25 50 100 78 58 83 95 70 52 70 14 14 80 58 14 100 29 65 30 5 90 40 41 78 13 74 64 51 68 47 38
69 84 49 49 17 29 5 99 20 84 49 95 38 23 59 76 25 41 59 40 100 13 89 46 56 36 45 45 87 70 81 39 59 25 55 9 85 58 85 76 89 38 91 100 32 62 18 29 75 28 80 70 8 49 19 99 90 73 80 95 7 69 30 78 26 50 0 70 13 57 12 73 64 56 56 20 96 57 47 38 84 31 36 15 33 74 80 50 6 40 68 29 54 65 9 58 10 81 10 12
59 89 74 22 40 99 26 22 70 12 4 84 16 57 63 60 18 96 7 80 65 69 9 62 16 61 16 11 20 57 71 71 14 19 65 11 58 94 87 93 81 51 37 36 12 44 2 49 26 47 32 32 89 56 46 88 40 77 64 52 96 32 65 27 52 17 70 0 6 42 68 33 75 56 40 4 40 70 3 9 47 57 50 83 13 2 63 62 95 59 19 52 4 74 75 23 93 78 83 71
2 45 84 52 40 53 74 10 65 80 65 6 56 33 64 17 73 7 27 15 47 61 23 71 1 27 62 61 37 34 39 94 37 25 63 13 91 48 39 17 55 37 63 43 78 56 99 93 63 51 44 24 60 57 50 63 74 21 96 71 74 31 89 69 69 10 13 6 0 56 44 63 79 84 6 60 60 67 67 82 1 43 36 82 73 21 97 33 63 89 2 30 86 65 87 35 53 46 84 43
12 29 82 64 14 90 85 18 74 80 57 86 62 27 73 16 100 39 24 78 69 73 76 85 71 78 34 92 69 59 63 17 58 6 15 12 62 44 14 23 34 46 83 37 24 93 83 18 77 44 23 74 1 45 20 70 52 84 80 77 56 37 69 69 40 25 57 42 56 0 99 35 21 5 3 35 48 33 33 8 70 64 58 79 3 64 60 17 24 22 2 97 47 49 31 51 23 26 47 42
51 61 69 76 7 10 11 54 98 27 52 79 42 34 44 14 24 57 69 71 43 38 83 49 76 14 100 79 14 24 95 59 36 72 34 41 75 87 18 61 99 33 64 2 31 71 21 30 47 90 36 26 65 16 94 31 59 79 8 26 59 80 79 97 96 50 12 68 44 99 0 66 8 29 76 47 74 88 54 72 35 35 59 50 60 35 30 59 52 63 97 59 74 46 66 21 67 34 37 12
62 90 95 43 3 57 5 100 28 68 5 54 22 13 23 74 98 30 9 93 34 77 37 5 52 88 96 3 19 40 84 84 61 67 86 67 86 80 59 45 58 89 38 12 6 77 69 11 38 97 16 75 37 78 62 80 6 83 4 7 55 83 57 56 15 100 73 33 63 35 66 0 94 70 3 19 3 89 77 50 1 99 86 25 82 14 83 46 94 59 84 56 28 79 87 10 46 43 80 28
28 45 27 26 93 4 70 97 63 93 31 2 69 78 100 57 98 54 97 32 29 26 85 5 40 62 100 42 97 71 64 52 26 54 97 78 52 75 42 84 58 68 20 91 94 5 56 67 90 86 53 15 7 77 23 15 59 74 92 75 83 90 27 22 96 78 64 75 79 21 8 94 0 38 32 12 58 1 96 15 4 38 6 71 50 29 28 96 97 98 56 86 81 11 29 98 6 76 32 24
52 32 18 83 94 6 81 29 50 12 10 4 81 71 90 81 18 80 20 54 69 22 88 17 19 84 54 47 63 64 70 31 31 35 43 6 14 18 18 90 26 31 38 93 48 38 16 59 14 54 80 31 100 61 91 95 73 69 70 69 77 69 84 22 84 58 56 56 84 5 29 70 38 0 37 72 81 54 41 40 61 5 79 75 89 36 1 34 56 36 95 91 84 2 43 38 30 14 11 28
61 77 29 93 48 57 88 78 75 88 91 18 58 56 40 28 41 69 53 20 28 83 13 99 84 74 15 80 19 7 84 59 96 16 97 56 38 89 96 98 67 31 42 34 64 41 91 87 31 64 48 21 71 88 28 1 99 99 30 94 52 6 93 68 18 83 56 40 6 3 76 3 32 37 0 23 84 72 19 31 100 70 87 98 97 31 53 66 39 32 93 68 37 75 61 76 98 11 58 82
69 59 83 29 44 56 47 47 41 39 92 48 57 43 46 10 92 2 29 56 93 96 38 38 98 84 62 99 59 34 69 98 40 45 79 53 31 67 14 34 32 25 98 57 81 41 54 76 22 82 94 38 62 45 29 91 23 14 75 89 8 82 48 69 41 95 20 4 60 35 47 19 12 72 23 0 41 16 43 17 89 72 95 4 70 100 85 71 21 63 97 50 26 96 66 84 8 1 16 22
90 83 68 15 36 8 97 88 85 79 46 84 64 86 10 23 33 10 12 75 89 98 76 26 20 12 42 97 8 6 97 17 98 68 68 3 80 90 20 92 56 99 42 66 71 20 32 31 52 71 75 51 39 66 16 94 77 27 51 76 96 6 9 28 46 70 96 40 60 48 74 3 58 81 84 41 0 83 76 51 20 20 24 89 49 88 10 19 14 35 35 57 96 17 88 87 92 18 27 76
11 44 29 5 38 4 90 18 10 45 25 12 34 66 33 24 44 62 2 67 18 41 70 16 59 40 24 34 64 96 93 56 73 57 37 62 33 67 45 70 87 63 7 33 1 68 31 18 94 72 62 57 50 77 19 42 83 55 42 91 53 87 90 88 80 52 57 70 67 33 88 89 1 54 72 16 83 0 97 17 75 42 10 96 99 94 88 52 36 91 95 24 31 99 25 73 57 87 94 28
65 47 9 73 14 94 89 10 24 93 53 62 26 9 87 17 10 31 30 47 43 86 72 42 52 74 46 33 1 15 38 45 32 22 38 60 11 65 20 97 24 29 33 29 9 64 5 24 12 15 34 60 61 59 61 64 84 29 53 74 29 95 46 4 29 70 47 3 67 33 54 77 96 41 19 43 76 97 0 20 62 52 52 14 52 25 19 58 15 26 90 88 25 27 19 46 77 99 57 16
30 20 32 37 54 94 7 8 37 100 73 70 78 32 84 16 44 7 44 31 89 48 76 93 40 52 33 4 55 2 96 13 24 72 85 82 67 9 50 76 87 52 90 58 89 49 45 23 19 74 89 15 72 92 32 50 55 49 49 39 16 81 68 82 22 14 38 9 82 8 72 50 15 40 31 17 51 17 20 0 42 21 57 22 30 3 29 53 32 16 29 23 69 20 43 46 3 47 28 69
38 88 75 13 30 15 21 57 94 67 1 21 33 3 79 20 83 28 11 86 96 89 95 93 69 84 16 72 94 20 76 46 89 37 28 64 51 32 26 7 71 7 72 95 99 47 33 54 50 12 16 48 62 24 73 6 63 80 36 94 58 26 13 2 71 14 84 47 1 70 35 1 4 61 100 89 20 75 62 42 0 61 31 29 100 68 46 66 32 59 12 16 82 17 25 31 99 11 92 16
1 23 36 84 25 17 25 60 17 81 69 33 19 55 73 16 1 17 55 5 89 28 87 82 97 69 51 68 91 47 80 18 77 12 4 21 73 86 11 86 42 98 52 75 15 30 20 66 34 14 72 8 18 53 35 58 33 30 62 86 82 68 13 76 70 80 31 57 43 64 35 99 38 5 70 72 20 42 52 21 61 0 70 75 2 59 52 98 7 35 77 78 48 98 84 63 95 100 10 65
19 42 73 88 69 34 14 87 18 77 47 52 72 67 96 98 93 60 91 87 19 20 10 59 47 3 39 14 64 66 34 89 2 94 33 45 92 65 22 95 94 99 20 8 12 76 24 55 86 9 56 24 87 22 93 6 8 32 65 48 35 36 65 92 49 58 36 50 36 58 59 86 6 79 87 95 24 10 52 57 31 70 0 94 56 12 89 97 11 82 44 67 97 36 85 100 48 72 78 4
37 49 98 6 79 34 52 44 85 33 62 27 53 57 44 74 85 52 35 34 66 70 29 88 28 60 55 61 83 33 10 6 40 88 92 14 1 1 4 21 32 74 64 70 96 60 27 91 4 14 95 95 24 28 82 66 89 35 15 5 87 50 11 64 8 14 15 83 82 79 50 25 71 75 98 4 89 96 14 22 29 75 94 0 49 46 9 50 51 59 98 14 52 98 12 12 3 2 36 74
40 44 92 12 34 5 69 63 50 31 42 49 82 98 56 37 17 92 14 23 28 9 60 6 63 68 78 73 42 66 79 80 87 88 76 4 94 66 5 65 82 76 5 81 60 66 11 84 50 51 21 40 88 92 46 41 8 91 24 44 75 99 88 36 85 100 33 13 73 3 60 82 50 89 97 70 49 99 52 30 100 2 56 49 0 81 83 30 89 20 8 87 88 89 61 89 40 57 48 84
60 46 91 39 68 57 79 3 36 60 41 28 85 87 48 54 13 92 57 2 5 43 43 96 87 69 6 37 68 9 78 61 83 18 30 25 73 64 86 66 3 10 72 61 78 18 76 42 13 93 87 96 28 27 14 70 99 15 88 84 15 37 1 62 91 29 74 2 21 64 35 14 29 36 31 100 88 94 25 3 68 59 12 46 81 0 37 2 83 9 44 86 29 78 26 42 1 11 32 49
13 84 90 41 64 77 36 14 67 93 41 43 44 42 24 96 96 26 11 3 51 72 11 86 91 5 33 4 48 13 47 20 90 53 5 63 73 29 29 37 86 9 67 84 100 99 10 5 52 25 90 97 3 1 25 79 9 92 71 30 83 37 51 83 5 65 80 63 97 60 30 83 28 1 53 85 10 88 19 29 46 52 89 9 83 37 0 35 80 75 77 41 30 15 23 17 89 97 9 81
40 22 84 86 39 7 5 29 82 65 92 76 50 83 73 58 22 28 37 91 27 80 21 60 33 29 80 74 15 40 8 61 33 80 39 70 62 26 23 43 79 52 94 99 95 71 31 77 11 39 74 85 89 80 96 69 34 60 47 10 4 2 79 65 52 30 50 62 33 17 59 46 96 34 66 71 19 52 58 53 66 98 97 50 30 2 35 0 40 1 95 99 59 33 3 74 53 40 86 93
10 50 21 96 33 12 46 25 39 12 44 39 55 77 57 51 25 100 93 73 61 26 18 88 70 37 94 46 97 98 2 16 73 22 100 90 66 40 80 89 77 71 69 55 33 80 75 72 51 20 98 73 48 61 2 24 79 31 8 54 33 6 96 74 97 5 6 95 63 24 52 94 97 56 39 21 14 36 15 32 32 7 11 51 89 83 80 40 0 69 66 11 100 24 25 34 57 18 27 97
6 13 21 23 14 4 21 83 58 14 71 66 77 43 87 66 56 34 35 80 54 35 91 2 88 76 95 57 25 63 29 18 98 92 24 76 22 18 68 22 52 32 46 64 15 79 61 82 37 49 19 77 86 92 71 75 68 38 75 76 15 49 36 60 68 90 40 59 89 22 63 59 98 36 32 63 35 91 26 16 59 35 82 59 20 9 75 1 69 0 60 20 13 67 83 70 15 32 98 46
50 72 95 62 22 61 28 43 86 86 85 3 51 43 34 80 28 84 17 8 18 38 7 73 53 2 89 93 94 39 12 90 63 30 82 98 81 100 71 98 23 85 26 58 23 71 55 62 83 95 19 92 15 98 78 7 6 5 39 8 94 37 4 76 48 40 68 19 2 2 97 84 56 95 93 97 35 95 90 29 12 77 44 98 8 44 77 95 66 60 0 10 28 30 78 49 62 2 60 20
21 76 35 15 95 73 77 100 66 16 59 95 77 86 40 75 55 33 90 22 57 8 72 20 28 53 52 57 20 75 76 81 54 66 5 66 49 63 18 60 66 1 17 100 89 10 8 27 52 63 4 55 30 39 32 15 53 14 26 100 58 33 27 65 10 41 29 52 30 97 59 56 86 91 68 50 57 24 88 23 16 78 67 14 87 86 41 99 11 20 10 0 89 1 68 58 47 98 48 10
41 45 20 54 56 86 65 54 63 83 21 83 41 68 37 64 49 57 5 19 95 88 49 12 23 50 75 28 53 1 60 74 81 100 28 90 3 61 44 90 33 60 19 89 48 40 62 40 78 48 71 98 14 37 78 42 87 49 41 29 35 16 16 37 67 78 54 4 86 47 74 28 81 84 37 26 96 31 25 69 82 48 97 52 88 29 30 59 100 13 28 89 0 69 32 88 41 21 7 27
10 60 45 32 78 68 1 25 33 58 23 82 23 77 76 45 35 83 82 50 89 81 45 69 58 24 92 16 92 12 20 49 90 66 19 24 83 62 68 67 53 38 61 43 11 20 47 6 68 7 78 63 19 13 53 59 12 8 72 95 49 3 69 34 10 13 65 74 65 49 46 79 11 2 75 96 17 99 27 20 17 98 36 98 89 78 15 33 24 67 30 1 69 0 19 5 48 38 68 57
60 7 57 96 23 58 15 67 87 24 72 86 9 97 98 4 64 84 88 95 11 39 77 60 96 43 17 73 55 46 52 94 37 67 47 95 15 23 81 7 19 77 73 19 21 40 4 39 72 3 100 21 77 61 49 3 80 53 22 65 96 53 30 55 65 74 9 75 87 31 66 87 29 43 61 66 88 25 19 43 25 84 85 12 61 26 23 3 25 83 78 68 32 19 0 89 76 100 28 86
19 83 86 39 16 54 29 26 56 100 29 95 48 61 79 77 12 90 79 98 25 64 23 1 94 98 99 13 74 5 8 14 62 3 59 38 67 74 52 61 12 49 32 5 65 22 43 10 3 87 80 55 90 8 50 59 57 20 2 60 15 89 54 61 94 64 58 23 35 51 21 10 98 38 76 84 87 73 46 46 31 63 100 12 89 42 17 74 34 70 49 58 88 5 89 0 10 70 76 56
98 38 55 80 89 98 82 17 87 34 70 87 76 41 28 44 78 26 87 95 5 87 22 13 64 67 66 71 90 62 71 36 31 47 94 59 28 87 99 84 85 96 89 93 13 41 56 76 56 61 49 81 69 57 11 60 36 78 28 63 10 28 27 25 23 51 10 93 53 23 67 46 6 30 98 8 92 57 77 3 99 95 48 3 40 1 89 53 57 15 62 47 41 48 76 10 0 21 7 79
25 7 4 47 71 44 58 56 61 14 79 50 96 61 43 31 31 89 66 28 87 35 49 53 29 60 2 60 23 2 4 77 5 2 70 94 20 24 46 31 100 10 36 71 78 13 75 87 17 30 22 50 27 10 56 97 16 51 80 97 95 16 41 25 61 68 81 78 46 26 34 43 76 14 11 1 18 87 99 47 11 100 72 2 57 11 97 40 18 32 2 98 21 38 100 70 21 0 97 13
42 40 64 67 85 64 68 42 25 76 35 73 83 54 69 47 97 72 55 5 51 23 49 32 78 87 39 33 99 13 1 92 88 53 95 27 13 83 92 51 81 41 40 17 62 20 13 53 5 61 84 54 91 20 1 44 19 62 20 68 72 21 34 12 53 47 10 83 84 47 37 80 32 11 58 16 27 94 57 28 92 10 78 36 48 32 9 86 27 98 60 48 7 68 28 76 7 97 0 60
3 63 9 37 69 60 81 67 83 58 33 25 33 24 27 65 93 75 30 49 91 60 78 23 34 45 48 60 6 5 55 62 33 37 57 49 87 71 66 16 84 19 58 30 14 51 42 82 37 87 75 99 17 75 92 71 67 57 2 8 63 77 24 73 22 38 12 71 43 42 12 28 24 28 82 22 76 28 16 69 16 65 4 74 84 49 81 93 97 46 20 10 27 57 86 56 79 13 60 0
