100
10
0 64 5 1 12 53 15 26 9 11 63 12 77 45 79 80 26 75 49 100 92 58 50 77 45 70 78 10 16 53 41 72 64 15 9 96 88 99 7 81 91 35 14 47 34 3 53 92 19 33 94 75 19 1 17 64 55 16 92 26 4 23 73 71 88 72 98 46 76 59 97 70 17 66 27 93 93 8 82 42 12 96 95 91 15 41 38 21 46 3 4 53 23 5 27 44 49 96 44 98
64 0 21 10 75 6 60 32 98 37 89 12 3 19 81 81 63 70 54 79 79 19 97 100 89 6 36 44 86 14 25 8 98 28 13 13 52 35 64 19 24 49 89 19 84 4 18 64 42 11 15 49 39 49 90 25 37 38 79 37 96 75 31 74 70 46 83 30 91 91 47 43 73 61 95 36 41 38 53 81 48 99 77 18 84 7 87 27 60 48 18 71 6 13 45 86 73 69 8 74
5 21 0 29 16 85 71 38 74 18 26 97 3 82 37 64 64 69 62 39 87 68 26 21 88 8 11 35 100 60 51 82 19 54 40 73 41 94 91 7 59 59 82 40 4 56 71 11 3 12 94 66 46 75 63 12 98 80 99 35 74 51 45 84 50 84 10 63 72 35 76 39 18 68 25 43 90 46 93 32 2 57 35 68 65 22 96 50 92 42 79 8 16 72 51 2 72 10 22 82
1 10 29 0 99 50 55 35 88 1 72 26 33 55 16 93 16 79 55 65 67 21 96 99 57 87 80 52 68 20 35 30 59 20 13 9 96 91 8 27 59 46 85 65 99 47 3 75 76 19 81 98 6 9 85 10 76 18 23 85 32 2 82 94 68 25 48 55 41 72 96 68 42 98 99 54 3 22 29 75 76 34 72 72 34 16 34 33 68 27 26 24 46 94 35 97 5 45 43 99
12 75 16 99 0 69 28 10 94 91 45 19 19 86 86 14 29 94 21 44 82 90 10 84 7 75 44 51 61 14 80 12 4 5 78 4 27 65 28 76 93 63 90 65 49 83 49 30 66 85 96 6 50 72 27 34 36 5 23 18 44 47 13 69 66 85 9 75 19 82 20 49 26 74 31 12 98 2 31 45 17 80 14 8 1 68 11 27 63 45 68 78 34 14 21 2 11 56 7 89
53 6 85 50 69 0 39 85 61 71 27 44 36 6 54 52 20 65 40 70 64 37 42 62 36 50 96 46 74 60 55 49 52 8 80 82 91 12 36 83 88 51 29 75 6 66 89 43 90 56 18 63 61 11 3 90 74 89 95 22 94 23 51 57 90 82 10 66 90 59 46 58 86 45 49 47 2 66 13 92 80 20 20 35 66 56 63 82 61 40 36 39 90 28 5 55 13 23 19 34
15 60 71 55 28 39 0 9 85 98 38 66 18 4 36 38 51 14 33 25 56 76 87 8 2 97 72 5 24 42 83 87 27 47 98 24 12 90 44 42 82 2 89 17 80 67 77 18 69 40 21 39 53 32 72 30 46 92 91 49 29 26 36 58 98 38 99 69 100 69 17 43 26 80 52 26 56 92 13 64 57 97 55 52 81 95 71 51 13 51 48 69 88 69 66 93 64 46 88 83
26 32 38 35 10 85 9 0 20 96 38 33 64 79 40 36 88 98 50 62 59 73 27 87 79 67 65 76 45 9 13 22 42 56 93 73 78 64 79 59 32 60 98 83 98 65 67 64 66 42 56 88 38 88 24 13 21 84 97 58 32 75 48 64 34 64 69 72 82 65 36 12 63 43 65 9 56 75 33 21 83 16 67 42 12 44 74 70 85 14 89 93 14 49 35 48 13 100 46 30
9 98 74 88 94 61 85 20 0 68 30 96 70 86 85 53 82 48 22 97 40 76 17 84 22 75 1 57 94 75 3 12 45 93 34 100 87 73 23 34 49 47 33 92 18 69 82 58 7 96 12 28 60 45 4 80 40 37 78 63 42 96 64 90 25 19 2 97 40 46 92 60 59 76 84 85 11 79 85 34 88 20 4 51 57 43 90 89 80 81 73 83 5 68 28 14 10 5 83 21
11 37 18 1 91 71 98 96 68 0 12 84 6 57 7 92 15 47 49 56 83 39 71 98 74 41 13 53 56 63 34 63 24 38 69 46 1 46 18 83 63 94 29 75 44 70 10 59 89 88 97 74 30 66 12 24 20 66 4 92 35 20 6 100 5 62 74 11 90 78 10 68 78 83 26 50 34 55 61 48 7 42 45 79 88 63 17 56 29 66 57 32 86 42 69 76 51 64 41 11
63 89 26 72 45 27 38 38 30 12 0 20 26 61 55 11 74 42 93 65 44 95 34 73 51 82 17 68 4 45 94 85 27 41 36 71 42 91 93 45 99 24 78 25 11 19 99 37 57 98 18 49 51 10 78 49 34 84 72 38 83 19 13 54 14 37 1 13 82 67 83 48 37 4 27 44 26 85 47 54 69 87 84 96 99 2 96 53 85 87 41 19 18 19 89 30 9 80 87 27
12 12 97 26 19 44 66 33 96 84 20 0 91 65 63 61 26 19 12 43 58 58 2 37 79 88 72 76 96 57 59 16 13 23 3 75 59 59 85 61 16 64 6 73 99 20 55 70 17 56 18 34 62 72 69 28 36 57 32 28 80 30 26 44 18 23 66 13 56 40 70 76 70 32 55 78 44 33 23 95 69 37 4 59 75 9 72 14 24 69 35 94 73 73 76 1 49 28 91 37
77 3 3 33 19 36 18 64 70 6 26 91 0 78 44 31 31 37 8 27 47 40 84 59 13 89 48 66 38 79 38 65 48 41 39 87 19 29 39 13 60 41 23 30 71 36 6 83 31 65 64 37 94 70 71 58 57 87 44 72 32 81 40 77 100 24 47 11 69 33 100 42 30 93 25 61 21 27 42 65 42 72 64 82 35 70 20 61 77 74 22 40 94 75 47 63 71 55 8 30
45 19 82 55 86 6 4 79 86 57 61 65 78 0 13 9 74 38 35 59 54 15 17 4 51 33 3 9 76 51 51 38 72 92 59 11 100 34 30 8 16 66 38 95 32 34 17 88 83 81 100 67 31 95 64 56 71 26 80 23 60 100 32 60 15 25 77 97 45 4 50 27 57 93 24 33 19 89 69 34 38 50 68 64 56 91 86 52 91 57 49 90 2 95 68 42 12 4 13 56
79 81 37 16 86 54 36 40 85 7 55 63 44 13 0 35 18 12 69 73 57 57 36 96 73 94 20 2 61 39 10 46 57 56 76 78 4 91 50 57 24 17 95 70 3 64 21 83 47 36 95 97 21 22 36 100 30 98 5 63 94 81 14 10 9 83 25 88 30 78 83 75 3 8 58 25 51 48 42 18 63 58 83 47 65 99 32 60 18 9 8 37 1 44 9 49 18 70 49 20
80 81 64 93 14 52 38 36 53 92 11 61 31 9 35 0 27 77 97 18 71 46 21 26 89 11 16 49 65 5 42 14 73 10 4 44 33 28 14 88 50 8 77 39 81 25 22 22 45 22 52 38 34 37 73 26 96 41 65 99 62 75 53 81 55 15 14 26 17 14 62 59 9 19 17 57 91 68 94 3 44 68 20 44 76 95 61 93 26 95 50 83 15 48 81 65 23 88 27 100
26 63 64 16 29 20 51 88 82 15 74 26 31 74 18 27 0 47 43 76 41 88 88 97 43 35 50 31 75 83 8 36 74 34 21 88 92 63 21 82 51 56 92 55 3 47 38 50 96 9 50 18 66 52 73 17 75 49 29 67 84 7 99 44 64 4 83 89 70 69 4 87 8 65 79 82 56 50 37 19 23 82 73 25 22 42 51 92 15 57 1 25 7 82 50 27 78 18 9 73
75 70 69 79 94 65 14 98 48 47 42 19 37 38 12 77 47 0 93 76 15 10 87 45 68 3 3 73 24 51 82 22 35 80 28 27 55 69 23 66 18 72 29 56 59 17 96 60 52 44 36 72 66 22 19 87 65 49 34 24 2 50 75 7 31 70 71 32 52 47 11 55 32 64 51 3 84 86 77 88 57 1 95 7 25 31 100 63 9 77 19 33 99 24 64 5 22 46 84 83
49 54 62 55 21 40 33 50 22 49 93 12 8 35 69 97 43 93 0 33 39 68 93 95 52 55 45 20 50 9 89 19 100 47 63 7 49 53 48 19 21 73 40 30 68 35 42 51 82 18 36 15 32 88 2 35 43 31 37 63 26 93 11 58 33 70 89 22 34 82 62 89 87 67 64 100 85 77 1 94 40 76 29 93 80 67 66 65 56 24 59 6 64 53 5 21 41 26 73 33
100 79 39 65 44 70 25 62 97 56 65 43 27 59 73 18 76 76 33 0 82 39 61 26 71 67 59 53 9 7 92 24 27 68 11 80 10 31 7 53 45 96 96 19 49 33 55 85 95 25 60 75 52 98 49 11 6 46 67 15 63 51 94 5 89 54 75 10 59 17 7 5 84 88 19 34 31 66 91 86 57 2 14 85 88 61 98 67 34 99 62 97 17 60 89 88 88 82 71 71
92 79 87 67 82 64 56 59 40 83 44 58 47 54 57 71 41 15 39 82 0 45 67 100 59 40 97 98 67 1 34 19 10 57 66 52 87 98 65 1 86 93 64 83 70 56 31 78 66 96 35 17 79 99 42 41 27 35 25 61 51 71 20 2 19 2 80 16 79 36 60 74 40 26 4 77 35 99 37 91 75 18 36 74 92 89 79 45 7 14 20 39 92 67 27 26 92 98 94 38
58 19 68 21 90 37 76 73 76 39 95 58 40 15 57 46 88 10 68 39 45 0 83 52 62 57 71 68 63 58 53 20 77 34 59 48 79 68 10 30 74 33 45 16 61 43 80 67 91 61 91 66 20 29 7 35 54 36 70 20 88 99 40 35 58 67 77 98 7 30 84 86 41 27 11 38 64 64 99 59 70 57 38 50 48 44 38 54 75 20 76 79 85 11 61 52 63 76 79 64
50 97 26 96 10 42 87 27 17 71 34 2 84 17 36 21 88 87 93 61 67 83 0 14 8 96 81 100 86 65 24 11 58 64 47 7 1 80 99 26 98 84 95 26 21 63 16 100 82 84 45 31 58 29 76 92 37 73 38 52 60 58 74 52 59 22 35 39 90 45 64 48 76 32 24 67 48 96 73 54 28 40 76 11 88 89 47 15 93 39 91 16 24 55 16 2 17 23 89 5
77 100 21 99 84 62 8 87 84 98 73 37 59 4 96 26 97 45 95 26 100 52 14 0 21 90 10 14 98 40 30 35 10 88 48 11 63 88 78 61 81 26 30 45 87 40 32 99 70 94 49 37 66 68 94 82 22 45 81 97 56 97 45 49 92 31 22 83 63 94 98 24 91 34 84 81 62 23 51 94 10 90 35 98 30 100 74 37 91 58 59 48 84 9 43 77 40 16 47 65
45 89 88 57 7 36 2 79 22 74 51 79 13 51 73 89 43 68 52 71 59 62 8 21 0 65 3 26 60 99 65 9 55 98 50 84 92 74 81 61 92 57 96 92 61 75 93 3 22 56 82 55 1 38 28 6 62 50 36 58 19 98 88 8 52 17 3 26 51 6 81 31 77 33 99 20 97 67 95 59 57 37 57 96 9 11 47 49 40 91 69 48 40 62 81 27 99 52 8 3
70 6 8 87 75 50 97 67 75 41 82 88 89 33 94 11 35 3 55 67 40 57 96 90 65 0 29 30 24 23 15 41 79 65 76 11 57 1 5 20 20 28 92 86 91 46 3 80 93 12 56 6 57 86 97 52 17 39 43 2 78 41 65 100 12 94 10 24 3 54 43 25 37 39 52 85 18 90 28 57 74 62 65 30 52 40 17 23 31 19 48 96 77 69 70 30 100 31 41 3
78 36 11 80 44 96 72 65 1 13 17 72 48 3 20 16 50 3 45 59 97 71 81 10 3 29 0 31 91 82 56 62 49 27 15 71 46 52 44 65 76 24 15 91 31 96 33 46 94 20 83 33 53 75 62 57 62 78 68 22 87 35 39 41 89 75 53 64 82 51 92 14 21 77 86 49 64 39 4 10 45 66 78 43 34 86 94 31 78 13 62 42 89 58 45 58 88 55 77 20
10 44 35 52 51 46 5 76 57 53 68 76 66 9 2 49 31 73 20 53 98 68 100 14 26 30 31 0 52 87 10 64 56 67 98 20 57 47 55 58 49 57 75 4 46 80 63 97 13 80 68 11 40 57 86 100 5 62 25 83 35 95 66 17 37 17 79 57 70 18 32 22 69 63 91 50 44 53 76 36 18 68 96 83 56 34 22 86 2 100 11 66 94 80 32 21 24 88 38 56
16 86 100 68 61 74 24 45 94 56 4 96 38 76 61 65 75 24 50 9 67 63 86 98 60 24 91 52 0 7 97 38 96 13 3 4 73 43 65 96 14 34 18 76 46 4 64 38 25 60 80 80 91 56 1 6 69 69 64 55 93 48 38 98 31 20 59 72 6 64 94 65 61 12 77 48 91 71 15 51 73 41 29 33 80 72 48 26 59 13 87 20 37 7 78 25 54 88 16 71
53 14 60 20 14 60 42 9 75 63 45 57 79 51 39 5 83 51 9 7 1 58 65 40 99 23 82 87 7 0 48 74 99 92 98 30 26 12 59 68 52 51 23 63 27 80 33 59 66 64 29 93 55 95 3 65 99 29 79 36 80 10 52 86 15 19 40 51 49 43 78 12 70 65 17 4 16 78 17 37 20 36 90 34 19 99 10 44 15 60 100 83 70 90 74 37 41 64 27 32
41 25 51 35 80 55 83 13 3 34 94 59 38 51 10 42 8 82 89 92 34 53 24 30 65 15 56 10 97 48 0 47 76 13 53 91 61 4 86 73 35 80 45 6 35 36 21 53 1 73 98 6 99 48 93 32 90 96 37 98 25 32 68 60 83 86 83 97 90 89 23 7 85 77 36 68 14 43 33 42 29 53 1 15 52 95 61 8 22 85 94 55 45 32 76 35 87 11 57 47
72 8 82 30 12 49 87 22 12 63 85 16 65 38 46 14 36 22 19 24 19 20 11 35 9 41 62 64 38 74 47 0 29 41 49 53 49 64 33 90 46 35 75 74 60 1 39 82 70 54 75 70 20 10 20 3 36 99 6 20 76 97 39 30 27 74 91 48 95 29 21 40 73 88 85 75 77 79 88 84 22 75 2 2 30 78 21 54 89 60 57 7 24 62 83 26 1 43 74 12
64 98 19 59 4 52 27 42 45 24 27 13 48 72 57 73 74 35 100 27 10 77 58 10 55 79 49 56 96 99 76 29 0 71 14 28 90 63 80 17 64 35 79 44 44 47 81 80 58 63 2 49 86 51 63 5 73 33 2 50 11 90 97 8 79 20 76 12 28 3 100 93 31 15 91 29 96 23 63 18 38 76 52 96 23 68 76 93 33 22 10 26 67 17 57 48 61 66 90 76
15 28 54 20 5 8 47 56 93 38 41 23 41 92 56 10 34 80 47 68 57 34 64 88 98 65 27 67 13 92 13 41 71 0 7 37 3 87 56 20 10 96 42 51 33 3 81 68 36 57 86 84 56 68 41 43 53 9 81 13 37 2 68 99 69 74 40 34 3 33 30 50 88 60 5 28 38 58 53 36 28 47 3 49 20 20 86 22 26 44 11 69 24 18 37 26 35 65 31 17
9 13 40 13 78 80 98 93 34 69 36 3 39 59 76 4 21 28 63 11 66 59 47 48 50 76 15 98 3 98 53 49 14 7 0 6 74 48 39 83 89 93 97 82 56 98 41 64 26 45 15 77 80 87 81 53 47 83 9 18 61 21 37 39 36 48 99 71 99 11 77 7 84 26 26 90 36 34 44 33 56 16 59 70 74 42 94 54 48 51 39 58 45 86 26 31 33 99 26 6
96 13 73 9 4 82 24 73 100 46 71 75 87 11 78 44 88 27 7 80 52 48 7 11 84 11 71 20 4 30 91 53 28 37 6 0 15 63 74 6 7 67 8 76 59 37 71 66 63 37 55 31 77 56 70 63 15 92 13 82 66 11 20 9 49 7 5 40 64 25 91 43 98 44 13 4 82 91 98 68 79 76 47 6 64 12 34 21 78 11 24 87 100 65 2 68 82 41 52 75
88 52 41 96 27 91 12 78 87 1 42 59 19 100 4 33 92 55 49 10 87 79 1 63 92 57 46 57 73 26 61 49 90 3 74 15 0 80 33 51 53 68 18 18 69 5 67 87 17 82 97 2 78 29 70 60 25 7 1 72 16 74 15 72 41 60 39 6 16 29 21 10 76 61 68 44 34 58 76 94 46 87 71 28 77 64 30 95 45 78 27 65 38 41 35 96 74 36 65 69
99 35 94 91 65 12 90 64 73 46 91 59 29 34 91 28 63 69 53 31 98 68 80 88 74 1 52 47 43 12 4 64 63 87 48 63 80 0 58 75 81 2 96 36 91 37 42 4 100 31 19 38 17 7 75 71 66 5 15 27 70 91 56 36 78 78 32 25 13 73 92 58 33 3 68 29 65 62 46 39 68 1 8 76 61 82 9 57 41 66 97 19 45 33 50 19 82 45 100 98
7 64 91 8 28 36 44 79 23 18 93 85 39 30 50 14 21 23 48 7 65 10 99 78 81 5 44 55 65 59 86 33 80 56 39 74 33 58 0 42 29 95 10 8 21 77 17 20 43 93 21 5 10 53 12 75 9 28 12 5 31 3 5 79 65 25 79 13 60 85 40 29 45 56 34 97 38 59 48 24 47 95 99 44 51 7 56 95 64 57 54 34 16 23 66 22 43 97 100 32
81 19 7 27 76 83 42 59 34 83 45 61 13 8 57 88 82 66 19 53 1 30 26 61 61 20 65 58 96 68 73 90 17 20 83 6 51 75 42 0 90 16 73 22 21 65 93 74 38 19 96 23 56 90 15 18 28 80 94 96 42 76 75 84 45 42 3 40 11 23 5 28 47 67 67 70 44 90 73 71 5 69 34 51 22 26 12 99 32 73 9 62 40 94 90 69 41 76 72 65
91 24 59 59 93 88 82 32 49 63 99 16 60 16 24 50 51 18 21 45 86 74 98 81 92 20 76 49 14 52 35 46 64 10 89 7 53 81 29 90 0 42 4 49 17 88 67 77 30 90 12 48 23 75 52 6 1 61 50 39 19 46 62 30 29 87 5 89 76 69 31 60 73 48 67 3 53 90 83 80 98 64 79 83 95 53 36 31 35 98 12 89 80 49 74 50 51 92 91 52
35 49 59 46 63 51 2 60 47 94 24 64 41 66 17 8 56 72 73 96 93 33 84 26 57 28 24 57 34 51 80 35 35 96 93 67 68 2 95 16 42 0 16 90 89 16 55 64 26 63 81 51 44 66 22 54 51 6 44 37 54 20 51 33 5 49 75 12 98 95 30 3 45 65 5 84 93 38 39 54 85 7 82 83 95 47 39 14 78 79 95 18 96 73 48 61 33 92 55 74
14 89 82 85 90 29 89 98 33 29 78 6 23 38 95 77 92 29 40 96 64 45 95 30 96 92 15 75 18 23 45 75 79 42 97 8 18 96 10 73 4 16 0 20 55 90 32 74 86 10 68 27 16 21 90 5 61 11 55 51 59 11 31 99 40 25 97 19 6 54 55 57 8 42 48 78 29 66 71 86 100 23 3 21 69 27 67 18 83 97 9 36 32 67 88 81 62 92 58 60
47 19 40 65 65 75 17 83 92 75 25 73 30 95 70 39 55 56 30 19 83 16 26 45 92 86 91 4 76 63 6 74 44 51 82 76 18 36 8 22 49 90 20 0 73 73 20 96 67 34 68 71 66 38 74 83 69 16 48 100 7 15 69 13 30 80 41 28 53 48 52 32 38 66 2 51 93 44 61 45 97 6 4 66 85 11 12 66 40 26 87 39 53 5 27 99 55 22 30 15
34 84 4 99 49 6 80 98 18 44 11 99 71 32 3 81 3 59 68 49 70 61 21 87 61 91 31 46 46 27 35 60 44 33 56 59 69 91 21 21 17 89 55 73 0 15 77 90 60 7 23 98 50 66 38 42 55 51 7 39 66 80 71 92 64 50 83 21 17 78 8 5 93 29 36 18 58 30 6 56 86 36 30 67 24 33 9 58 75 94 8 59 86 31 51 63 34 5 95 72
3 4 56 47 83 66 67 65 69 70 19 20 36 34 64 25 47 17 35 33 56 43 63 40 75 46 96 80 4 80 36 1 47 3 98 37 5 37 77 65 88 16 90 73 15 0 84 72 96 84 65 27 67 100 22 38 27 26 83 40 21 51 36 32 12 83 86 7 29 71 14 34 17 87 31 85 18 50 71 20 13 16 21 20 93 28 61 27 95 51 32 8 31 14 100 96 91 22 4 77
53 18 71 3 49 89 77 67 82 10 99 55 6 17 21 22 38 96 42 55 31 80 16 32 93 3 33 63 64 33 21 39 81 81 41 71 67 42 17 93 67 55 32 20 77 84 0 33 85 67 80 27 29 100 33 98 56 45 26 51 59 61 67 10 29 21 82 47 38 12 59 13 21 52 70 76 21 78 93 72 33 1 83 96 85 62 13 47 28 99 15 67 49 13 52 11 37 11 47 59
92 64 11 75 30 43 18 64 58 59 37 70 83 88 83 22 50 60 51 85 78 67 100 99 3 80 46 97 38 59 53 82 80 68 64 66 87 4 20 74 77 64 74 96 90 72 33 0 88 76 86 33 44 45 63 36 80 13 38 85 81 30 31 42 50 50 89 92 29 32 11 35 52 92 96 30 34 36 41 86 81 90 93 3 98 73 35 90 4 93 100 90 83 1 59 6 88 82 67 13
19 42 3 76 66 90 69 66 7 89 57 17 31 83 47 45 96 52 82 95 66 91 82 70 22 93 94 13 25 66 1 70 58 36 26 63 17 100 43 38 30 26 86 67 60 96 85 88 0 4 25 11 66 48 24 5 99 39 85 67 9 18 49 76 14 39 2 89 100 58 100 58 37 53 52 40 83 73 26 5 54 81 32 80 96 4 92 91 94 7 65 91 69 39 75 81 12 80 49 31
33 11 12 19 85 56 40 42 96 88 98 56 65 81 36 22 9 44 18 25 96 61 84 94 56 12 20 80 60 64 73 54 63 57 45 37 82 31 93 19 90 63 10 34 7 84 67 76 4 0 7 48 54 35 87 3 73 57 12 54 29 90 79 89 43 41 36 79 4 45 100 27 4 9 1 57 90 17 28 18 31 74 17 34 19 83 13 14 70 10 23 9 32 31 62 54 25 65 7 78
94 15 94 81 96 18 21 56 12 97 18 18 64 100 95 52 50 36 36 60 35 91 45 49 82 56 83 68 80 29 98 75 2 86 15 55 97 19 21 96 12 81 68 68 23 65 80 86 25 7 0 80 84 74 84 5 22 63 4 3 33 52 17 78 66 76 97 86 8 83 78 64 56 1 51 98 52 34 98 32 48 10 95 27 90 4 56 91 13 19 84 76 90 62 30 57 56 46 55 62
75 49 66 98 6 63 39 88 28 74 49 34 37 67 97 38 18 72 15 75 17 66 31 37 55 6 33 11 80 93 6 70 49 84 77 31 2 38 5 23 48 51 27 71 98 27 27 33 11 48 80 0 98 29 12 76 12 11 84 90 44 51 62 72 25 6 58 81 43 35 47 4 99 60 23 45 66 47 3 30 8 52 58 6 8 37 4 95 87 12 64 36 39 59 53 52 50 96 68 33
19 39 46 6 50 61 53 38 60 30 51 62 94 31 21 34 66 66 32 52 79 20 58 66 1 57 53 40 91 55 99 20 86 56 80 77 78 17 10 56 23 44 16 66 50 67 29 44 66 54 84 98 0 48 67 5 45 2 50 88 4 47 26 53 60 50 29 88 22 33 79 32 91 49 64 2 17 24 20 29 9 31 36 50 27 9 77 68 27 56 99 8 60 44 69 11 26 76 82 10
1 49 75 9 72 11 32 88 45 66 10 72 70 95 22 37 52 22 88 98 99 29 29 68 38 86 75 57 56 95 48 10 51 68 87 56 29 7 53 90 75 66 21 38 66 100 100 45 48 35 74 29 48 0 26 98 38 45 87 21 50 80 68 9 85 100 67 6 71 70 97 15 20 89 32 43 8 28 19 1 14 59 17 62 46 79 59 15 79 37 80 52 38 22 5 64 12 22 1 87
17 90 63 85 27 3 72 24 4 12 78 69 71 64 36 73 73 19 2 49 42 7 76 94 28 97 62 86 1 3 93 20 63 41 81 70 70 75 12 15 52 22 90 74 38 22 33 63 24 87 84 12 67 26 0 73 89 7 29 47 91 39 78 100 18 7 61 85 14 100 54 19 52 18 51 43 89 48 26 27 19 22 1 65 11 46 13 69 43 94 46 94 13 84 77 48 82 77 17 35
64 25 12 10 34 90 30 13 80 24 49 28 58 56 100 26 17 87 35 11 41 35 92 82 6 52 57 100 6 65 32 3 5 43 53 63 60 71 75 18 6 54 5 83 42 38 98 36 5 3 5 76 5 98 73 0 2 62 16 62 40 31 23 53 60 36 10 15 25 46 67 24 33 57 28 41 87 81 88 47 23 69 9 66 51 47 36 33 9 20 31 85 14 44 65 64 16 5 43 46
55 37 98 76 36 74 46 21 40 20 34 36 57 71 30 96 75 65 43 6 27 54 37 22 62 17 62 5 69 99 90 36 73 53 47 15 25 66 9 28 1 51 61 69 55 27 56 80 99 73 22 12 45 38 89 2 0 38 9 2 95 15 21 20 47 38 68 33 8 56 41 89 97 12 79 17 66 79 30 49 76 71 3 98 39 77 32 36 22 51 55 44 31 36 85 49 1 47 32 52
16 38 80 18 5 89 92 84 37 66 84 57 87 26 98 41 49 49 31 46 35 36 73 45 50 39 78 62 69 29 96 99 33 9 83 92 7 5 28 80 61 6 11 16 51 26 45 13 39 57 63 11 2 45 7 62 38 0 56 25 15 11 92 65 17 38 21 76 18 97 16 44 93 57 13 88 53 26 90 69 73 2 29 8 41 28 70 5 85 79 22 54 58 54 6 49 53 34 23 85
92 79 99 23 23 95 91 97 78 4 72 32 44 80 5 65 29 34 37 67 25 70 38 81 36 43 68 25 64 79 37 6 2 81 9 13 1 15 12 94 50 44 55 48 7 83 26 38 85 12 4 84 50 87 29 16 9 56 0 38 70 63 52 7 74 33 71 19 60 49 24 63 30 78 28 43 16 43 25 86 27 38 43 51 80 45 37 90 30 50 50 72 81 6 1 58 45 48 59 1
26 37 35 85 18 22 49 58 63 92 38 28 72 23 63 99 67 24 63 15 61 20 52 97 58 2 22 83 55 36 98 20 50 13 18 82 72 27 5 96 39 37 51 100 39 40 51 85 67 54 3 90 88 21 47 62 2 25 38 0 85 18 50 79 45 29 13 46 1 7 30 49 71 45 87 49 61 23 63 12 1 54 26 35 46 40 28 91 64 62 69 35 76 99 89 5 40 85 63 12
4 96 74 32 44 94 29 32 42 35 83 80 32 60 94 62 84 2 26 63 51 88 60 56 19 78 87 35 93 80 25 76 11 37 61 66 16 70 31 42 19 54 59 7 66 21 59 81 9 29 33 44 4 50 91 40 95 15 70 85 0 22 44 54 98 96 73 91 100 35 75 62 25 30 51 95 52 13 92 88 54 50 64 17 63 49 80 89 92 52 8 84 1 41 26 36 39 1 6 35
23 75 51 2 47 23 26 75 96 20 19 30 81 100 81 75 7 50 93 51 71 99 58 97 98 41 35 95 48 10 32 97 90 2 21 11 74 91 3 76 46 20 11 15 80 51 61 30 18 90 52 51 47 80 39 31 15 11 63 18 22 0 97 45 63 6 7 50 92 71 86 7 15 97 10 62 60 17 88 53 85 45 35 44 31 71 5 20 9 73 36 17 23 100 79 52 99 1 93 33
73 31 45 82 13 51 36 48 64 6 13 26 40 32 14 53 99 75 11 94 20 40 74 45 88 65 39 66 38 52 68 39 97 68 37 20 15 56 5 75 62 51 31 69 71 36 67 31 49 79 17 62 26 68 78 23 21 92 52 50 44 97 0 44 40 31 37 20 12 30 91 55 42 83 96 84 99 76 2 30 65 82 91 49 16 5 31 40 77 88 82 47 37 68 30 4 94 100 10 56
71 74 84 94 69 57 58 64 90 100 54 44 77 60 10 81 44 7 58 5 2 35 52 49 8 100 41 17 98 86 60 30 8 99 39 9 72 36 79 84 30 33 99 13 92 32 10 42 76 89 78 72 53 9 100 53 20 65 7 79 54 45 44 0 33 12 76 6 19 73 82 41 29 74 37 74 71 45 29 40 68 35 94 90 2 87 7 28 31 25 16 93 54 97 99 34 19 7 9 72
88 70 50 68 66 90 98 34 25 5 14 18 100 15 9 55 64 31 33 89 19 58 59 92 52 12 89 37 31 15 83 27 79 69 36 49 41 78 65 45 29 5 40 30 64 12 29 50 14 43 66 25 60 85 18 60 47 17 74 45 98 63 40 33 0 43 91 84 61 47 62 2 69 54 31 77 14 58 42 42 67 93 41 90 28 90 86 20 61 1 9 30 9 51 69 17 74 73 63 15
72 46 84 25 85 82 38 64 19 62 37 23 24 25 83 15 4 70 70 54 2 67 22 31 17 94 75 17 20 19 86 74 20 74 48 7 60 78 25 42 87 49 25 80 50 83 21 50 39 41 76 6 50 100 7 36 38 38 33 29 96 6 31 12 43 0 90 58 41 58 6 97 15 94 77 50 53 13 89 51 83 15 40 54 41 100 18 14 54 25 84 56 62 24 58 8 87 93 37 91
98 83 10 48 9 10 99 69 2 74 1 66 47 77 25 14 83 71 89 75 80 77 35 22 3 10 53 79 59 40 83 91 76 40 99 5 39 32 79 3 5 75 97 41 83 86 82 89 2 36 97 58 29 67 61 10 68 21 71 13 73 7 37 76 91 90 0 43 41 67 56 46 42 34 49 7 35 35 93 2 12 18 93 82 3 69 86 15 72 12 28 53 32 37 25 28 9 86 16 86
46 30 63 55 75 66 69 72 97 11 13 13 11 97 88 26 89 32 22 10 16 98 39 83 26 24 64 57 72 51 97 48 12 34 71 40 6 25 13 40 89 12 19 28 21 7 47 92 89 79 86 81 88 6 85 15 33 76 19 46 91 50 20 6 84 58 43 0 92 88 74 28 64 98 41 72 76 6 72 42 88 72 2 20 95 74 26 67 25 39 56 67 6 91 98 15 88 16 50 3
76 91 72 41 19 90 100 82 40 90 82 56 69 45 30 17 70 52 34 59 79 7 90 63 51 3 82 70 6 49 90 95 28 3 99 64 16 13 60 11 76 98 6 53 17 29 38 29 100 4 8 43 22 71 14 25 8 18 60 1 100 92 12 19 61 41 41 92 0 73 76 12 72 46 73 19 99 82 88 13 9 56 65 35 20 28 69 27 8 86 58 65 69 56 5 52 62 67 80 10
59 91 35 72 82 59 69 65 46 78 67 40 33 4 78 14 69 47 82 17 36 30 45 94 6 54 51 18 64 43 89 29 3 33 11 25 29 73 85 23 69 95 54 48 78 71 12 32 58 45 83 35 33 70 100 46 56 97 49 7 35 71 30 73 47 58 67 88 73 0 12 83 42 5 45 57 81 72 79 41 39 55 4 37 25 92 87 34 32 47 6 49 56 58 64 51 29 85 85 81
97 47 76 96 20 46 17 36 92 10 83 70 100 50 83 62 4 11 62 7 60 84 64 98 81 43 92 32 94 78 23 21 100 30 77 91 21 92 40 5 31 30 55 52 8 14 59 11 100 100 78 47 79 97 54 67 41 16 24 30 75 86 91 82 62 6 56 74 76 12 0 90 60 55 95 60 31 92 18 94 7 68 31 3 3 62 82 75 7 25 22 19 80 28 97 80 27 47 97 55
70 43 39 68 49 58 43 12 60 68 48 76 42 27 75 59 87 55 89 5 74 86 48 24 31 25 14 22 65 12 7 40 93 50 7 43 10 58 29 28 60 3 57 32 5 34 13 35 58 27 64 4 32 15 19 24 89 44 63 49 62 7 55 41 2 97 46 28 12 83 90 0 27 37 7 2 76 100 51 78 18 61 39 93 38 10 68 37 50 38 94 6 41 22 22 92 72 97 79 10
17 73 18 42 26 86 26 63 59 78 37 70 30 57 3 9 8 32 87 84 40 41 76 91 77 37 21 69 61 70 85 73 31 88 84 98 76 33 45 47 73 45 8 38 93 17 21 52 37 4 56 99 91 20 52 33 97 93 30 71 25 15 42 29 69 15 42 64 72 42 60 27 0 69 70 70 70 9 14 80 66 27 53 51 41 33 67 17 16 7 60 24 53 41 68 61 46 70 34 5
66 61 68 98 74 45 80 43 76 83 4 32 93 93 8 19 65 64 67 88 26 27 32 34 33 39 77 63 12 65 77 88 15 60 26 44 61 3 56 67 48 65 42 66 29 87 52 92 53 9 1 60 49 89 18 57 12 57 78 45 30 97 83 74 54 94 34 98 46 5 55 37 69 0 62 93 54 44 82 93 35 62 20 25 82 21 95 67 3 25 81 32 33 50 48 35 58 31 44 19
27 95 25 99 31 49 52 65 84 26 27 55 25 24 58 17 79 51 64 19 4 11 24 84 99 52 86 91 77 17 36 85 91 5 26 13 68 68 34 67 67 5 48 2 36 31 70 96 52 1 51 23 64 32 51 28 79 13 28 87 51 10 96 37 31 77 49 41 73 45 95 7 70 62 0 87 62 35 91 51 29 51 39 19 80 51 54 40 27 96 81 46 57 13 8 15 13 34 98 45
93 36 43 54 12 47 26 9 85 50 44 78 61 33 25 57 82 3 100 34 77 38 67 81 20 85 49 50 48 4 68 75 29 28 90 4 44 29 97 70 3 84 78 51 18 85 76 30 40 57 98 45 2 43 43 41 17 88 43 49 95 62 84 74 77 50 7 72 19 57 60 2 70 93 87 0 21 9 71 29 67 97 74 46 36 54 39 14 37 86 10 97 16 55 68 84 46 73 2 29
93 41 90 3 98 2 56 56 11 34 26 44 21 19 51 91 56 84 85 31 35 64 48 62 97 18 64 44 91 16 14 77 96 38 36 82 34 65 38 44 53 93 29 93 58 18 21 34 83 90 52 66 17 8 89 87 66 53 16 61 52 60 99 71 14 53 35 76 99 81 31 76 70 54 62 21 0 30 44 14 65 63 8 99 35 96 86 36 38 61 43 54 44 33 14 18 22 5 80 91
8 38 46 22 2 66 92 75 79 55 85 33 27 89 48 68 50 86 77 66 99 64 96 23 67 90 39 53 71 78 43 79 23 58 34 91 58 62 59 90 90 38 66 44 30 50 78 36 73 17 34 47 24 28 48 81 79 26 43 23 13 17 76 45 58 13 35 6 82 72 92 100 9 44 35 9 30 0 72 19 7 41 52 90 10 98 68 29 46 29 20 51 87 35 89 61 1 51 51 13
82 53 93 29 31 13 13 33 85 61 47 23 42 69 42 94 37 77 1 91 37 99 73 51 95 28 4 76 15 17 33 88 63 53 44 98 76 46 48 73 83 39 71 61 6 71 93 41 26 28 98 3 20 19 26 88 30 90 25 63 92 88 2 29 42 89 93 72 88 79 18 51 14 82 91 71 44 72 0 57 62 41 68 42 28 23 78 94 35 57 32 94 43 77 13 19 77 58 59 62
42 81 32 75 45 92 64 21 34 48 54 95 65 34 18 3 19 88 94 86 91 59 54 94 59 57 10 36 51 37 42 84 18 36 33 68 94 39 24 71 80 54 86 45 56 20 72 86 5 18 32 30 29 1 27 47 49 69 86 12 88 53 30 40 42 51 2 42 13 41 94 78 80 93 51 29 14 19 57 0 18 50 74 86 41 99 79 40 51 76 12 23 47 77 10 18 31 42 73 21
12 48 2 76 17 80 57 83 88 7 69 69 42 38 63 44 23 57 40 57 75 70 28 10 57 74 45 18 73 20 29 22 38 28 56 79 46 68 47 5 98 85 100 97 86 13 33 81 54 31 48 8 9 14 19 23 76 73 27 1 54 85 65 68 67 83 12 88 9 39 7 18 66 35 29 67 65 7 62 18 0 35 53 23 10 55 60 57 88 9 54 72 73 23 52 25 31 60 1 58
96 99 57 34 80 20 97 16 20 42 87 37 72 50 58 68 82 1 76 2 18 57 40 90 37 62 66 68 41 36 53 75 76 47 16 76 87 1 95 69 64 7 23 6 36 16 1 90 81 74 10 52 31 59 22 69 71 2 38 54 50 45 82 35 93 15 18 72 56 55 68 61 27 62 51 97 63 41 41 50 35 0 37 88 10 19 34 22 13 89 25 20 76 93 12 98 40 94 30 82
95 77 35 72 14 20 55 67 4 45 84 4 64 68 83 20 73 95 29 14 36 38 76 35 57 65 78 96 29 90 1 2 52 3 59 47 71 8 99 34 79 82 3 4 30 21 83 93 32 17 95 58 36 17 1 9 3 29 43 26 64 35 91 94 41 40 93 2 65 4 31 39 53 20 39 74 8 52 68 74 53 37 0 28 36 26 78 85 99 41 19 57 58 27 85 81 79 2 30 65
91 18 68 72 8 35 52 42 51 79 96 59 82 64 47 44 25 7 93 85 74 50 11 98 96 30 43 83 33 34 15 2 96 49 70 6 28 76 44 51 83 83 21 66 67 20 96 3 80 34 27 6 50 62 65 66 98 8 51 35 17 44 49 90 90 54 82 20 35 37 3 93 51 25 19 46 99 90 42 86 23 88 28 0 95 75 89 49 26 39 43 79 96 68 8 22 79 66 31 53
15 84 65 34 1 66 81 12 57 88 99 75 35 56 65 76 22 25 80 88 92 48 88 30 9 52 34 56 80 19 52 30 23 20 74 64 77 61 51 22 95 95 69 85 24 93 85 98 96 19 90 8 27 46 11 51 39 41 80 46 63 31 16 2 28 41 3 95 20 25 3 38 41 82 80 36 35 10 28 41 10 10 36 95 0 33 38 10 9 80 5 13 91 48 17 82 59 64 86 60
41 7 22 16 68 56 95 44 43 63 2 9 70 91 99 95 42 31 67 61 89 44 89 100 11 40 86 34 72 99 95 78 68 20 42 12 64 82 7 26 53 47 27 11 33 28 62 73 4 83 4 37 9 79 46 47 77 28 45 40 49 71 5 87 90 100 69 74 28 92 62 10 33 21 51 54 96 98 23 99 55 19 26 75 33 0 59 72 26 96 32 1 31 8 90 50 28 74 10 78
38 87 96 34 11 63 71 74 90 17 96 72 20 86 32 61 51 100 66 98 79 38 47 74 47 17 94 22 48 10 61 21 76 86 94 34 30 9 56 12 36 39 67 12 9 61 13 35 92 13 56 4 77 59 13 36 32 70 37 28 80 5 31 7 86 18 86 26 69 87 82 68 67 95 54 39 86 68 78 79 60 34 78 89 38 59 0 62 23 89 69 51 26 91 14 79 72 52 21 36
21 27 50 33 27 82 51 70 89 56 53 14 61 52 60 93 92 63 65 67 45 54 15 37 49 23 31 86 26 44 8 54 93 22 54 21 95 57 95 99 31 14 18 66 58 27 47 90 91 14 91 95 68 15 69 33 36 5 90 91 89 20 40 28 20 14 15 67 27 34 75 37 17 67 40 14 36 29 94 40 57 22 85 49 10 72 62 0 91 60 59 19 84 11 73 76 94 48 79 75
46 60 92 68 63 61 13 85 80 29 85 24 77 91 18 26 15 9 56 34 7 75 93 91 40 31 78 2 59 15 22 89 33 26 48 78 45 41 64 32 35 78 83 40 75 95 28 4 94 70 13 87 27 79 43 9 22 85 30 64 92 9 77 31 61 54 72 25 8 32 7 50 16 3 27 37 38 46 35 51 88 13 99 26 9 26 23 91 0 93 71 37 26 65 61 67 59 41 64 34
3 48 42 27 45 40 51 14 81 66 87 69 74 57 9 95 57 77 24 99 14 20 39 58 91 19 13 100 13 60 85 60 22 44 51 11 78 66 57 73 98 79 97 26 94 51 99 93 7 10 19 12 56 37 94 20 51 79 50 62 52 73 88 25 1 25 12 39 86 47 25 38 7 25 96 86 61 29 57 76 9 89 41 39 80 96 89 60 93 0 9 62 85 28 90 47 49 30 92 83
4 18 79 26 68 36 48 89 73 57 41 35 22 49 8 50 1 19 59 62 20 76 91 59 69 48 62 11 87 100 94 57 10 11 39 24 27 97 54 9 12 95 9 87 8 32 15 100 65 23 84 64 99 80 46 31 55 22 50 69 8 36 82 16 9 84 28 56 58 6 22 94 60 81 81 10 43 20 32 12 54 25 19 43 5 32 69 59 71 9 0 81 97 65 56 45 65 55 76 11
53 71 8 24 78 39 69 93 83 32 19 94 40 90 37 83 25 33 6 97 39 79 16 48 48 96 42 66 20 83 55 7 26 69 58 87 65 19 34 62 89 18 36 39 59 8 67 90 91 9 76 36 8 52 94 85 44 54 72 35 84 17 47 93 30 56 53 67 65 49 19 6 24 32 46 97 54 51 94 23 72 20 57 79 13 1 51 19 37 62 81 0 1 10 54 56 85 100 50 35
23 6 16 46 34 90 88 14 5 86 18 73 94 2 1 15 7 99 64 17 92 85 24 84 40 77 89 94 37 70 45 24 67 24 45 100 38 45 16 40 80 96 32 53 86 31 49 83 69 32 90 39 60 38 13 14 31 58 81 76 1 23 37 54 9 62 32 6 69 56 80 41 53 33 57 16 44 87 43 47 73 76 58 96 91 31 26 84 26 85 97 1 0 27 73 93 98 14 82 84
5 13 72 94 14 28 69 49 68 42 19 73 75 95 44 48 82 24 53 60 67 11 55 9 62 69 58 80 7 90 32 62 17 18 86 65 41 33 23 94 49 73 67 5 31 14 13 1 39 31 62 59 44 22 84 44 36 54 6 99 41 100 68 97 51 24 37 91 56 58 28 22 41 50 13 55 33 35 77 77 23 93 27 68 48 8 91 11 65 28 65 10 27 0 11 35 84 90 78 84
27 45 51 35 21 5 66 35 28 69 89 76 47 68 9 81 50 64 5 89 27 61 16 43 81 70 45 32 78 74 76 83 57 37 26 2 35 50 66 90 74 48 88 27 51 100 52 59 75 62 30 53 69 5 77 65 85 6 1 89 26 79 30 99 69 58 25 98 5 64 97 22 68 48 8 68 14 89 13 10 52 12 85 8 17 90 14 73 61 90 56 54 73 11 0 44 62 1 78 62
44 86 2 97 2 55 93 48 14 76 30 1 63 42 49 65 27 5 21 88 26 52 2 77 27 30 58 21 25 37 35 26 48 26 31 68 96 19 22 69 50 61 81 99 63 96 11 6 81 54 57 52 11 64 48 64 49 49 58 5 36 52 4 34 17 8 28 15 52 51 80 92 61 35 15 84 18 61 19 18 25 98 81 22 82 50 79 76 67 47 45 56 93 35 44 0 20 22 76 99
49 73 72 5 11 13 64 13 10 51 9 49 71 12 18 23 78 22 41 88 92 63 17 40 99 100 88 24 54 41 87 1 61 35 33 82 74 82 43 41 51 33 62 55 34 91 37 88 12 25 56 50 26 12 82 16 1 53 45 40 39 99 94 19 74 87 9 88 62 29 27 72 46 58 13 46 22 1 77 31 31 40 79 79 59 28 72 94 59 49 65 85 98 84 62 20 0 12 15 23
96 69 10 45 56 23 46 100 5 64 80 28 55 4 70 88 18 46 26 82 98 76 23 16 52 31 55 88 88 64 11 43 66 65 99 41 36 45 97 76 92 92 92 22 5 22 11 82 80 65 46 96 76 22 77 5 47 34 48 85 1 1 100 7 73 93 86 16 67 85 47 97 70 31 34 73 5 51 58 42 60 94 2 66 64 74 52 48 41 30 55 100 14 90 1 22 12 0 70 67
44 8 22 43 7 19 88 46 83 41 87 91 8 13 49 27 9 84 73 71 94 79 89 47 8 41 77 38 16 27 57 74 90 31 26 52 65 100 100 72 91 55 58 30 95 4 47 67 49 7 55 68 82 1 17 43 32 23 59 63 6 93 10 9 63 37 16 50 80 85 97 79 34 44 98 2 80 51 59 73 1 30 30 31 86 10 21 79 64 92 76 50 82 78 78 76 15 70 0 59
98 74 82 99 89 34 83 30 21 11 27 37 30 56 20 100 73 83 33 71 38 64 5 65 3 3 20 56 71 32 47 12 76 17 6 75 69 98 32 65 52 74 60 15 72 77 59 13 31 78 62 33 10 87 35 46 52 85 1 12 35 33 56 72 15 91 86 3 10 81 55 10 5 19 45 29 91 13 62 21 58 82 65 53 60 78 36 75 34 83 11 35 84 84 62 99 23 67 59 0
