100
10
0 17 39 96 19 53 21 47 21 88 56 30 68 6 87 42 59 16 41 4 42 74 14 16 10 24 7 63 52 10 71 44 59 17 92 92 66 92 100 92 97 63 57 67 67 80 21 88 95 9 39 77 37 66 53 69 15 64 36 39 85 50 72 92 23 17 57 65 46 54 92 100 52 39 70 97 22 80 32 1 54 45 84 26 89 51 66 32 64 74 91 41 44 44 9 70 38 86 89 10
17 0 50 48 79 37 92 5 26 75 49 57 31 9 28 30 85 29 11 44 28 32 36 46 73 61 4 72 42 27 80 82 29 13 73 26 48 33 10 37 38 15 72 54 68 64 72 72 67 99 56 31 45 85 41 65 20 72 10 11 25 86 26 77 57 98 63 4 5 92 90 50 60 25 19 30 46 64 70 28 16 45 44 66 38 28 8 48 20 52 53 29 23 14 87 42 58 23 81 46
39 50 0 72 81 9 74 73 24 49 44 78 19 87 67 75 10 39 52 46 100 89 56 86 65 81 53 78 100 94 59 87 53 48 76 14 95 92 26 13 58 84 49 17 20 58 80 22 77 90 64 88 87 14 47 80 64 47 1 35 22 29 18 47 7 3 89 53 44 1 78 70 55 31 94 15 81 65 83 77 2 10 26 57 44 45 75 52 62 14 88 19 48 5 37 73 59 85 49 69
96 48 72 0 50 45 18 82 55 87 12 20 88 44 60 41 28 1 17 14 33 95 58 92 48 29 15 66 41 8 89 65 60 68 72 25 45 42 57 43 4 48 30 18 99 51 20 99 49 53 18 81 5 81 57 35 4 32 8 58 22 49 69 73 8 95 38 18 2 6 90 92 41 95 2 36 35 19 6 30 53 63 68 55 96 15 97 97 83 80 92 5 7 5 99 72 98 44 17 76
19 79 81 50 0 56 47 58 91 3 6 65 63 66 84 69 57 95 59 16 45 75 39 48 42 40 92 31 10 24 84 11 5 49 84 5 43 55 97 32 67 94 69 51 14 27 92 79 67 31 13 44 61 85 8 10 54 95 20 21 98 88 1 78 8 55 18 20 83 45 7 45 89 56 22 17 50 24 89 71 20 67 98 4 62 54 60 87 26 18 45 45 32 8 46 98 61 53 78 97
53 37 9 45 56 0 19 89 57 41 3 13 22 24 10 17 36 54 34 26 33 59 14 9 20 52 50 28 12 27 95 63 82 86 1 13 66 78 91 56 25 15 20 8 50 98 98 73 62 68 66 4 82 65 18 66 38 15 45 51 62 64 38 18 24 69 68 97 49 15 34 83 50 27 73 85 96 78 98 82 62 1 95 14 79 25 86 82 18 40 25 99 86 35 40 19 85 17 15 59
21 92 74 18 47 19 0 73 93 83 82 75 56 17 4 43 49 21 23 98 76 4 34 62 71 91 52 45 11 64 67 77 8 31 65 11 47 56 68 27 76 1 20 99 38 55 92 90 42 47 57 5 33 24 70 2 1 96 87 47 14 11 5 19 48 17 49 27 83 56 45 58 78 81 99 84 46 61 55 77 18 89 88 33 31 28 17 29 6 64 87 80 31 52 89 43 12 97 86 54
47 5 73 82 58 89 73 0 19 25 42 86 59 46 59 97 32 28 21 66 76 66 17 22 39 60 88 79 16 90 58 84 49 100 20 18 91 16 1 45 40 82 3 37 34 26 50 36 19 3 75 35 21 90 1 97 96 81 89 53 61 37 27 78 93 39 55 37 93 60 49 45 70 54 79 90 8 53 40 16 87 61 38 51 15 48 82 42 10 8 96 76 34 63 55 56 68 100 41 3
21 26 24 55 91 57 93 19 0 92 12 97 48 73 71 29 59 23 51 10 59 31 89 13 85 61 13 97 45 5 69 60 61 94 7 43 14 61 67 45 31 42 12 32 56 55 49 3 4 23 86 30 5 25 87 30 53 69 14 46 57 50 45 13 36 72 57 70 64 7 35 76 15 70 22 55 73 66 57 58 1 1 50 87 44 24 55 21 82 3 58 87 14 43 10 24 46 32 28 35
88 75 49 87 3 41 83 25 92 0 96 79 16 60 78 45 52 81 30 43 91 25 51 90 54 92 97 15 79 70 64 76 55 26 17 34 75 84 26 34 77 87 39 58 29 88 92 39 49 71 33 1 56 47 32 35 59 24 60 69 48 76 74 70 86 89 15 84 53 100 12 76 56 58 65 36 67 48 87 77 82 76 37 89 77 46 59 86 81 26 82 55 16 57 78 45 79 92 35 13
56 49 44 12 6 3 82 42 12 96 0 98 30 59 54 12 68 41 4 31 2 54 82 26 79 57 44 56 96 11 79 39 23 94 40 14 40 45 17 63 69 66 32 27 7 23 22 34 72 74 33 16 48 26 19 93 82 6 70 91 84 96 31 28 87 38 76 1 91 79 22 2 7 75 1 29 63 13 44 82 86 79 60 57 5 29 17 80 48 35 90 88 19 26 8 98 21 17 56 93
30 57 78 20 65 13 75 86 97 79 98 0 74 14 94 65 89 95 54 30 17 16 49 83 37 96 4 49 4 50 36 99 1 35 41 3 48 94 50 7 40 98 48 91 87 37 2 38 23 24 91 9 1 5 87 73 99 3 60 11 68 58 65 26 12 17 96 94 21 34 45 49 69 63 54 93 24 48 44 20 53 46 22 75 78 73 60 3 56 35 67 57 7 36 47 58 22 10 60 24
68 31 19 88 63 22 56 59 48 16 30 74 0 52 67 96 85 32 33 90 12 64 71 50 77 32 94 75 9 76 48 66 54 25 44 44 48 62 78 63 44 9 75 91 91 69 27 25 4 36 53 49 37 23 59 70 47 76 37 1 70 99 60 65 66 17 58 73 2 3 57 32 43 65 25 83 23 86 44 10 36 9 94 62 61 31 56 9 68 28 3 1 53 100 47 40 69 40 47 67
6 9 87 44 66 24 17 46 73 60 59 14 52 0 52 64 96 90 34 88 42 13 76 17 66 68 90 91 45 15 55 41 98 82 93 13 47 61 25 40 42 2 59 96 84 47 13 54 44 42 14 77 96 48 12 55 64 31 25 97 64 65 16 10 15 34 8 30 89 61 30 6 91 20 2 64 15 71 9 94 100 6 18 66 84 77 90 53 86 56 23 5 4 49 84 38 8 7 41 90
87 28 67 60 84 10 4 59 71 78 54 94 67 52 0 74 88 70 35 46 64 81 92 33 38 68 36 1 51 93 77 71 29 52 56 62 59 77 36 16 84 94 86 3 21 34 82 16 71 72 95 70 73 81 72 10 59 28 33 47 92 30 35 69 22 26 30 51 90 6 65 17 72 31 72 71 55 74 84 38 75 99 82 54 93 97 71 80 98 87 27 3 52 85 4 76 79 3 41 70
42 30 75 41 69 17 43 97 29 45 12 65 96 64 74 0 82 34 86 21 85 46 22 84 82 2 85 69 22 76 26 54 83 5 60 67 23 12 81 96 77 28 48 56 20 6 9 91 16 84 32 44 72 80 7 56 60 28 81 24 35 43 81 59 37 12 8 10 73 60 65 52 32 65 36 79 15 31 54 48 5 43 10 91 48 75 71 28 38 32 20 15 18 3 18 77 74 6 19 49
59 85 10 28 57 36 49 32 59 52 68 89 85 96 88 82 0 87 24 94 8 46 61 26 78 90 36 76 23 33 17 89 82 63 36 15 68 74 92 64 97 9 37 5 9 62 64 23 23 9 91 94 84 7 39 6 99 99 14 54 4 62 71 92 88 66 88 64 59 54 40 99 15 41 3 42 15 99 84 74 70 11 55 46 87 90 36 92 23 18 73 69 49 51 94 51 12 12 78 34
16 29 39 1 95 54 21 28 23 81 41 95 32 90 70 34 87 0 88 74 15 74 19 80 87 100 75 10 50 37 12 37 79 52 51 73 50 95 25 50 82 85 48 61 33 15 36 100 85 40 45 21 45 60 40 81 68 27 50 40 13 57 60 52 73 39 61 58 56 20 21 13 60 47 62 59 13 51 20 42 28 13 86 24 75 82 96 2 53 15 29 30 80 9 11 94 95 18 56 72
41 11 52 17 59 34 23 21 51 30 4 54 33 34 35 86 24 88 0 43 86 17 18 70 34 59 19 5 55 73 89 87 2 58 89 74 79 63 88 57 19 10 71 96 52 93 32 99 45 20 60 33 3 42 36 81 96 53 95 8 45 40 44 29 37 39 29 74 12 50 94 38 93 99 28 83 61 89 89 84 18 50 22 42 76 28 69 36 17 67 84 46 100 89 73 48 80 74 31 73
4 44 46 14 16 26 98 66 10 43 31 30 90 88 46 21 94 74 43 0 99 78 42 2 43 45 28 39 25 95 85 89 1 90 57 99 90 6 88 54 34 56 84 82 70 35 88 59 16 83 34 1 6 90 49 97 44 3 32 69 80 3 81 84 91 31 59 68 38 26 7 32 18 21 21 13 15 40 41 96 20 4 92 50 72 38 69 78 76 97 67 18 21 60 12 9 77 51 57 99
42 28 100 33 45 33 76 76 59 91 2 17 12 42 64 85 8 15 86 99 0 90 22 63 92 2 10 36 87 11 11 57 50 43 35 11 42 90 66 54 71 22 94 93 26 25 6 5 59 29 13 32 28 64 12 10 8 63 1 29 99 22 48 16 86 13 94 97 6 37 33 73 80 76 4 77 53 3 99 47 80 99 78 12 38 63 45 81 35 31 1 66 9 37 100 98 71 94 97 98
74 32 89 95 75 59 4 66 31 25 54 16 64 13 81 46 46 74 17 78 90 0 93 27 9 45 32 37 9 45 84 34 34 43 17 73 45 84 23 14 80 7 2 99 29 58 10 55 94 22 83 85 13 42 100 28 51 100 74 74 39 68 65 16 22 21 28 83 23 16 78 18 90 7 6 39 28 53 42 52 96 97 61 15 93 34 42 86 72 50 51 41 64 42 34 55 68 7 100 5
14 36 56 58 39 14 34 17 89 51 82 49 71 76 92 22 61 19 18 42 22 93 0 76 40 10 14 27 1 21 22 17 51 9 57 66 88 76 96 23 93 85 31 100 66 24 85 77 100 31 22 48 3 28 74 6 42 94 3 56 11 60 98 69 7 64 22 59 29 92 16 72 14 57 58 45 65 75 1 32 26 45 74 44 25 40 89 85 64 82 73 16 10 63 58 11 62 31 54 3
16 46 86 92 48 9 62 22 13 90 26 83 50 17 33 84 26 80 70 2 63 27 76 0 24 96 39 50 7 35 79 3 70 56 88 43 84 96 61 85 83 57 64 77 29 4 88 96 88 57 43 44 7 67 76 22 100 89 59 91 84 47 85 60 99 4 21 68 28 7 74 91 90 9 52 48 48 44 95 9 29 46 98 48 63 6 10 74 59 26 44 47 32 34 26 78 59 65 34 60
10 73 65 48 42 20 71 39 85 54 79 37 77 66 38 82 78 87 34 43 92 9 40 24 0 15 8 10 7 90 22 25 74 96 55 41 64 62 35 59 33 37 21 85 29 38 40 30 78 59 88 44 69 43 41 21 50 73 26 32 87 6 56 96 97 16 77 15 45 18 5 50 57 11 100 84 78 12 5 17 68 6 17 43 59 93 47 35 23 58 59 22 86 49 56 20 94 74 48 95
24 61 81 29 40 52 91 60 61 92 57 96 32 68 68 2 90 100 59 45 2 45 10 96 15 0 61 31 76 99 39 75 31 61 76 79 61 71 94 22 88 21 28 70 90 65 97 40 73 31 46 39 80 71 83 10 72 78 26 70 11 88 44 26 56 53 82 91 6 17 45 61 94 93 35 78 3 92 99 3 92 81 17 93 2 49 84 72 89 65 74 30 30 52 21 11 86 4 30 55
7 4 53 15 92 50 52 88 13 97 44 4 94 90 36 85 36 75 19 28 10 32 14 39 8 61 0 64 23 70 47 16 96 45 3 40 44 46 45 43 2 12 32 10 1 23 27 75 74 11 58 8 18 63 26 46 70 87 23 15 87 84 66 47 2 98 20 14 89 47 84 49 3 9 19 11 56 38 60 44 73 64 40 34 8 45 69 75 93 54 45 60 19 30 40 77 80 7 24 77
63 72 78 66 31 28 45 79 97 15 56 49 75 91 1 69 76 10 5 39 36 37 27 50 10 31 64 0 6 25 56 11 7 88 81 95 8 85 76 23 45 91 43 89 11 14 37 68 76 64 29 92 21 59 4 70 7 20 69 45 89 9 77 51 5 94 80 2 1 91 70 75 56 83 20 5 79 85 25 2 18 33 3 76 13 12 12 27 14 60 39 56 49 22 35 97 52 40 59 28
52 42 100 41 10 12 11 16 45 79 96 4 9 45 51 22 23 50 55 25 87 9 1 7 7 76 23 6 0 92 64 59 86 77 48 81 13 1 82 20 32 58 59 26 4 84 54 36 60 83 57 16 43 21 81 44 49 53 45 94 78 3 22 7 56 86 36 78 63 24 47 42 70 59 4 21 76 49 2 38 62 67 24 57 49 27 12 51 98 8 54 41 95 32 58 50 99 38 24 41
10 27 94 8 24 27 64 90 5 70 11 50 76 15 93 76 33 37 73 95 11 45 21 35 90 99 70 25 92 0 39 62 23 37 97 17 5 74 46 17 67 81 71 6 60 35 60 43 12 31 70 94 77 69 43 38 81 42 94 68 93 17 47 96 42 7 64 4 22 98 4 3 81 75 13 24 96 4 90 42 14 88 97 91 42 5 25 99 37 54 44 54 32 22 10 12 82 94 79 18
71 80 59 89 84 95 67 58 69 64 79 36 48 55 77 26 17 12 89 85 11 84 22 79 22 39 47 56 64 39 0 45 23 1 38 33 58 30 11 33 10 61 16 13 64 11 52 36 17 88 3 76 43 87 82 69 44 66 27 29 77 99 11 14 72 97 73 16 97 65 54 24 98 58 23 1 29 91 11 41 23 18 76 16 20 11 78 60 27 13 82 79 92 25 20 100 1 80 58 81
44 82 87 65 11 63 77 84 60 76 39 99 66 41 71 54 89 37 87 89 57 34 17 3 25 75 16 11 59 62 45 0 17 20 17 3 50 94 81 89 49 54 21 80 12 2 47 42 97 40 84 60 69 88 83 85 55 40 55 77 95 53 24 50 60 60 17 8 23 96 27 100 73 53 99 52 54 50 82 90 20 24 5 53 17 32 82 74 97 11 13 62 44 7 17 63 25 28 75 17
59 29 53 60 5 82 8 49 61 55 23 1 54 98 29 83 82 79 2 1 50 34 51 70 74 31 96 7 86 23 23 17 0 42 74 88 77 55 9 97 10 22 93 11 46 95 46 12 40 97 92 83 22 69 46 26 32 41 100 65 76 45 84 1 6 24 18 1 87 2 94 41 39 76 95 26 91 1 19 42 65 36 70 51 71 82 87 23 37 3 20 47 14 70 75 17 82 75 13 11
17 13 48 68 49 86 31 100 94 26 94 35 25 82 52 5 63 52 58 90 43 43 9 56 96 61 45 88 77 37 1 20 42 0 38 92 82 40 4 1 53 65 50 99 47 21 72 22 27 9 50 67 10 24 60 19 93 73 14 21 18 46 40 83 37 1 79 12 59 8 43 95 76 77 95 73 80 69 91 49 26 11 48 36 16 27 97 62 5 74 72 95 23 8 27 39 63 86 94 55
92 73 76 72 84 1 65 20 7 17 40 41 44 93 56 60 36 51 89 57 35 17 57 88 55 76 3 81 48 97 38 17 74 38 0 93 98 29 96 68 96 53 4 98 69 80 3 42 2 15 40 86 11 30 50 45 27 75 55 53 36 32 81 48 78 57 87 35 69 54 72 54 67 27 48 55 37 2 62 72 25 52 96 48 20 91 79 6 18 32 5 84 5 99 71 96 8 37 27 34
92 26 14 25 5 13 11 18 43 34 14 3 44 13 62 67 15 73 74 99 11 73 66 43 41 79 40 95 81 17 33 3 88 92 93 0 23 81 49 23 20 59 55 81 15 29 57 61 75 93 29 8 75 99 69 36 55 7 82 15 54 1 38 83 61 80 48 65 75 57 11 27 98 39 63 72 50 22 52 59 39 82 56 30 40 73 70 3 29 28 35 84 86 60 11 90 30 62 91 78
66 48 95 45 43 66 47 91 14 75 40 48 48 47 59 23 68 50 79 90 42 45 88 84 64 61 44 8 13 5 58 50 77 82 98 23 0 87 33 90 89 96 69 42 50 46 60 76 43 34 27 22 40 57 42 44 87 20 19 30 71 52 29 41 23 95 80 81 55 45 81 83 54 65 86 50 84 39 12 92 12 87 7 88 73 95 46 17 19 30 49 26 91 91 67 73 14 85 10 44
92 33 92 42 55 78 56 16 61 84 45 94 62 61 77 12 74 95 63 6 90 84 76 96 62 71 46 85 1 74 30 94 55 40 29 81 87 0 22 87 42 73 2 24 10 40 63 2 59 88 25 89 90 30 90 88 67 83 54 21 86 99 45 11 46 38 15 22 41 47 61 18 80 71 26 72 26 100 39 93 83 47 94 83 10 87 74 13 31 69 98 12 17 25 53 20 46 82 26 77
100 10 26 57 97 91 68 1 67 26 17 50 78 25 36 81 92 25 88 88 66 23 96 61 35 94 45 76 82 46 11 81 9 4 96 49 33 22 0 14 48 31 50 84 21 84 13 40 74 77 71 47 54 97 31 44 42 97 35 40 52 94 87 2 43 89 7 15 6 86 87 41 76 84 97 84 82 18 29 75 90 68 73 42 87 58 14 50 87 59 30 38 42 51 92 45 54 11 100 39
92 37 13 43 32 56 27 45 45 34 63 7 63 40 16 96 64 50 57 54 54 14 23 85 59 22 43 23 20 17 33 89 97 1 68 23 90 87 14 0 54 55 10 21 12 13 27 55 95 61 29 58 81 98 21 100 52 41 85 16 54 58 27 34 44 94 72 91 92 72 2 13 59 33 91 23 47 70 11 17 60 84 86 81 6 59 5 36 1 64 60 19 42 77 79 13 14 67 83 93
97 38 58 4 67 25 76 40 31 77 69 40 44 42 84 77 97 82 19 34 71 80 93 83 33 88 2 45 32 67 10 49 10 53 96 20 89 42 48 54 0 13 6 68 66 69 59 4 52 42 6 75 3 16 1 62 29 66 49 49 67 1 90 67 31 89 16 42 74 29 34 93 43 42 7 57 60 71 96 24 48 79 72 54 73 76 100 23 42 61 23 19 3 96 58 23 61 63 94 52
63 15 84 48 94 15 1 82 42 87 66 98 9 2 94 28 9 85 10 56 22 7 85 57 37 21 12 91 58 81 61 54 22 65 53 59 96 73 31 55 13 0 73 15 10 86 81 98 48 15 75 15 87 55 94 40 38 60 17 23 95 85 68 80 88 76 26 77 97 15 92 69 76 50 43 3 22 34 22 99 48 5 50 92 91 45 54 65 59 32 13 66 68 59 33 97 81 55 48 61
57 72 49 30 69 20 20 3 12 39 32 48 75 59 86 48 37 48 71 84 94 2 31 64 21 28 32 43 59 71 16 21 93 50 4 55 69 2 50 10 6 73 0 52 63 87 31 11 75 73 32 66 32 70 43 14 94 84 6 25 23 76 4 80 15 68 52 76 4 92 4 79 11 68 72 57 84 96 88 46 95 21 73 4 16 65 84 61 63 61 11 41 66 30 82 68 48 6 22 33
67 54 17 18 51 8 99 37 32 58 27 91 91 96 3 56 5 61 96 82 93 99 100 77 85 70 10 89 26 6 13 80 11 99 98 81 42 24 84 21 68 15 52 0 46 37 64 52 56 94 88 91 99 4 18 55 82 8 69 3 51 95 28 33 58 96 4 37 75 65 58 16 90 83 94 64 5 2 88 10 23 36 38 91 31 33 81 17 15 11 14 69 38 4 61 78 34 49 6 9
67 68 20 99 14 50 38 34 56 29 7 87 91 84 21 20 9 33 52 70 26 29 66 29 29 90 1 11 4 60 64 12 46 47 69 15 50 10 21 12 66 10 63 46 0 7 62 94 41 39 35 80 13 33 35 79 60 83 90 35 64 51 85 87 90 45 77 37 63 41 14 13 69 42 24 31 37 86 4 93 14 74 96 79 64 11 17 29 7 43 27 43 40 15 51 53 93 60 2 28
80 64 58 51 27 98 55 26 55 88 23 37 69 47 34 6 62 15 93 35 25 58 24 4 38 65 23 14 84 35 11 2 95 21 80 29 46 40 84 13 69 86 87 37 7 0 17 81 67 24 37 17 2 33 12 23 79 55 5 73 22 89 91 25 11 93 59 24 18 72 54 18 20 27 64 92 4 69 11 36 10 79 36 13 4 32 51 36 36 98 71 79 77 31 78 75 69 37 38 23
21 72 80 20 92 98 92 50 49 92 22 2 27 13 82 9 64 36 32 88 6 10 85 88 40 97 27 37 54 60 52 47 46 72 3 57 60 63 13 27 59 81 31 64 62 17 0 23 43 5 20 89 61 27 53 26 49 53 23 29 47 35 6 28 32 80 27 90 69 42 56 1 67 1 33 62 88 73 14 2 14 49 54 32 100 38 58 71 44 9 41 34 90 52 53 22 78 26 18 8
88 72 22 99 79 73 90 36 3 39 34 38 25 54 16 91 23 100 99 59 5 55 77 96 30 40 75 68 36 43 36 42 12 22 42 61 76 2 40 55 4 98 11 52 94 81 23 0 91 27 11 43 34 34 92 78 23 41 96 37 61 81 97 18 100 18 16 51 14 55 63 3 1 99 20 53 2 77 76 21 63 4 75 8 61 5 54 86 83 15 51 68 2 35 6 45 6 93 98 89
95 67 77 49 67 62 42 19 4 49 72 23 4 44 71 16 23 85 45 16 59 94 100 88 78 73 74 76 60 12 17 97 40 27 2 75 43 59 74 95 52 48 75 56 41 67 43 91 0 31 92 15 88 11 50 85 70 9 100 17 49 9 57 95 7 9 73 64 34 86 92 9 35 83 19 64 93 43 15 85 89 25 27 81 41 83 89 94 42 98 62 90 48 89 82 15 72 56 20 91
9 99 90 53 31 68 47 3 23 71 74 24 36 42 72 84 9 40 20 83 29 22 31 57 59 31 11 64 83 31 88 40 97 9 15 93 34 88 77 61 42 15 73 94 39 24 5 27 31 0 63 51 100 94 46 18 100 44 88 24 79 80 82 79 13 55 86 64 34 36 67 30 29 61 44 26 19 81 25 10 44 54 39 61 39 65 46 53 20 62 84 71 50 85 62 74 85 23 12 54
39 56 64 18 13 66 57 75 86 33 33 91 53 14 95 32 91 45 60 34 13 83 22 43 88 46 58 29 57 70 3 84 92 50 40 29 27 25 71 29 6 75 32 88 35 37 20 11 92 63 0 41 86 5 88 16 22 48 66 15 48 87 36 90 22 4 57 44 91 65 26 88 85 73 78 9 45 59 92 97 19 28 99 100 62 48 75 92 13 54 53 98 26 83 1 65 80 13 71 21
77 31 88 81 44 4 5 35 30 1 16 9 49 77 70 44 94 21 33 1 32 85 48 44 44 39 8 92 16 94 76 60 83 67 86 8 22 89 47 58 75 15 66 91 80 17 89 43 15 51 41 0 21 87 51 21 49 21 66 100 4 85 73 5 51 50 74 68 30 99 29 57 32 32 21 45 95 93 78 100 52 29 1 21 5 22 10 36 53 81 3 79 82 47 28 43 42 26 38 93
37 45 87 5 61 82 33 21 5 56 48 1 37 96 73 72 84 45 3 6 28 13 3 7 69 80 18 21 43 77 43 69 22 10 11 75 40 90 54 81 3 87 32 99 13 2 61 34 88 100 86 21 0 89 59 47 28 70 96 37 17 50 92 83 42 41 41 54 99 68 32 97 45 58 11 82 88 26 17 19 70 13 41 76 60 79 56 39 58 66 33 13 45 5 62 47 62 69 57 21
66 85 14 81 85 65 24 90 25 47 26 5 23 48 81 80 7 60 42 90 64 42 28 67 43 71 63 59 21 69 87 88 69 24 30 99 57 30 97 98 16 55 70 4 33 33 27 34 11 94 5 87 89 0 56 45 56 33 9 53 75 90 56 55 29 19 22 81 61 5 8 15 49 67 21 8 8 85 63 98 19 97 49 73 76 45 22 72 74 76 29 25 55 73 42 91 29 42 53 78
53 41 47 57 8 18 70 1 87 32 19 87 59 12 72 7 39 40 36 49 12 100 74 76 41 83 26 4 81 43 82 83 46 60 50 69 42 90 31 21 1 94 43 18 35 12 53 92 50 46 88 51 59 56 0 97 4 29 85 12 6 56 16 96 61 75 77 67 98 88 93 9 5 49 66 54 35 94 12 40 20 89 19 86 13 17 33 87 79 63 18 53 8 95 70 35 17 19 48 43
69 65 80 35 10 66 2 97 30 35 93 73 70 55 10 56 6 81 81 97 10 28 6 22 21 10 46 70 44 38 69 85 26 19 45 36 44 88 44 100 62 40 14 55 79 23 26 78 85 18 16 21 47 45 97 0 63 87 78 61 77 14 56 53 74 23 85 9 22 29 13 51 47 77 50 72 6 36 33 99 83 24 69 24 62 25 24 3 89 100 10 7 50 43 23 43 79 83 2 64
15 20 64 4 54 38 1 96 53 59 82 99 47 64 59 60 99 68 96 44 8 51 42 100 50 72 70 7 49 81 44 55 32 93 27 55 87 67 42 52 29 38 94 82 60 79 49 23 70 100 22 49 28 56 4 63 0 54 3 46 54 24 37 63 31 38 10 24 24 10 46 53 51 24 23 81 8 97 98 88 21 14 66 77 61 20 98 56 61 34 74 56 39 36 53 97 88 79 86 12
64 72 47 32 95 15 96 81 69 24 6 3 76 31 28 28 99 27 53 3 63 100 94 89 73 78 87 20 53 42 66 40 41 73 75 7 20 83 97 41 66 60 84 8 83 55 53 41 9 44 48 21 70 33 29 87 54 0 41 18 33 35 51 48 48 66 50 83 34 100 13 65 53 7 80 43 80 90 30 88 82 75 9 24 100 45 46 83 5 75 33 14 90 55 61 91 57 84 62 61
36 10 1 8 20 45 87 89 14 60 70 60 37 25 33 81 14 50 95 32 1 74 3 59 26 26 23 69 45 94 27 55 100 14 55 82 19 54 35 85 49 17 6 69 90 5 23 96 100 88 66 66 96 9 85 78 3 41 0 7 18 39 34 96 56 72 34 92 91 82 74 67 76 91 70 16 100 94 18 93 38 45 56 92 50 39 26 12 55 44 56 78 62 31 56 27 76 46 63 23
39 11 35 58 21 51 47 53 46 69 91 11 1 97 47 24 54 40 8 69 29 74 56 91 32 70 15 45 94 68 29 77 65 21 53 15 30 21 40 16 49 23 25 3 35 73 29 37 17 24 15 100 37 53 12 61 46 18 7 0 3 83 56 33 9 90 81 22 23 50 24 60 67 65 27 37 54 17 32 67 25 19 18 60 83 98 80 36 45 86 98 61 6 28 45 36 2 15 51 69
85 25 22 22 98 62 14 61 57 48 84 68 70 64 92 35 4 13 45 80 99 39 11 84 87 11 87 89 78 93 77 95 76 18 36 54 71 86 52 54 67 95 23 51 64 22 47 61 49 79 48 4 17 75 6 77 54 33 18 3 0 85 1 93 72 95 62 47 10 12 24 66 15 54 30 77 100 59 95 12 50 90 79 98 52 3 95 84 1 54 75 51 72 24 29 10 8 59 95 65
50 86 29 49 88 64 11 37 50 76 96 58 99 65 30 43 62 57 40 3 22 68 60 47 6 88 84 9 3 17 99 53 45 46 32 1 52 99 94 58 1 85 76 95 51 89 35 81 9 80 87 85 50 90 56 14 24 35 39 83 85 0 48 12 85 76 29 80 90 85 80 11 10 86 43 27 47 60 63 38 85 92 39 43 17 75 31 100 70 4 22 36 37 99 83 56 11 14 21 75
72 26 18 69 1 38 5 27 45 74 31 65 60 16 35 81 71 60 44 81 48 65 98 85 56 44 66 77 22 47 11 24 84 40 81 38 29 45 87 27 90 68 4 28 85 91 6 97 57 82 36 73 92 56 16 56 37 51 34 56 1 48 0 19 99 11 86 6 88 89 18 14 42 48 45 90 26 72 63 19 22 100 54 76 10 20 90 8 79 86 60 85 97 63 88 96 69 25 13 44
92 77 47 73 78 18 19 78 13 70 28 26 65 10 69 59 92 52 29 84 16 16 69 60 96 26 47 51 7 96 14 50 1 83 48 83 41 11 2 34 67 80 80 33 87 25 28 18 95 79 90 5 83 55 96 53 63 48 96 33 93 12 19 0 18 94 36 91 40 72 61 82 65 15 86 78 58 93 4 39 20 64 12 63 6 73 18 12 46 68 14 62 32 78 13 21 73 21 1 29
23 57 7 8 8 24 48 93 36 86 87 12 66 15 22 37 88 73 37 91 86 22 7 99 97 56 2 5 56 42 72 60 6 37 78 61 23 46 43 44 31 88 15 58 90 11 32 100 7 13 22 51 42 29 61 74 31 48 56 9 72 85 99 18 0 26 35 30 70 8 23 9 86 83 11 91 46 3 15 84 88 58 26 84 81 73 75 87 43 80 18 34 80 55 70 19 20 40 78 82
17 98 3 95 55 69 17 39 72 89 38 17 17 34 26 12 66 39 39 31 13 21 64 4 16 53 98 94 86 7 97 60 24 1 57 80 95 38 89 94 89 76 68 96 45 93 80 18 9 55 4 50 41 19 75 23 38 66 72 90 95 76 11 94 26 0 14 11 41 58 94 94 17 4 92 72 58 46 27 1 65 91 33 30 73 13 18 65 1 60 42 54 98 44 38 91 12 65 82 99
57 63 89 38 18 68 49 55 57 15 76 96 58 8 30 8 88 61 29 59 94 28 22 21 77 82 20 80 36 64 73 17 18 79 87 48 80 15 7 72 16 26 52 4 77 59 27 16 73 86 57 74 41 22 77 85 10 50 34 81 62 29 86 36 35 14 0 58 54 43 41 4 47 99 73 5 2 46 22 26 51 1 60 5 83 91 86 57 22 8 69 28 17 16 40 35 79 48 30 28
65 4 53 18 20 97 27 37 70 84 1 94 73 30 51 10 64 58 74 68 97 83 59 68 15 91 14 2 78 4 16 8 1 12 35 65 81 22 15 91 42 77 76 37 37 24 90 51 64 64 44 68 54 81 67 9 24 83 92 22 47 80 6 91 30 11 58 0 7 58 91 78 62 17 12 97 98 10 42 81 27 90 45 96 59 82 67 30 7 90 43 96 75 32 100 52 11 72 46 90
46 5 44 2 83 49 83 93 64 53 91 21 2 89 90 73 59 56 12 38 6 23 29 28 45 6 89 1 63 22 97 23 87 59 69 75 55 41 6 92 74 97 4 75 63 18 69 14 34 34 91 30 99 61 98 22 24 34 91 23 10 90 88 40 70 41 54 7 0 58 41 70 42 70 2 16 18 81 84 61 15 75 85 64 100 73 69 51 89 53 51 50 24 66 32 38 75 4 28 75
54 92 1 6 45 15 56 60 7 100 79 34 3 61 6 60 54 20 50 26 37 16 92 7 18 17 47 91 24 98 65 96 2 8 54 57 45 47 86 72 29 15 92 65 41 72 42 55 86 36 65 99 68 5 88 29 10 100 82 50 12 85 89 72 8 58 43 58 58 0 65 8 60 46 33 100 63 39 32 60 44 89 54 28 10 37 58 40 69 78 98 49 27 53 36 87 55 33 7 84
92 90 78 90 7 34 45 49 35 12 22 45 57 30 65 65 40 21 94 7 33 78 16 74 5 45 84 70 47 4 54 27 94 43 72 11 81 61 87 2 34 92 4 58 14 54 56 63 92 67 26 29 32 8 93 13 46 13 74 24 24 80 18 61 23 94 41 91 41 65 0 28 77 60 63 68 49 25 71 97 5 80 71 95 77 87 62 98 90 37 11 46 42 92 8 36 30 83 99 94
100 50 70 92 45 83 58 45 76 76 2 49 32 6 17 52 99 13 38 32 73 18 72 91 50 61 49 75 42 3 24 100 41 95 54 27 83 18 41 13 93 69 79 16 13 18 1 3 9 30 88 57 97 15 9 51 53 65 67 60 66 11 14 82 9 94 4 78 70 8 28 0 69 75 91 21 53 3 54 27 81 33 18 4 62 82 75 50 96 32 97 96 18 27 4 17 73 31 96 26
52 60 55 41 89 50 78 70 15 56 7 69 43 91 72 32 15 60 93 18 80 90 14 90 57 94 3 56 70 81 98 73 39 76 67 98 54 80 76 59 43 76 11 90 69 20 67 1 35 29 85 32 45 49 5 47 51 53 76 67 15 10 42 65 86 17 47 62 42 60 77 69 0 79 74 44 63 71 92 87 32 58 97 21 49 37 87 48 9 76 83 83 21 26 87 19 62 93 69 46
39 25 31 95 56 27 81 54 70 58 75 63 65 20 31 65 41 47 99 21 76 7 57 9 11 93 9 83 59 75 58 53 76 77 27 39 65 71 84 33 42 50 68 83 42 27 1 99 83 61 73 32 58 67 49 77 24 7 91 65 54 86 48 15 83 4 99 17 70 46 60 75 79 0 18 83 39 71 13 68 51 89 18 66 51 43 81 33 70 11 61 75 37 2 79 98 71 79 88 25
70 19 94 2 22 73 99 79 22 65 1 54 25 2 72 36 3 62 28 21 4 6 58 52 100 35 19 20 4 13 23 99 95 95 48 63 86 26 97 91 7 43 72 94 24 64 33 20 19 44 78 21 11 21 66 50 23 80 70 27 30 43 45 86 11 92 73 12 2 33 63 91 74 18 0 75 44 49 68 5 1 7 10 77 40 39 83 50 83 65 87 40 69 26 12 66 34 32 37 61
97 30 15 36 17 85 84 90 55 36 29 93 83 64 71 79 42 59 83 13 77 39 45 48 84 78 11 5 21 24 1 52 26 73 55 72 50 72 84 23 57 3 57 64 31 92 62 53 64 26 9 45 82 8 54 72 81 43 16 37 77 27 90 78 91 72 5 97 16 100 68 21 44 83 75 0 83 50 36 93 67 40 84 9 58 24 83 43 10 88 49 21 5 55 42 80 75 98 21 65
22 46 81 35 50 96 46 8 73 67 63 24 23 15 55 15 15 13 61 15 53 28 65 48 78 3 56 79 76 96 29 54 91 80 37 50 84 26 82 47 60 22 84 5 37 4 88 2 93 19 45 95 88 8 35 6 8 80 100 54 100 47 26 58 46 58 2 98 18 63 49 53 63 39 44 83 0 52 16 22 97 31 44 70 4 43 59 95 10 50 68 36 67 71 6 100 24 1 60 52
80 64 65 19 24 78 61 53 66 48 13 48 86 71 74 31 99 51 89 40 3 53 75 44 12 92 38 85 49 4 91 50 1 69 2 22 39 100 18 70 71 34 96 2 86 69 73 77 43 81 59 93 26 85 94 36 97 90 94 17 59 60 72 93 3 46 46 10 81 39 25 3 71 71 49 50 52 0 2 5 71 34 39 98 12 9 74 25 74 55 49 87 55 79 72 59 81 87 75 99
32 70 83 6 89 98 55 40 57 87 44 44 44 9 84 54 84 20 89 41 99 42 1 95 5 99 60 25 2 90 11 82 19 91 62 52 12 39 29 11 96 22 88 88 4 11 14 76 15 25 92 78 17 63 12 33 98 30 18 32 95 63 63 4 15 27 22 42 84 32 71 54 92 13 68 36 16 2 0 5 33 82 6 65 58 11 82 64 32 80 69 94 11 99 17 33 44 61 54 89
1 28 77 30 71 82 77 16 58 77 82 20 10 94 38 48 74 42 84 96 47 52 32 9 17 3 44 2 38 42 41 90 42 49 72 59 92 93 75 17 24 99 46 10 93 36 2 21 85 10 97 100 19 98 40 99 88 88 93 67 12 38 19 39 84 1 26 81 61 60 97 27 87 68 5 93 22 5 5 0 53 45 11 20 96 7 82 89 53 45 7 60 42 32 43 75 98 46 66 12
54 16 2 53 20 62 18 87 1 82 86 53 36 100 75 5 70 28 18 20 80 96 26 29 68 92 73 18 62 14 23 20 65 26 25 39 12 83 90 60 48 48 95 23 14 10 14 63 89 44 19 52 70 19 20 83 21 82 38 25 50 85 22 20 88 65 51 27 15 44 5 81 32 51 1 67 97 71 33 53 0 59 32 17 40 21 20 10 45 26 55 78 60 65 61 100 60 48 72 4
45 45 10 63 67 1 89 61 1 76 79 46 9 6 99 43 11 13 50 4 99 97 45 46 6 81 64 33 67 88 18 24 36 11 52 82 87 47 68 84 79 5 21 36 74 79 49 4 25 54 28 29 13 97 89 24 14 75 45 19 90 92 100 64 58 91 1 90 75 89 80 33 58 89 7 40 31 34 82 45 59 0 26 25 50 50 69 16 57 58 86 53 12 33 51 79 23 25 54 14
84 44 26 68 98 95 88 38 50 37 60 22 94 18 82 10 55 86 22 92 78 61 74 98 17 17 40 3 24 97 76 5 70 48 96 56 7 94 73 86 72 50 73 38 96 36 54 75 27 39 99 1 41 49 19 69 66 9 56 18 79 39 54 12 26 33 60 45 85 54 71 18 97 18 10 84 44 39 6 11 32 26 0 59 12 100 93 45 47 89 24 7 60 22 62 36 62 12 34 13
26 66 57 55 4 14 33 51 87 89 57 75 62 66 54 91 46 24 42 50 12 15 44 48 43 93 34 76 57 91 16 53 51 36 48 30 88 83 42 81 54 92 4 91 79 13 32 8 81 61 100 21 76 73 86 24 77 24 92 60 98 43 76 63 84 30 5 96 64 28 95 4 21 66 77 9 70 98 65 20 17 25 59 0 17 95 59 80 13 96 8 98 44 21 43 3 95 77 95 16
89 38 44 96 62 79 31 15 44 77 5 78 61 84 93 48 87 75 76 72 38 93 25 63 59 2 8 13 49 42 20 17 71 16 20 40 73 10 87 6 73 91 16 31 64 4 100 61 41 39 62 5 60 76 13 62 61 100 50 83 52 17 10 6 81 73 83 59 100 10 77 62 49 51 40 58 4 12 58 96 40 50 12 17 0 81 69 17 67 81 75 23 14 68 2 1 33 35 7 5
51 28 45 15 54 25 28 48 24 46 29 73 31 77 97 75 90 82 28 38 63 34 40 6 93 49 45 12 27 5 11 32 82 27 91 73 95 87 58 59 76 45 65 33 11 32 38 5 83 65 48 22 79 45 17 25 20 45 39 98 3 75 20 73 73 13 91 82 73 37 87 82 37 43 39 24 43 9 11 7 21 50 100 95 81 0 62 7 68 42 21 38 79 59 5 16 63 86 60 68
66 8 75 97 60 86 17 82 55 59 17 60 56 90 71 71 36 96 69 69 45 42 89 10 47 84 69 12 12 25 78 82 87 97 79 70 46 74 14 5 100 54 84 81 17 51 58 54 89 46 75 10 56 22 33 24 98 46 26 80 95 31 90 18 75 18 86 67 69 58 62 75 87 81 83 83 59 74 82 82 20 69 93 59 69 62 0 4 15 55 4 29 16 38 76 83 4 25 2 67
32 48 52 97 87 82 29 42 21 86 80 3 9 53 80 28 92 2 36 78 81 86 85 74 35 72 75 27 51 99 60 74 23 62 6 3 17 13 50 36 23 65 61 17 29 36 71 86 94 53 92 36 39 72 87 3 56 83 12 36 84 100 8 12 87 65 57 30 51 40 98 50 48 33 50 43 95 25 64 89 10 16 45 80 17 7 4 0 78 38 22 9 14 24 28 6 56 71 8 88
64 20 62 83 26 18 6 10 82 81 48 56 68 86 98 38 23 53 17 76 35 72 64 59 23 89 93 14 98 37 27 97 37 5 18 29 19 31 87 1 42 59 63 15 7 36 44 83 42 20 13 53 58 74 79 89 61 5 55 45 1 70 79 46 43 1 22 7 89 69 90 96 9 70 83 10 10 74 32 53 45 57 47 13 67 68 15 78 0 9 87 46 4 91 92 27 84 94 15 44
74 52 14 80 18 40 64 8 3 26 35 35 28 56 87 32 18 15 67 97 31 50 82 26 58 65 54 60 8 54 13 11 3 74 32 28 30 69 59 64 61 32 61 11 43 98 9 15 98 62 54 81 66 76 63 100 34 75 44 86 54 4 86 68 80 60 8 90 53 78 37 32 76 11 65 88 50 55 80 45 26 58 89 96 81 42 55 38 9 0 27 99 68 28 92 85 76 76 66 99
91 53 88 92 45 25 87 96 58 82 90 67 3 23 27 20 73 29 84 67 1 51 73 44 59 74 45 39 54 44 82 13 20 72 5 35 49 98 30 60 23 13 11 14 27 71 41 51 62 84 53 3 33 29 18 10 74 33 56 98 75 22 60 14 18 42 69 43 51 98 11 97 83 61 87 49 68 49 69 7 55 86 24 8 75 21 4 22 87 27 0 66 49 22 21 90 34 35 66 13
41 29 19 5 45 99 80 76 87 55 88 57 1 5 3 15 69 30 46 18 66 41 16 47 22 30 60 56 41 54 79 62 47 95 84 84 26 12 38 19 19 66 41 69 43 79 34 68 90 71 98 79 13 25 53 7 56 14 78 61 51 36 85 62 34 54 28 96 50 49 46 96 83 75 40 21 36 87 94 60 78 53 7 98 23 38 29 9 46 99 66 0 83 4 68 63 27 65 15 88
44 23 48 7 32 86 31 34 14 16 19 7 53 4 52 18 49 80 100 21 9 64 10 32 86 30 19 49 95 32 92 44 14 23 5 86 91 17 42 42 3 68 66 38 40 77 90 2 48 50 26 82 45 55 8 50 39 90 62 6 72 37 97 32 80 98 17 75 24 27 42 18 21 37 69 5 67 55 11 42 60 12 60 44 14 79 16 14 4 68 49 83 0 92 17 89 29 25 60 65
44 14 5 5 8 35 52 63 43 57 26 36 100 49 85 3 51 9 89 60 37 42 63 34 49 52 30 22 32 22 25 7 70 8 99 60 91 25 51 77 96 59 30 4 15 31 52 35 89 85 83 47 5 73 95 43 36 55 31 28 24 99 63 78 55 44 16 32 66 53 92 27 26 2 26 55 71 79 99 32 65 33 22 21 68 59 38 24 91 28 22 4 92 0 15 98 95 81 32 78
9 87 37 99 46 40 89 55 10 78 8 47 47 84 4 18 94 11 73 12 100 34 58 26 56 21 40 35 58 10 20 17 75 27 71 11 67 53 92 79 58 33 82 61 51 78 53 6 82 62 1 28 62 42 70 23 53 61 56 45 29 83 88 13 70 38 40 100 32 36 8 4 87 79 12 42 6 72 17 43 61 51 62 43 2 5 76 28 92 92 21 68 17 15 0 63 15 57 45 11
70 42 73 72 98 19 43 56 24 45 98 58 40 38 76 77 51 94 48 9 98 55 11 78 20 11 77 97 50 12 100 63 17 39 96 90 73 20 45 13 23 97 68 78 53 75 22 45 15 74 65 43 47 91 35 43 97 91 27 36 10 56 96 21 19 91 35 52 38 87 36 17 19 98 66 80 100 59 33 75 100 79 36 3 1 16 83 6 27 85 90 63 89 98 63 0 97 81 41 59
38 58 59 98 61 85 12 68 46 79 21 22 69 8 79 74 12 95 80 77 71 68 62 59 94 86 80 52 99 82 1 25 82 63 8 30 14 46 54 14 61 81 48 34 93 69 78 6 72 85 80 42 62 29 17 79 88 57 76 2 8 11 69 73 20 12 79 11 75 55 30 73 62 71 34 75 24 81 44 98 60 23 62 95 33 63 4 56 84 76 34 27 29 95 15 97 0 55 86 96
86 23 85 44 53 17 97 100 32 92 17 10 40 7 3 6 12 18 74 51 94 7 31 65 74 4 7 40 38 94 80 28 75 86 37 62 85 82 11 67 63 55 6 49 60 37 26 93 56 23 13 26 69 42 19 83 79 84 46 15 59 14 25 21 40 65 48 72 4 33 83 31 93 79 32 98 1 87 61 46 48 25 12 77 35 86 25 71 94 76 35 65 25 81 57 81 55 0 15 73
89 81 49 17 78 15 86 41 28 35 56 60 47 41 41 19 78 56 31 57 97 100 54 34 48 30 24 59 24 79 58 75 13 94 27 91 10 26 100 83 94 48 22 6 2 38 18 98 20 12 71 38 57 53 48 2 86 62 63 51 95 21 13 1 78 82 30 46 28 7 99 96 69 88 37 21 60 75 54 66 72 54 34 95 7 60 2 8 15 66 66 15 60 32 45 41 86 15 0 53
10 46 69 76 97 59 54 3 35 13 93 24 67 90 70 49 34 72 73 99 98 5 3 60 95 55 77 28 41 18 81 17 11 55 34 78 44 77 39 93 52 61 33 9 28 23 8 89 91 54 21 93 21 78 43 64 12 61 23 69 65 75 44 29 82 99 28 90 75 84 94 26 46 25 61 65 52 99 89 12 4 14 13 16 5 68 67 88 44 99 13 88 65 78 11 59 96 73 53 0
