100
10
0 92 36 20 31 30 50 88 87 66 36 82 30 96 3 12 15 2 90 31 61 96 40 59 46 12 12 28 4 60 14 86 97 13 53 67 7 25 95 39 96 4 19 78 10 7 70 46 38 53 16 77 100 89 35 57 82 64 1 90 80 75 44 41 87 34 15 92 55 84 9 84 54 25 51 78 63 18 6 71 30 62 35 100 33 2 80 11 100 69 78 57 86 62 5 89 63 30 41 24
92 0 57 90 3 7 20 28 50 31 25 3 94 35 49 32 10 1 97 43 12 77 83 27 95 10 4 39 55 40 65 20 59 56 77 4 92 72 34 6 78 59 57 41 84 8 43 79 20 28 22 21 77 79 28 57 2 100 79 15 31 1 19 60 81 53 60 16 72 33 99 1 27 62 100 1 23 64 81 37 8 47 33 63 93 42 81 24 10 35 64 56 25 4 41 67 75 28 94 8
36 57 0 82 40 71 92 79 93 4 80 34 38 44 98 29 50 95 50 99 37 12 34 51 68 32 65 44 95 29 52 81 58 51 71 76 72 78 29 86 78 13 69 97 77 95 19 14 71 91 78 23 96 86 56 86 88 39 23 59 4 10 74 79 42 53 79 3 9 19 85 22 48 63 98 50 65 45 9 47 95 80 46 7 91 16 5 65 73 54 14 22 45 62 95 36 83 13 4 56
20 90 82 0 85 8 25 59 5 82 46 52 81 38 32 35 20 87 29 79 14 92 97 37 54 87 92 97 79 51 42 70 56 6 85 42 5 80 76 43 23 41 57 51 63 53 98 4 34 84 43 52 2 14 42 65 88 65 89 25 53 2 12 73 35 73 81 46 70 50 71 22 1 53 31 99 42 9 96 49 47 95 88 83 83 9 41 7 63 11 43 17 98 87 84 99 14 55 9 87
31 3 40 85 0 36 52 13 34 62 46 4 3 31 28 73 52 3 31 21 54 10 82 90 14 50 15 32 42 32 45 60 7 57 78 30 4 3 14 92 54 74 51 60 69 33 86 51 50 19 87 89 50 43 70 25 11 18 93 22 18 50 78 23 81 19 93 58 1 55 32 72 44 34 94 100 83 67 67 10 54 46 62 38 75 44 54 76 43 39 36 45 37 96 34 1 49 94 19 15
30 7 71 8 36 0 82 86 62 58 85 60 2 29 57 75 75 3 73 29 17 91 63 38 53 74 19 95 11 58 83 90 73 53 40 63 57 61 12 100 93 11 7 91 57 98 83 79 72 62 11 3 17 7 22 82 58 29 100 59 36 89 100 14 35 29 84 59 19 14 93 15 18 69 18 46 90 70 50 65 57 86 55 43 61 44 33 49 40 66 98 98 5 96 63 50 100 17 91 67
50 20 92 25 52 82 0 32 5 17 34 7 8 87 3 71 92 3 75 98 34 69 12 57 20 98 43 92 5 54 36 99 78 88 42 93 5 68 57 16 73 80 55 3 33 80 35 40 60 58 67 45 50 93 70 83 1 15 33 33 88 92 13 94 73 6 19 91 79 54 60 44 18 41 80 26 50 49 72 28 91 27 29 86 6 89 100 91 14 15 13 87 99 92 51 96 12 45 78 66
88 28 79 59 13 86 32 0 49 42 97 84 86 15 40 97 40 36 59 93 60 82 62 98 33 94 83 62 39 41 9 66 7 24 99 20 89 89 12 40 75 94 95 61 51 93 62 57 88 68 83 63 35 29 73 13 30 85 43 51 41 92 10 74 26 54 62 52 53 53 33 48 57 49 19 26 60 2 35 64 12 4 52 23 60 100 17 13 59 88 66 5 16 52 35 35 75 80 81 5
87 50 93 5 34 62 5 49 0 57 4 61 67 31 68 23 56 56 63 64 70 56 6 25 41 83 14 36 67 94 31 47 65 62 95 77 41 79 86 92 94 12 95 85 43 2 29 80 56 14 54 17 8 17 52 36 9 80 53 37 49 41 85 12 66 86 4 21 16 71 30 54 94 19 84 82 86 86 37 25 94 30 89 23 62 8 36 78 27 53 16 64 54 80 50 42 11 41 27 13
66 31 4 82 62 58 17 42 57 0 99 92 73 82 31 76 84 36 11 41 24 1 58 5 63 55 91 57 86 67 38 76 60 82 5 6 45 79 14 38 62 62 21 22 52 16 84 22 82 18 9 41 88 80 75 58 9 69 5 19 88 35 35 50 25 44 61 16 99 15 28 83 40 4 47 86 27 85 25 21 90 66 90 38 13 34 23 92 16 16 9 54 59 83 30 98 30 36 79 12
36 25 80 46 46 85 34 97 4 99 0 10 9 76 93 74 30 44 31 76 16 88 88 27 85 25 41 25 51 16 33 68 61 8 83 16 87 51 16 88 55 79 79 96 13 17 3 53 29 25 50 92 87 56 13 45 19 71 44 95 67 45 7 83 65 16 7 27 44 90 39 13 70 77 32 7 12 1 35 47 33 51 14 92 45 15 23 53 75 15 19 77 69 30 40 29 85 1 5 43
82 3 34 52 4 60 7 84 61 92 10 0 95 35 88 17 43 95 62 5 40 75 16 32 54 18 61 42 36 65 55 28 93 53 21 45 15 45 3 96 26 55 70 70 62 48 17 41 52 43 20 87 47 28 19 31 24 28 75 82 62 8 3 25 15 37 4 91 22 74 77 29 44 52 50 6 47 18 3 7 61 49 38 67 39 100 62 72 57 18 36 55 66 26 88 87 19 15 62 27
30 94 38 81 3 2 8 86 67 73 9 95 0 82 18 41 91 27 85 21 92 10 58 49 3 82 7 32 21 87 85 33 55 65 32 9 61 20 29 1 23 11 49 72 77 65 11 12 75 61 83 3 50 100 42 37 21 81 12 33 94 14 59 39 22 89 52 89 21 34 47 30 57 19 4 38 53 44 18 63 35 45 12 46 14 18 71 37 48 8 94 90 10 90 43 20 99 61 22 8
96 35 44 38 31 29 87 15 31 82 76 35 82 0 12 69 100 100 7 87 60 37 30 22 60 42 76 51 34 14 52 99 54 42 83 90 5 90 35 16 13 6 6 92 42 69 53 29 40 65 34 93 8 28 37 15 35 72 38 11 16 89 33 40 39 47 62 72 85 92 40 78 51 98 69 99 22 21 66 85 11 13 48 24 55 52 45 80 21 8 24 2 4 3 51 98 98 41 53 92
3 49 98 32 28 57 3 40 68 31 93 88 18 12 0 67 32 58 43 17 5 46 64 54 60 69 81 36 31 68 29 92 30 67 20 60 33 68 14 56 35 47 5 71 73 23 91 75 82 87 59 3 28 88 18 82 43 92 65 87 89 80 27 19 39 96 56 46 57 58 78 43 60 82 26 44 70 2 16 16 28 14 39 83 54 38 23 97 36 94 40 12 29 88 8 15 32 88 34 62
12 32 29 35 73 75 71 97 23 76 74 17 41 69 67 0 16 55 69 94 68 29 24 82 14 67 6 24 83 60 6 71 61 84 1 16 49 48 29 13 15 8 27 1 35 51 63 40 93 34 2 28 90 11 13 33 36 37 45 4 26 49 7 3 61 79 36 34 17 72 10 51 26 75 2 89 78 32 99 59 1 4 93 61 37 11 93 46 34 7 71 55 17 58 81 92 90 69 37 81
15 10 50 20 52 75 92 40 56 84 30 43 91 100 32 16 0 33 95 32 45 97 13 72 76 63 45 2 53 70 78 29 52 61 38 1 10 4 59 68 61 88 37 6 37 30 22 100 79 34 64 65 6 59 66 90 22 55 59 65 66 11 58 46 67 66 61 2 95 30 15 64 1 54 8 89 7 81 1 88 6 18 42 91 77 27 96 9 65 21 97 22 81 16 35 100 41 21 14 64
2 1 95 87 3 3 3 36 56 36 44 95 27 100 58 55 33 0 79 56 90 76 6 20 48 18 61 61 98 36 18 77 6 20 33 40 11 62 89 60 13 64 6 41 17 54 70 18 29 66 65 68 51 96 21 52 77 73 29 21 59 24 79 65 15 7 30 57 71 63 1 58 89 54 71 58 100 29 43 22 67 21 51 88 27 36 83 68 17 23 40 19 84 48 45 70 76 84 37 18
90 97 50 29 31 73 75 59 63 11 31 62 85 7 43 69 95 79 0 88 95 86 14 3 10 66 87 94 11 3 17 84 83 56 30 57 86 51 3 27 57 28 27 80 49 25 74 53 40 68 95 19 28 52 22 38 29 25 32 16 77 15 48 62 71 72 43 9 47 80 86 51 38 7 40 17 15 100 91 56 10 50 79 23 88 82 21 9 100 31 32 33 90 23 86 70 36 10 45 7
31 43 99 79 21 29 98 93 64 41 76 5 21 87 17 94 32 56 88 0 63 48 82 40 24 60 27 20 13 10 51 6 8 22 97 5 66 32 12 13 77 38 44 66 61 24 49 38 13 5 45 9 58 61 6 54 73 15 100 58 96 5 68 61 83 25 51 4 77 75 33 99 26 62 63 95 44 67 5 42 50 31 26 73 86 24 27 13 94 71 48 33 87 31 43 17 4 16 65 49
61 12 37 14 54 17 34 60 70 24 16 40 92 60 5 68 45 90 95 63 0 51 73 88 55 82 40 66 59 78 54 26 14 76 33 63 77 68 30 100 82 11 48 28 12 88 14 63 5 22 86 6 67 81 89 89 57 19 69 80 47 4 46 45 69 29 86 57 58 96 25 74 89 49 95 23 67 39 18 29 90 81 55 88 50 58 45 4 31 7 24 17 76 8 48 8 83 71 35 40
96 77 12 92 10 91 69 82 56 1 88 75 10 37 46 29 97 76 86 48 51 0 9 56 21 73 66 22 87 6 32 13 79 21 46 63 40 25 26 40 70 14 80 56 18 31 14 73 24 23 25 25 53 49 82 61 35 93 70 8 5 78 29 85 41 65 77 83 46 85 89 37 100 89 76 88 90 59 11 95 43 75 51 78 97 4 36 25 14 46 33 13 21 11 34 51 81 98 19 34
40 83 34 97 82 63 12 62 6 58 88 16 58 30 64 24 13 6 14 82 73 9 0 51 20 3 35 34 1 15 53 90 42 82 12 54 12 15 64 82 23 43 82 13 1 42 29 27 24 90 40 87 10 45 100 33 16 10 48 32 75 13 51 11 62 19 95 67 63 9 68 77 71 40 15 34 29 5 20 5 37 7 31 48 18 4 79 43 37 13 20 47 18 88 73 70 52 12 30 65
59 27 51 37 90 38 57 98 25 5 27 32 49 22 54 82 72 20 3 40 88 56 51 0 59 4 98 74 17 24 47 52 38 67 54 38 79 5 39 86 19 46 29 40 89 17 2 12 99 15 23 62 56 99 61 91 30 87 4 78 77 62 29 29 21 94 37 16 78 96 20 59 21 51 54 57 18 89 60 32 92 72 13 84 59 12 85 32 18 35 98 4 69 41 68 88 81 23 81 86
46 95 68 54 14 53 20 33 41 63 85 54 3 60 60 14 76 48 10 24 55 21 20 59 0 58 9 5 30 24 92 21 72 60 73 6 41 5 11 47 94 51 86 90 98 15 20 90 24 56 1 65 22 33 65 75 62 31 32 59 91 58 9 54 94 77 9 70 15 27 24 83 47 56 5 18 86 24 94 31 99 49 70 48 11 62 67 24 55 42 9 58 17 50 100 99 78 69 50 17
12 10 32 87 50 74 98 94 83 55 25 18 82 42 69 67 63 18 66 60 82 73 3 4 58 0 25 15 59 57 15 95 19 4 91 94 80 10 7 10 21 43 51 70 9 30 83 57 41 37 47 1 29 28 95 51 52 11 14 51 99 22 78 30 56 86 17 87 62 97 74 34 89 42 46 46 5 69 7 58 72 16 14 80 64 99 22 75 51 38 61 18 16 49 1 11 94 26 76 69
12 4 65 92 15 19 43 83 14 91 41 61 7 76 81 6 45 61 87 27 40 66 35 98 9 25 0 88 13 77 4 37 36 49 32 66 26 74 69 82 38 73 84 50 10 52 67 43 90 35 1 76 83 3 41 97 78 50 66 29 3 24 96 26 8 19 1 36 71 69 14 34 43 42 65 65 20 70 18 83 2 25 78 40 60 57 47 38 99 24 94 30 26 8 57 83 50 19 35 49
28 39 44 97 32 95 92 62 36 57 25 42 32 51 36 24 2 61 94 20 66 22 34 74 5 15 88 0 10 35 8 54 6 26 33 50 81 50 12 87 56 90 43 88 13 58 41 89 29 87 77 3 79 94 63 67 46 20 12 90 6 97 13 65 41 62 70 98 6 88 79 14 59 50 29 67 81 23 35 47 67 47 42 27 23 35 9 13 9 55 95 8 15 49 34 9 32 1 86 7
4 55 95 79 42 11 5 39 67 86 51 36 21 34 31 83 53 98 11 13 59 87 1 17 30 59 13 10 0 2 14 14 24 76 16 25 73 88 48 56 16 36 36 76 80 39 42 65 42 29 38 46 74 99 50 99 61 7 83 8 9 21 68 70 41 31 96 48 60 57 46 28 79 83 71 86 26 31 95 75 16 11 56 12 28 99 87 51 53 68 12 46 98 33 89 48 75 100 67 40
60 40 29 51 32 58 54 41 94 67 16 65 87 14 68 60 70 36 3 10 78 6 15 24 24 57 77 35 2 0 50 33 48 25 86 98 58 67 16 35 90 26 48 65 79 73 27 44 3 12 73 82 2 70 86 55 47 17 28 5 26 69 16 69 25 73 64 10 13 31 53 35 4 84 92 14 69 22 28 43 72 93 66 49 65 92 53 4 78 93 70 1 97 98 95 77 19 64 90 74
14 65 52 42 45 83 36 9 31 38 33 55 85 52 29 6 78 18 17 51 54 32 53 47 92 15 4 8 14 50 0 28 8 82 41 17 82 65 89 22 7 42 81 43 9 72 68 7 4 95 15 75 2 5 65 92 5 11 20 98 42 31 19 61 64 24 88 6 86 56 76 71 26 29 10 17 13 3 41 77 45 77 8 82 56 43 74 59 89 45 75 9 76 67 42 27 30 29 34 18
86 20 81 70 60 90 99 66 47 76 68 28 33 99 92 71 29 77 84 6 26 13 90 52 21 95 37 54 14 33 28 0 44 28 84 76 8 15 43 21 52 100 24 70 1 20 71 87 63 84 31 100 7 43 45 79 87 75 97 48 38 44 8 1 89 76 79 41 78 8 81 28 15 84 16 83 17 16 77 37 90 71 9 61 35 76 58 51 99 11 10 15 87 67 32 61 54 99 90 36
97 59 58 56 7 73 78 7 65 60 61 93 55 54 30 61 52 6 83 8 14 79 42 38 72 19 36 6 24 48 8 44 0 21 68 38 100 79 35 92 17 30 52 47 22 45 70 18 5 79 69 97 9 69 20 37 95 39 30 74 62 53 46 71 56 20 47 16 75 95 77 17 15 3 71 64 98 82 12 74 89 29 20 90 84 97 68 42 94 99 95 2 3 44 6 77 5 90 24 35
13 56 51 6 57 53 88 24 62 82 8 53 65 42 67 84 61 20 56 22 76 21 82 67 60 4 49 26 76 25 82 28 21 0 77 70 1 76 86 57 18 24 67 46 40 57 3 100 86 39 78 81 47 67 14 66 44 81 87 69 89 86 49 31 60 18 71 34 72 37 78 84 74 36 47 97 60 9 34 6 2 45 21 12 39 21 48 96 14 60 83 34 75 26 96 98 12 85 58 30
53 77 71 85 78 40 42 99 95 5 83 21 32 83 20 1 38 33 30 97 33 46 12 54 73 91 32 33 16 86 41 84 68 77 0 8 53 76 25 34 46 51 77 20 91 10 74 78 8 44 42 17 80 66 29 29 83 69 55 91 13 35 72 5 8 86 68 64 35 47 38 66 21 92 87 9 50 66 84 27 27 56 32 28 34 63 99 57 50 55 30 38 45 15 11 99 34 99 4 24
67 4 76 42 30 63 93 20 77 6 16 45 9 90 60 16 1 40 57 5 63 63 54 38 6 94 66 50 25 98 17 76 38 70 8 0 76 68 17 15 20 13 73 82 54 82 74 67 36 41 59 15 40 69 29 14 34 23 89 79 78 2 49 67 35 82 45 7 57 64 17 53 68 3 75 5 49 8 41 80 91 83 49 97 82 65 65 47 56 66 87 55 68 17 29 14 93 56 49 69
7 92 72 5 4 57 5 89 41 45 87 15 61 5 33 49 10 11 86 66 77 40 12 79 41 80 26 81 73 58 82 8 100 1 53 76 0 75 20 73 32 79 43 50 59 79 81 43 74 31 69 97 11 14 43 54 7 60 36 74 66 18 27 99 39 43 8 47 44 30 11 7 91 8 60 77 72 12 68 98 90 28 79 24 31 34 58 39 98 47 73 58 52 10 34 45 87 40 90 21
25 72 78 80 3 61 68 89 79 79 51 45 20 90 68 48 4 62 51 32 68 25 15 5 5 10 74 50 88 67 65 15 79 76 76 68 75 0 72 84 76 93 67 91 49 77 50 75 91 15 46 3 51 76 68 40 29 81 41 20 14 41 27 32 14 60 54 47 30 2 98 51 73 20 43 40 51 69 37 33 80 30 41 40 50 2 98 22 6 93 98 89 62 18 61 2 54 66 68 41
95 34 29 76 14 12 57 12 86 14 16 3 29 35 14 29 59 89 3 12 30 26 64 39 11 7 69 12 48 16 89 43 35 86 25 17 20 72 0 8 86 26 49 26 34 15 68 54 78 97 92 51 41 20 81 62 44 51 84 25 9 38 84 44 9 63 57 22 55 97 18 51 99 48 6 88 43 6 7 24 19 41 61 14 15 14 15 100 17 41 3 6 10 100 42 40 12 59 63 49
39 6 86 43 92 100 16 40 92 38 88 96 1 16 56 13 68 60 27 13 100 40 82 86 47 10 82 87 56 35 22 21 92 57 34 15 73 84 8 0 67 17 51 46 80 17 88 16 69 78 18 33 46 69 94 37 77 66 65 94 58 50 77 8 85 61 8 99 78 43 6 77 47 79 32 78 6 36 70 88 18 51 73 4 45 53 76 68 36 95 4 49 56 50 45 63 47 4 69 8
96 78 78 23 54 93 73 75 94 62 55 26 23 13 35 15 61 13 57 77 82 70 23 19 94 21 38 56 16 90 7 52 17 18 46 20 32 76 86 67 0 7 77 68 94 76 43 48 26 42 71 99 88 94 57 94 90 79 36 40 13 6 64 21 67 46 7 21 14 7 28 90 8 66 62 29 100 30 58 30 16 79 70 2 52 57 12 56 16 50 1 53 1 47 20 58 92 97 90 38
4 59 13 41 74 11 80 94 12 62 79 55 11 6 47 8 88 64 28 38 11 14 43 46 51 43 73 90 36 26 42 100 30 24 51 13 79 93 26 17 7 0 14 64 53 18 53 2 53 31 35 65 40 45 45 34 27 99 43 32 96 39 89 4 47 69 90 70 16 69 17 34 57 84 27 55 43 45 11 21 7 21 81 97 6 45 43 87 17 99 45 27 1 38 81 96 62 39 52 26
19 57 69 57 51 7 55 95 95 21 79 70 49 6 5 27 37 6 27 44 48 80 82 29 86 51 84 43 36 48 81 24 52 67 77 73 43 67 49 51 77 14 0 13 7 67 12 62 73 48 30 70 9 58 2 92 97 48 88 74 32 46 87 47 39 19 99 38 42 65 13 58 22 3 89 63 99 31 32 69 88 71 65 73 46 62 99 80 19 90 4 69 27 20 59 79 70 89 80 49
78 41 97 51 60 91 3 61 85 22 96 70 72 92 71 1 6 41 80 66 28 56 13 40 90 70 50 88 76 65 43 70 47 46 20 82 50 91 26 46 68 64 13 0 45 9 99 7 51 89 27 45 87 83 39 91 15 75 81 62 72 68 67 63 44 79 81 8 93 2 50 18 34 6 82 28 87 5 19 100 61 31 3 61 53 9 2 77 93 48 86 4 1 98 33 48 3 56 38 11
10 84 77 63 69 57 33 51 43 52 13 62 77 42 73 35 37 17 49 61 12 18 1 89 98 9 10 13 80 79 9 1 22 40 91 54 59 49 34 80 94 53 7 45 0 83 82 69 89 47 33 93 40 42 20 77 88 32 33 52 21 70 32 90 1 31 73 32 25 13 24 63 69 50 5 90 28 21 62 11 65 52 54 39 7 100 83 18 6 96 28 12 28 8 3 96 77 11 8 60
7 8 95 53 33 98 80 93 2 16 17 48 65 69 23 51 30 54 25 24 88 31 42 17 15 30 52 58 39 73 72 20 45 57 10 82 79 77 15 17 76 18 67 9 83 0 48 90 77 85 68 74 33 78 16 87 61 74 22 52 42 5 10 84 50 8 94 45 92 30 24 61 90 34 4 89 92 17 74 64 50 30 41 15 13 29 65 91 53 12 87 2 49 92 56 55 89 74 67 13
70 43 19 98 86 83 35 62 29 84 3 17 11 53 91 63 22 70 74 49 14 14 29 2 20 83 67 41 42 27 68 71 70 3 74 74 81 50 68 88 43 53 12 99 82 48 0 23 85 16 72 12 46 69 7 70 31 22 26 73 10 37 87 1 74 100 80 42 3 4 77 71 99 95 10 71 22 28 32 54 82 14 13 89 73 84 18 29 70 96 22 69 30 78 8 86 70 96 69 42
46 79 14 4 51 79 40 57 80 22 53 41 12 29 75 40 100 18 53 38 63 73 27 12 90 57 43 89 65 44 7 87 18 100 78 67 43 75 54 16 48 2 62 7 69 90 23 0 39 64 61 81 55 51 66 63 86 12 30 4 36 11 25 6 60 60 60 8 44 47 61 21 52 29 66 12 7 63 35 70 13 58 92 71 33 38 78 37 11 78 21 72 16 66 89 34 22 59 11 9
38 20 71 34 50 72 60 88 56 82 29 52 75 40 82 93 79 29 40 13 5 24 24 99 24 41 90 29 42 3 4 63 5 86 8 36 74 91 78 69 26 53 73 51 89 77 85 39 0 33 31 7 24 37 9 51 4 66 4 56 10 53 95 95 48 25 61 33 5 85 41 71 22 18 6 64 30 15 44 1 35 94 31 76 81 84 88 33 88 97 73 37 23 12 42 3 81 92 6 35
53 28 91 84 19 62 58 68 14 18 25 43 61 65 87 34 34 66 68 5 22 23 90 15 56 37 35 87 29 12 95 84 79 39 44 41 31 15 97 78 42 31 48 89 47 85 16 64 33 0 83 37 56 28 30 96 6 77 55 100 87 15 63 91 32 3 46 74 48 35 82 75 60 17 45 27 44 73 7 33 21 57 37 73 7 46 60 70 25 11 57 45 22 8 72 44 45 38 13 8
16 22 78 43 87 11 67 83 54 9 50 20 83 34 59 2 64 65 95 45 86 25 40 23 1 47 1 77 38 73 15 31 69 78 42 59 69 46 92 18 71 35 30 27 33 68 72 61 31 83 0 15 79 78 54 75 84 15 5 31 43 8 82 6 4 56 93 95 48 52 23 5 18 31 75 79 35 90 66 7 80 30 58 63 51 37 26 50 56 48 10 80 28 75 79 88 31 14 16 41
77 21 23 52 89 3 45 63 17 41 92 87 3 93 3 28 65 68 19 9 6 25 87 62 65 1 76 3 46 82 75 100 97 81 17 15 97 3 51 33 99 65 70 45 93 74 12 81 7 37 15 0 5 99 39 71 69 58 94 28 55 66 46 93 57 52 47 88 43 100 34 42 46 82 58 19 72 75 49 52 63 81 63 89 95 32 88 60 78 21 23 67 67 76 5 81 22 80 3 86
100 77 96 2 50 17 50 35 8 88 87 47 50 8 28 90 6 51 28 58 67 53 10 56 22 29 83 79 74 2 2 7 9 47 80 40 11 51 41 46 88 40 9 87 40 33 46 55 24 56 79 5 0 1 53 39 87 25 54 45 66 57 95 21 41 33 8 35 90 72 62 94 34 32 76 73 5 61 26 31 6 11 11 25 45 81 92 25 98 94 47 16 17 96 32 42 7 10 78 45
89 79 86 14 43 7 93 29 17 80 56 28 100 28 88 11 59 96 52 61 81 49 45 99 33 28 3 94 99 70 5 43 69 67 66 69 14 76 20 69 94 45 58 83 42 78 69 51 37 28 78 99 1 0 87 88 44 85 11 3 43 85 26 18 17 20 42 14 58 77 52 25 1 29 75 28 55 48 14 31 46 17 62 38 64 84 51 95 6 55 48 71 32 20 45 49 5 12 69 9
35 28 56 42 70 22 70 73 52 75 13 19 42 37 18 13 66 21 22 6 89 82 100 61 65 95 41 63 50 86 65 45 20 14 29 29 43 68 81 94 57 45 2 39 20 16 7 66 9 30 54 39 53 87 0 55 92 90 18 59 91 1 97 46 61 84 15 45 44 65 82 67 95 81 30 1 69 10 23 36 99 44 84 93 21 29 76 54 6 41 3 19 89 58 52 67 97 38 48 68
57 57 86 65 25 82 83 13 36 58 45 31 37 15 82 33 90 52 38 54 89 61 33 91 75 51 97 67 99 55 92 79 37 66 29 14 54 40 62 37 94 34 92 91 77 87 70 63 51 96 75 71 39 88 55 0 51 21 22 48 25 3 1 99 75 93 49 24 24 99 54 67 59 26 97 6 10 86 38 78 42 19 61 74 92 78 8 24 3 47 86 16 14 100 21 10 67 40 60 40
82 2 88 88 11 58 1 30 9 9 19 24 21 35 43 36 22 77 29 73 57 35 16 30 62 52 78 46 61 47 5 87 95 44 83 34 7 29 44 77 90 27 97 15 88 61 31 86 4 6 84 69 87 44 92 51 0 49 53 35 98 21 72 21 38 94 40 20 28 46 64 94 6 82 68 15 91 3 7 82 44 6 55 17 58 60 97 55 2 23 90 31 72 48 9 71 13 53 30 2
64 100 39 65 18 29 15 85 80 69 71 28 81 72 92 37 55 73 25 15 19 93 10 87 31 11 50 20 7 17 11 75 39 81 69 23 60 81 51 66 79 99 48 75 32 74 22 12 66 77 15 58 25 85 90 21 49 0 41 55 15 84 49 78 83 73 43 21 18 23 21 56 60 37 17 26 87 36 93 6 81 43 4 30 49 86 11 100 78 60 28 86 98 37 87 40 31 21 91 8
1 79 23 89 93 100 33 43 53 5 44 75 12 38 65 45 59 29 32 100 69 70 48 4 32 14 66 12 83 28 20 97 30 87 55 89 36 41 84 65 36 43 88 81 33 22 26 30 4 55 5 94 54 11 18 22 53 41 0 83 41 6 50 13 35 51 62 6 8 72 68 39 84 36 72 9 64 66 31 13 51 95 89 85 89 52 53 74 81 44 98 76 4 89 69 8 41 45 70 84
90 15 59 25 22 59 33 51 37 19 95 82 33 11 87 4 65 21 16 58 80 8 32 78 59 51 29 90 8 5 98 48 74 69 91 79 74 20 25 94 40 32 74 62 52 52 73 4 56 100 31 28 45 3 59 48 35 55 83 0 32 16 11 16 34 65 23 54 51 58 17 2 31 15 60 74 18 57 26 89 41 99 14 39 26 26 90 9 61 99 61 25 13 96 30 86 53 94 17 76
80 31 4 53 18 36 88 41 49 88 67 62 94 16 89 26 66 59 77 96 47 5 75 77 91 99 3 6 9 26 42 38 62 89 13 78 66 14 9 58 13 96 32 72 21 42 10 36 10 87 43 55 66 43 91 25 98 15 41 32 0 23 56 39 30 55 34 13 77 15 97 1 97 96 67 36 8 12 65 96 9 69 95 42 9 63 62 83 25 25 35 45 22 100 11 66 7 51 77 87
75 1 10 2 50 89 92 92 41 35 45 8 14 89 80 49 11 24 15 5 4 78 13 62 58 22 24 97 21 69 31 44 53 86 35 2 18 41 38 50 6 39 46 68 70 5 37 11 53 15 8 66 57 85 1 3 21 84 6 16 23 0 77 69 68 86 17 83 93 15 94 90 42 22 3 13 40 41 55 22 82 66 21 55 8 60 18 48 61 3 70 99 12 59 62 41 90 25 67 82
44 19 74 12 78 100 13 10 85 35 7 3 59 33 27 7 58 79 48 68 46 29 51 29 9 78 96 13 68 16 19 8 46 49 72 49 27 27 84 77 64 89 87 67 32 10 87 25 95 63 82 46 95 26 97 1 72 49 50 11 56 77 0 21 18 26 11 26 83 40 87 22 17 69 7 71 22 83 95 47 92 29 53 92 100 87 1 67 1 87 94 11 3 78 68 24 8 44 3 17
41 60 79 73 23 14 94 74 12 50 83 25 39 40 19 3 46 65 62 61 45 85 11 29 54 30 26 65 70 69 61 1 71 31 5 67 99 32 44 8 21 4 47 63 90 84 1 6 95 91 6 93 21 18 46 99 21 78 13 16 39 69 21 0 69 62 69 98 99 86 28 28 92 98 10 72 35 2 15 71 9 28 83 26 21 70 83 46 69 2 60 76 5 71 4 14 69 76 72 7
87 81 42 35 81 35 73 26 66 25 65 15 22 39 39 61 67 15 71 83 69 41 62 21 94 56 8 41 41 25 64 89 56 60 8 35 39 14 9 85 67 47 39 44 1 50 74 60 48 32 4 57 41 17 61 75 38 83 35 34 30 68 18 69 0 22 91 99 65 81 8 60 60 5 95 79 72 3 59 79 26 4 81 71 15 94 16 49 30 45 46 5 38 84 1 95 61 53 4 93
34 53 53 73 19 29 6 54 86 44 16 37 89 47 96 79 66 7 72 25 29 65 19 94 77 86 19 62 31 73 24 76 20 18 86 82 43 60 63 61 46 69 19 79 31 8 100 60 25 3 56 52 33 20 84 93 94 73 51 65 55 86 26 62 22 0 51 58 13 46 4 92 62 92 84 57 39 10 93 11 66 19 13 39 24 94 79 24 78 67 78 25 14 51 72 96 82 86 90 4
15 60 79 81 93 84 19 62 4 61 7 4 52 62 56 36 61 30 43 51 86 77 95 37 9 17 1 70 96 64 88 79 47 71 68 45 8 54 57 8 7 90 99 81 73 94 80 60 61 46 93 47 8 42 15 49 40 43 62 23 34 17 11 69 91 51 0 24 34 84 10 54 46 41 37 79 59 83 57 98 27 57 71 65 77 31 67 73 7 51 49 61 15 56 25 58 34 64 57 21
92 16 3 46 58 59 91 52 21 16 27 91 89 72 46 34 2 57 9 4 57 83 67 16 70 87 36 98 48 10 6 41 16 34 64 7 47 47 22 99 21 70 38 8 32 45 42 8 33 74 95 88 35 14 45 24 20 21 6 54 13 83 26 98 99 58 24 0 29 78 58 81 41 32 61 48 59 34 24 23 53 59 23 21 36 19 46 20 40 99 73 84 64 20 82 59 44 23 82 75
55 72 9 70 1 19 79 53 16 99 44 22 21 85 57 17 95 71 47 77 58 46 63 78 15 62 71 6 60 13 86 78 75 72 35 57 44 30 55 78 14 16 42 93 25 92 3 44 5 48 48 43 90 58 44 24 28 18 8 51 77 93 83 99 65 13 34 29 0 66 34 63 80 47 40 98 70 64 21 82 69 82 83 59 67 67 44 47 90 58 87 4 100 5 81 47 34 35 82 92
84 33 19 50 55 14 54 53 71 15 90 74 34 92 58 72 30 63 80 75 96 85 9 96 27 97 69 88 57 31 56 8 95 37 47 64 30 2 97 43 7 69 65 2 13 30 4 47 85 35 52 100 72 77 65 99 46 23 72 58 15 15 40 86 81 46 84 78 66 0 76 30 37 29 5 74 30 84 89 97 99 65 48 77 82 25 62 30 24 42 55 38 24 87 18 98 28 59 80 20
9 99 85 71 32 93 60 33 30 28 39 77 47 40 78 10 15 1 86 33 25 89 68 20 24 74 14 79 46 53 76 81 77 78 38 17 11 98 18 6 28 17 13 50 24 24 77 61 41 82 23 34 62 52 82 54 64 21 68 17 97 94 87 28 8 4 10 58 34 76 0 100 94 92 67 92 70 10 63 20 21 39 35 67 16 60 35 1 60 81 82 56 94 94 79 81 44 28 65 63
84 1 22 22 72 15 44 48 54 83 13 29 30 78 43 51 64 58 51 99 74 37 77 59 83 34 34 14 28 35 71 28 17 84 66 53 7 51 51 77 90 34 58 18 63 61 71 21 71 75 5 42 94 25 67 67 94 56 39 2 1 90 22 28 60 92 54 81 63 30 100 0 37 73 8 11 9 57 72 100 68 41 78 48 29 47 58 57 17 9 65 69 70 58 8 73 40 47 17 17
54 27 48 1 44 18 18 57 94 40 70 44 57 51 60 26 1 89 38 26 89 100 71 21 47 89 43 59 79 4 26 15 15 74 21 68 91 73 99 47 8 57 22 34 69 90 99 52 22 60 18 46 34 1 95 59 6 60 84 31 97 42 17 92 60 62 46 41 80 37 94 37 0 50 10 9 85 92 1 62 89 45 81 68 61 77 79 67 83 70 19 15 5 100 82 86 65 62 100 55
25 62 63 53 34 69 41 49 19 4 77 52 19 98 82 75 54 54 7 62 49 89 40 51 56 42 42 50 83 84 29 84 3 36 92 3 8 20 48 79 66 84 3 6 50 34 95 29 18 17 31 82 32 29 81 26 82 37 36 15 96 22 69 98 5 92 41 32 47 29 92 73 50 0 24 44 23 76 30 23 28 33 56 17 25 4 53 13 27 74 21 66 80 83 20 7 99 88 13 19
51 100 98 31 94 18 80 19 84 47 32 50 4 69 26 2 8 71 40 63 95 76 15 54 5 46 65 29 71 92 10 16 71 47 87 75 60 43 6 32 62 27 89 82 5 4 10 66 6 45 75 58 76 75 30 97 68 17 72 60 67 3 7 10 95 84 37 61 40 5 67 8 10 24 0 63 18 88 32 60 18 36 82 18 21 80 78 4 83 92 13 45 27 2 54 42 9 26 1 94
78 1 50 99 100 46 26 26 82 86 7 6 38 99 44 89 89 58 17 95 23 88 34 57 18 46 65 67 86 14 17 83 64 97 9 5 77 40 88 78 29 55 63 28 90 89 71 12 64 27 79 19 73 28 1 6 15 26 9 74 36 13 71 72 79 57 79 48 98 74 92 11 9 44 63 0 14 3 90 8 67 78 85 49 96 39 29 2 77 8 25 47 25 12 86 25 42 74 30 33
63 23 65 42 83 90 50 60 86 27 12 47 53 22 70 78 7 100 15 44 67 90 29 18 86 5 20 81 26 69 13 17 98 60 50 49 72 51 43 6 100 43 99 87 28 92 22 7 30 44 35 72 5 55 69 10 91 87 64 18 8 40 22 35 72 39 59 59 70 30 70 9 85 23 18 14 0 24 78 51 67 100 81 69 44 55 34 76 77 81 39 69 71 46 97 86 56 71 46 95
18 64 45 9 67 70 49 2 86 85 1 18 44 21 2 32 81 29 100 67 39 59 5 89 24 69 70 23 31 22 3 16 82 9 66 8 12 69 6 36 30 45 31 5 21 17 28 63 15 73 90 75 61 48 10 86 3 36 66 57 12 41 83 2 3 10 83 34 64 84 10 57 92 76 88 3 24 0 58 38 19 97 70 65 57 31 7 29 7 24 86 18 6 21 88 90 97 57 91 77
6 81 9 96 67 50 72 35 37 25 35 3 18 66 16 99 1 43 91 5 18 11 20 60 94 7 18 35 95 28 41 77 12 34 84 41 68 37 7 70 58 11 32 19 62 74 32 35 44 7 66 49 26 14 23 38 7 93 31 26 65 55 95 15 59 93 57 24 21 89 63 72 1 30 32 90 78 58 0 74 5 23 41 48 28 17 57 13 80 98 7 75 32 52 49 84 98 47 38 67
71 37 47 49 10 65 28 64 25 21 47 7 63 85 16 59 88 22 56 42 29 95 5 32 31 58 83 47 75 43 77 37 74 6 27 80 98 33 24 88 30 21 69 100 11 64 54 70 1 33 7 52 31 31 36 78 82 6 13 89 96 22 47 71 79 11 98 23 82 97 20 100 62 23 60 8 51 38 74 0 28 89 98 10 80 69 80 10 99 68 49 10 43 68 78 48 34 33 99 50
30 8 95 47 54 57 91 12 94 90 33 61 35 11 28 1 6 67 10 50 90 43 37 92 99 72 2 67 16 72 45 90 89 2 27 91 90 80 19 18 16 7 88 61 65 50 82 13 35 21 80 63 6 46 99 42 44 81 51 41 9 82 92 9 26 66 27 53 69 99 21 68 89 28 18 67 67 19 5 28 0 40 65 16 11 95 16 18 54 12 85 98 49 95 71 58 64 9 48 28
62 47 80 95 46 86 27 4 30 66 51 49 45 13 14 4 18 21 50 31 81 75 7 72 49 16 25 47 11 93 77 71 29 45 56 83 28 30 41 51 79 21 71 31 52 30 14 58 94 57 30 81 11 17 44 19 6 43 95 99 69 66 29 28 4 19 57 59 82 65 39 41 45 33 36 78 100 97 23 89 40 0 72 13 18 97 23 57 26 41 15 86 80 69 19 34 38 94 71 14
35 33 46 88 62 55 29 52 89 90 14 38 12 48 39 93 42 51 79 26 55 51 31 13 70 14 78 42 56 66 8 9 20 21 32 49 79 41 61 73 70 81 65 3 54 41 13 92 31 37 58 63 11 62 84 61 55 4 89 14 95 21 53 83 81 13 71 23 83 48 35 78 81 56 82 85 81 70 41 98 65 72 0 73 57 5 50 83 55 1 99 18 64 37 7 81 46 74 73 82
100 63 7 83 38 43 86 23 23 38 92 67 46 24 83 61 91 88 23 73 88 78 48 84 48 80 40 27 12 49 82 61 90 12 28 97 24 40 14 4 2 97 73 61 39 15 89 71 76 73 63 89 25 38 93 74 17 30 85 39 42 55 92 26 71 39 65 21 59 77 67 48 68 17 18 49 69 65 48 10 16 13 73 0 8 75 15 47 86 11 81 12 75 97 84 58 40 87 87 13
33 93 91 83 75 61 6 60 62 13 45 39 14 55 54 37 77 27 88 86 50 97 18 59 11 64 60 23 28 65 56 35 84 39 34 82 31 50 15 45 52 6 46 53 7 13 73 33 81 7 51 95 45 64 21 92 58 49 89 26 9 8 100 21 15 24 77 36 67 82 16 29 61 25 21 96 44 57 28 80 11 18 57 8 0 35 14 27 19 76 52 62 47 55 52 11 69 14 24 71
2 42 16 9 44 44 89 100 8 34 15 100 18 52 38 11 27 36 82 24 58 4 4 12 62 99 57 35 99 92 43 76 97 21 63 65 34 2 14 53 57 45 62 9 100 29 84 38 84 46 37 32 81 84 29 78 60 86 52 26 63 60 87 70 94 94 31 19 67 25 60 47 77 4 80 39 55 31 17 69 95 97 5 75 35 0 1 11 48 53 49 67 3 7 52 78 48 8 79 28
80 81 5 41 54 33 100 17 36 23 23 62 71 45 23 93 96 83 21 27 45 36 79 85 67 22 47 9 87 53 74 58 68 48 99 65 58 98 15 76 12 43 99 2 83 65 18 78 88 60 26 88 92 51 76 8 97 11 53 90 62 18 1 83 16 79 67 46 44 62 35 58 79 53 78 29 34 7 57 80 16 23 50 15 14 1 0 55 75 65 78 17 71 9 82 6 87 49 86 12
11 24 65 7 76 49 91 13 78 92 53 72 37 80 97 46 9 68 9 13 4 25 43 32 24 75 38 13 51 4 59 51 42 96 57 47 39 22 100 68 56 87 80 77 18 91 29 37 33 70 50 60 25 95 54 24 55 100 74 9 83 48 67 46 49 24 73 20 47 30 1 57 67 13 4 2 76 29 13 10 18 57 83 47 27 11 55 0 76 98 67 2 3 98 80 92 56 85 8 6
100 10 73 63 43 40 14 59 27 16 75 57 48 21 36 34 65 17 100 94 31 14 37 18 55 51 99 9 53 78 89 99 94 14 50 56 98 6 17 36 16 17 19 93 6 53 70 11 88 25 56 78 98 6 6 3 2 78 81 61 25 61 1 69 30 78 7 40 90 24 60 17 83 27 83 77 77 7 80 99 54 26 55 86 19 48 75 76 0 53 87 76 67 15 32 92 83 67 77 79
69 35 54 11 39 66 15 88 53 16 15 18 8 8 94 7 21 23 31 71 7 46 13 35 42 38 24 55 68 93 45 11 99 60 55 66 47 93 41 95 50 99 90 48 96 12 96 78 97 11 48 21 94 55 41 47 23 60 44 99 25 3 87 2 45 67 51 99 58 42 81 9 70 74 92 8 81 24 98 68 12 41 1 11 76 53 65 98 53 0 96 60 91 73 86 87 57 65 15 87
78 64 14 43 36 98 13 66 16 9 19 36 94 24 40 71 97 40 32 48 24 33 20 98 9 61 94 95 12 70 75 10 95 83 30 87 73 98 3 4 1 45 4 86 28 87 22 21 73 57 10 23 47 48 3 86 90 28 98 61 35 70 94 60 46 78 49 73 87 55 82 65 19 21 13 25 39 86 7 49 85 15 99 81 52 49 78 67 87 96 0 23 58 77 17 18 100 88 90 28
57 56 22 17 45 98 87 5 64 54 77 55 90 2 12 55 22 19 33 33 17 13 47 4 58 18 30 8 46 1 9 15 2 34 38 55 58 89 6 49 53 27 69 4 12 2 69 72 37 45 80 67 16 71 19 16 31 86 76 25 45 99 11 76 5 25 61 84 4 38 56 69 15 66 45 47 69 18 75 10 98 86 18 12 62 67 17 2 76 60 23 0 25 65 95 22 91 12 84 27
86 25 45 98 37 5 99 16 54 59 69 66 10 4 29 17 81 84 90 87 76 21 18 69 17 16 26 15 98 97 76 87 3 75 45 68 52 62 10 56 1 1 27 1 28 49 30 16 23 22 28 67 17 32 89 14 72 98 4 13 22 12 3 5 38 14 15 64 100 24 94 70 5 80 27 25 71 6 32 43 49 80 64 75 47 3 71 3 67 91 58 25 0 67 52 56 25 86 5 25
62 4 62 87 96 96 92 52 80 83 30 26 90 3 88 58 16 48 23 31 8 11 88 41 50 49 8 49 33 98 67 67 44 26 15 17 10 18 100 50 47 38 20 98 8 92 78 66 12 8 75 76 96 20 58 100 48 37 89 96 100 59 78 71 84 51 56 20 5 87 94 58 100 83 2 12 46 21 52 68 95 69 37 97 55 7 9 98 15 73 77 65 67 0 15 8 48 16 56 58
5 41 95 84 34 63 51 35 50 30 40 88 43 51 8 81 35 45 86 43 48 34 73 68 100 1 57 34 89 95 42 32 6 96 11 29 34 61 42 45 20 81 59 33 3 56 8 89 42 72 79 5 32 45 52 21 9 87 69 30 11 62 68 4 1 72 25 82 81 18 79 8 82 20 54 86 97 88 49 78 71 19 7 84 52 52 82 80 32 86 17 95 52 15 0 5 15 27 59 91
89 67 36 99 1 50 96 35 42 98 29 87 20 98 15 92 100 70 70 17 8 51 70 88 99 11 83 9 48 77 27 61 77 98 99 14 45 2 40 63 58 96 79 48 96 55 86 34 3 44 88 81 42 49 67 10 71 40 8 86 66 41 24 14 95 96 58 59 47 98 81 73 86 7 42 25 86 90 84 48 58 34 81 58 11 78 6 92 92 87 18 22 56 8 5 0 32 15 39 26
63 75 83 14 49 100 12 75 11 30 85 19 99 98 32 90 41 76 36 4 83 81 52 81 78 94 50 32 75 19 30 54 5 12 34 93 87 54 12 47 92 62 70 3 77 89 70 22 81 45 31 22 7 5 97 67 13 31 41 53 7 90 8 69 61 82 34 44 34 28 44 40 65 99 9 42 56 97 98 34 64 38 46 40 69 48 87 56 83 57 100 91 25 48 15 32 0 89 72 57
30 28 13 55 94 17 45 80 41 36 1 15 61 41 88 69 21 84 10 16 71 98 12 23 69 26 19 1 100 64 29 99 90 85 99 56 40 66 59 4 97 39 89 56 11 74 96 59 92 38 14 80 10 12 38 40 53 21 45 94 51 25 44 76 53 86 64 23 35 59 28 47 62 88 26 74 71 57 47 33 9 94 74 87 14 8 49 85 67 65 88 12 86 16 27 15 89 0 10 86
41 94 4 9 19 91 78 81 27 79 5 62 22 53 34 37 14 37 45 65 35 19 30 81 50 76 35 86 67 90 34 90 24 58 4 49 90 68 63 69 90 52 80 38 8 67 69 11 6 13 16 3 78 69 48 60 30 91 70 17 77 67 3 72 4 90 57 82 82 80 65 17 100 13 1 30 46 91 38 99 48 71 73 87 24 79 86 8 77 15 90 84 5 56 59 39 72 10 0 31
24 8 56 87 15 67 66 5 13 12 43 27 8 92 62 81 64 18 7 49 40 34 65 86 17 69 49 7 40 74 18 36 35 30 24 69 21 41 49 8 38 26 49 11 60 13 42 9 35 8 41 86 45 9 68 40 2 8 84 76 87 82 17 7 93 4 21 75 92 20 63 17 55 19 94 33 95 77 67 50 28 14 82 13 71 28 12 6 79 87 28 27 25 58 91 26 57 86 31 0
