100
10
0 38 76 63 93 48 53 55 2 95 100 36 59 65 33 20 70 21 10 74 11 24 36 29 89 84 2 2 40 83 15 100 12 25 52 24 39 75 26 39 63 8 83 44 78 55 62 15 15 69 11 94 90 26 59 11 46 12 21 28 66 16 42 46 64 65 52 17 73 32 66 26 77 70 93 69 43 61 87 57 30 2 76 5 16 78 29 17 4 16 10 82 12 24 77 2 82 100 2 33
38 0 44 3 10 90 94 65 70 97 88 94 16 66 21 14 11 60 70 95 8 41 27 37 18 26 3 47 15 9 6 68 37 87 89 2 43 85 63 62 26 82 14 64 78 68 90 19 38 7 59 32 74 93 24 85 3 92 92 65 45 75 91 46 9 97 43 91 63 24 83 4 49 69 42 2 27 83 56 36 34 77 47 22 1 16 34 84 64 96 16 4 57 92 50 31 17 96 11 57
76 44 0 74 35 91 50 73 13 70 99 51 33 38 54 72 12 12 17 79 93 71 42 41 66 25 35 100 34 4 26 5 48 94 47 50 33 31 65 74 69 82 62 33 3 95 39 33 61 50 86 15 56 71 67 3 36 64 33 57 27 39 9 66 53 78 96 97 77 44 8 13 9 16 6 28 6 75 51 44 74 67 79 13 6 18 90 97 97 12 32 86 68 15 76 53 51 79 18 10
63 3 74 0 97 25 57 43 29 78 39 64 22 18 46 37 93 55 85 47 44 33 46 66 81 28 65 37 39 16 7 42 75 80 12 85 93 35 8 39 79 74 48 7 70 41 94 42 14 31 48 79 59 60 66 46 74 95 26 44 59 80 54 52 2 34 1 29 93 96 87 96 54 84 68 73 89 26 91 68 78 96 44 20 22 48 28 47 39 38 59 20 2 60 66 27 32 11 83 53
93 10 35 97 0 66 51 29 68 71 88 71 81 88 81 87 11 52 94 27 84 49 25 34 100 59 20 86 49 8 91 4 16 89 97 39 37 58 91 84 43 24 21 93 66 55 62 58 10 40 88 22 83 38 59 31 85 5 11 37 81 41 20 22 4 45 96 11 49 7 18 78 84 10 46 35 38 30 50 49 87 19 87 39 14 94 69 95 61 24 56 46 94 7 34 100 85 96 33 87
48 90 91 25 66 0 49 41 19 24 94 51 86 98 18 4 49 62 46 30 79 85 83 75 88 78 57 85 24 44 8 68 26 65 46 93 75 16 47 23 88 65 19 77 68 75 95 17 20 81 97 61 68 62 9 16 47 6 59 17 41 16 28 91 25 53 73 21 25 73 17 57 84 89 70 57 3 2 24 47 35 33 36 56 83 83 33 39 72 51 55 8 51 14 67 32 16 48 57 87
53 94 50 57 51 49 0 47 20 48 10 52 56 5 41 75 85 66 93 67 40 10 63 93 64 83 6 36 9 20 73 81 26 34 6 94 81 55 6 17 81 75 88 26 81 83 36 24 12 50 20 100 89 13 64 69 6 48 19 96 97 16 84 39 11 37 78 16 57 52 6 81 45 43 82 13 62 75 12 24 46 31 70 90 17 51 35 71 96 25 73 9 11 74 19 82 8 52 21 91
55 65 73 43 29 41 47 0 23 5 52 66 61 50 34 64 62 38 8 28 6 80 27 29 91 24 37 63 12 18 2 58 57 60 33 74 53 54 76 13 30 67 35 20 4 85 41 9 28 22 2 96 28 27 14 9 41 93 8 15 84 79 78 18 54 20 66 96 71 65 87 36 78 98 21 90 6 8 60 42 13 96 32 66 63 32 72 46 63 80 74 47 60 78 76 46 71 4 77 12
2 70 13 29 68 19 20 23 0 87 88 37 18 76 85 95 70 70 69 5 52 39 69 89 48 64 67 64 39 67 54 2 13 96 58 1 28 40 61 35 33 53 59 99 32 84 92 100 32 55 8 59 71 56 49 44 50 14 97 81 77 10 3 3 2 2 64 27 60 9 16 92 96 19 3 40 51 97 29 36 85 92 66 69 55 91 27 8 29 2 42 13 32 99 1 81 4 13 92 49
95 97 70 78 71 24 48 5 87 0 100 33 79 64 7 6 28 62 85 65 2 9 66 94 17 59 89 82 13 2 85 32 14 75 29 11 67 37 91 96 64 93 4 85 3 28 74 95 25 10 17 94 26 71 75 69 27 86 22 58 87 84 38 18 76 46 24 68 80 23 41 13 74 39 95 80 3 6 19 64 14 23 40 82 25 3 69 32 13 22 5 11 64 44 7 31 33 80 60 86
100 88 99 39 88 94 10 52 88 100 0 31 8 97 59 44 51 51 85 82 37 20 17 83 49 38 43 85 84 84 15 23 86 18 28 34 42 21 80 73 74 38 36 6 74 29 65 84 18 22 35 41 10 9 28 28 49 19 69 87 11 28 13 50 56 30 93 71 70 59 79 82 57 91 11 73 30 47 30 35 4 9 32 58 95 29 57 24 50 81 11 15 89 34 9 82 64 9 1 15
36 94 51 64 71 51 52 66 37 33 31 0 24 2 48 25 50 33 30 9 96 58 21 6 99 7 48 10 93 63 13 97 87 90 90 11 89 7 58 1 24 4 85 70 52 84 64 89 41 51 1 81 92 19 38 27 5 18 68 97 32 23 94 40 98 48 99 54 17 96 24 67 23 36 65 93 27 75 27 11 14 75 98 54 96 71 61 34 67 29 96 41 26 99 69 79 99 70 14 6
59 16 33 22 81 86 56 61 18 79 8 24 0 34 35 25 90 79 50 97 20 76 63 59 59 49 4 48 77 83 48 75 35 82 52 8 19 98 72 46 43 88 26 7 45 95 5 88 94 96 1 5 25 61 72 65 39 43 97 62 58 57 60 21 90 21 71 2 20 30 69 41 100 44 73 32 83 50 68 71 9 66 19 67 75 8 86 80 1 42 88 98 15 21 45 100 11 19 82 45
65 66 38 18 88 98 5 50 76 64 97 2 34 0 29 30 48 100 32 37 69 31 87 40 91 93 15 37 20 32 65 4 40 32 72 42 53 57 53 9 75 70 66 87 74 64 82 81 27 32 5 48 95 82 93 6 16 51 43 4 5 32 81 9 11 32 60 84 20 62 7 57 24 52 83 15 44 2 45 23 32 60 74 27 23 30 100 38 32 27 74 91 42 50 41 57 42 30 68 75
33 21 54 46 81 18 41 34 85 7 59 48 35 29 0 92 79 25 11 45 37 27 85 45 43 29 6 76 17 77 52 96 59 96 27 98 94 8 42 41 87 62 100 29 95 25 26 99 92 96 85 30 73 61 6 71 66 3 50 3 1 10 55 1 83 42 36 2 12 43 77 91 81 62 82 93 51 89 66 98 35 32 100 70 86 97 34 42 9 73 29 78 31 11 36 47 25 100 92 15
20 14 72 37 87 4 75 64 95 6 44 25 25 30 92 0 6 54 70 64 31 97 28 38 41 94 68 15 35 83 14 14 65 88 48 55 81 43 91 32 98 9 68 29 32 24 37 17 59 43 23 57 97 81 60 91 14 56 61 32 89 50 74 99 1 78 18 24 98 82 66 97 59 83 67 19 74 5 88 51 52 91 7 84 70 95 51 45 71 27 55 3 20 47 35 75 90 59 62 74
70 11 12 93 11 49 85 62 70 28 51 50 90 48 79 6 0 76 54 65 52 73 55 21 7 56 23 98 93 26 99 76 32 55 62 8 77 90 51 83 85 71 44 2 60 35 77 13 42 11 42 81 1 67 30 18 20 5 44 5 91 31 55 2 3 36 71 22 96 34 96 50 39 99 36 43 65 94 12 41 83 90 78 20 69 89 89 80 42 79 43 84 59 10 44 14 39 53 1 28
21 60 12 55 52 62 66 38 70 62 51 33 79 100 25 54 76 0 95 79 13 76 30 90 65 36 7 47 41 55 67 37 84 41 47 23 16 90 96 8 81 57 62 94 18 62 65 12 56 26 62 76 58 50 50 46 21 78 71 52 55 52 57 82 88 13 49 76 89 44 24 59 32 32 21 47 2 57 77 83 35 17 17 32 53 17 76 99 50 39 72 28 40 32 57 21 30 66 67 16
10 70 17 85 94 46 93 8 69 85 85 30 50 32 11 70 54 95 0 62 5 7 59 13 23 35 50 38 21 83 73 49 79 8 14 66 49 81 49 54 82 37 97 16 8 49 28 2 31 61 51 16 14 1 4 50 11 7 34 90 54 33 25 86 86 23 32 69 60 59 86 72 80 11 33 83 74 86 62 36 39 31 64 41 24 74 71 61 88 59 8 14 63 4 34 12 3 32 71 17
74 95 79 47 27 30 67 28 5 65 82 9 97 37 45 64 65 79 62 0 49 84 48 98 50 90 47 88 85 57 5 93 23 10 45 27 40 73 96 75 80 84 32 11 57 91 68 11 33 13 97 97 69 41 59 95 87 4 74 79 53 72 26 59 20 29 35 5 66 16 15 13 85 57 29 43 99 86 24 98 92 31 85 9 63 48 15 1 13 81 38 4 26 60 37 56 94 32 20 38
11 8 93 44 84 79 40 6 52 2 37 96 20 69 37 31 52 13 5 49 0 5 66 10 25 48 23 69 28 28 8 87 6 81 88 48 13 8 29 86 22 17 19 86 28 88 58 33 5 18 82 44 67 11 52 6 27 20 25 100 44 58 88 8 37 79 11 99 64 35 62 24 65 55 76 62 27 14 54 38 90 76 67 39 38 69 79 43 9 30 7 63 51 66 66 30 81 44 91 50
24 41 71 33 49 85 10 80 39 9 20 58 76 31 27 97 73 76 7 84 5 0 39 69 19 4 40 64 49 47 79 7 36 23 20 49 55 67 17 76 87 21 18 58 24 64 96 44 52 75 55 83 62 27 99 61 4 68 96 61 71 51 91 63 53 71 68 82 91 23 54 32 20 77 43 18 24 72 2 63 33 34 77 76 96 59 87 7 58 53 67 3 71 78 8 86 92 85 51 3
36 27 42 46 25 83 63 27 69 66 17 21 63 87 85 28 55 30 59 48 66 39 0 7 80 58 60 64 2 11 14 19 48 70 52 70 10 69 84 19 79 58 16 37 61 80 99 82 2 40 47 13 63 46 12 88 27 82 14 48 28 90 46 86 84 32 62 9 77 30 48 36 36 83 10 68 33 83 57 61 8 77 47 14 6 87 42 43 78 65 79 20 8 60 85 95 67 22 94 88
29 37 41 66 34 75 93 29 89 94 83 6 59 40 45 38 21 90 13 98 10 69 7 0 60 44 40 81 1 62 12 89 73 67 84 92 37 86 27 47 91 91 72 36 22 3 97 72 73 9 83 81 4 30 28 44 100 62 63 20 67 54 71 85 65 51 24 86 61 93 20 4 17 53 7 30 56 46 60 31 66 22 40 99 4 69 14 70 66 1 65 13 64 90 70 92 21 15 51 59
89 18 66 81 100 88 64 91 48 17 49 99 59 91 43 41 7 65 23 50 25 19 80 60 0 27 18 43 75 76 60 87 80 28 16 42 35 100 92 78 82 33 58 30 60 2 5 22 62 67 57 57 12 17 1 34 36 4 53 27 24 97 7 70 36 45 21 65 16 42 8 29 59 82 10 50 8 82 55 80 12 80 34 41 48 55 98 15 93 21 56 38 99 48 29 73 93 90 1 86
84 26 25 28 59 78 83 24 64 59 38 7 49 93 29 94 56 36 35 90 48 4 58 44 27 0 44 72 60 81 63 23 31 72 86 30 92 91 58 94 79 72 98 71 7 81 76 70 9 89 15 75 40 16 13 40 50 54 9 88 61 49 43 83 79 26 40 28 23 52 65 49 85 80 25 3 1 14 83 53 21 17 72 60 87 10 86 51 72 34 48 16 19 30 50 9 15 50 42 41
2 3 35 65 20 57 6 37 67 89 43 48 4 15 6 68 23 7 50 47 23 40 60 40 18 44 0 44 48 32 20 41 42 57 62 2 45 36 37 69 18 1 39 84 85 74 8 4 47 8 54 61 45 37 47 9 12 65 98 41 42 51 17 74 99 77 46 1 86 99 50 31 65 46 82 16 59 71 65 55 66 9 57 24 47 77 17 88 98 83 79 79 25 77 39 5 86 50 46 84
2 47 100 37 86 85 36 63 64 82 85 10 48 37 76 15 98 47 38 88 69 64 64 81 43 72 44 0 54 63 43 19 32 16 96 29 13 50 76 50 62 62 15 57 7 65 89 20 32 89 88 39 95 41 96 62 80 78 91 43 89 7 82 65 45 28 41 82 20 39 95 84 88 47 18 77 91 97 48 18 2 2 95 44 41 40 51 5 23 79 48 16 25 8 47 23 67 42 100 12
40 15 34 39 49 24 9 12 39 13 84 93 77 20 17 35 93 41 21 85 28 49 2 1 75 60 48 54 0 39 71 77 98 20 42 65 10 46 36 17 97 84 24 34 69 10 11 100 57 66 20 37 99 13 74 77 77 49 59 29 69 53 2 56 22 99 86 93 69 8 88 6 51 3 69 41 27 100 59 97 7 53 28 83 8 75 65 17 40 96 31 16 82 78 67 31 53 57 76 23
83 9 4 16 8 44 20 18 67 2 84 63 83 32 77 83 26 55 83 57 28 47 11 62 76 81 32 63 39 0 10 89 79 50 52 93 23 92 18 75 4 67 27 26 36 77 47 59 55 50 60 17 18 59 38 44 30 94 77 69 94 77 46 80 22 27 39 3 41 86 95 79 69 61 92 87 71 65 50 59 71 80 52 36 93 74 87 86 67 53 23 66 76 69 64 51 42 43 54 69
15 6 26 7 91 8 73 2 54 85 15 13 48 65 52 14 99 67 73 5 8 79 14 12 60 63 20 43 71 10 0 6 48 8 55 94 50 85 100 25 99 92 53 27 82 67 98 60 10 22 61 94 42 68 34 94 10 49 96 68 14 92 84 67 3 73 93 51 54 40 73 34 90 93 46 37 17 97 95 60 26 98 34 89 27 28 75 94 83 35 24 15 62 64 59 58 93 88 33 43
100 68 5 42 4 68 81 58 2 32 23 97 75 4 96 14 76 37 49 93 87 7 19 89 87 23 41 19 77 89 6 0 45 61 33 89 89 98 67 90 36 50 95 33 60 27 74 30 34 77 61 66 76 55 91 74 15 21 40 84 87 68 34 72 18 53 2 80 3 2 87 6 33 92 76 98 53 6 13 37 19 84 44 20 38 78 25 26 80 85 42 85 18 25 66 99 47 66 56 99
12 37 48 75 16 26 26 57 13 14 86 87 35 40 59 65 32 84 79 23 6 36 48 73 80 31 42 32 98 79 48 45 0 57 27 9 88 29 42 87 45 43 42 68 23 35 41 70 37 77 86 23 88 35 97 39 40 82 28 63 20 11 86 94 94 58 52 25 9 65 2 92 15 73 11 8 89 75 83 66 33 76 19 30 72 77 98 55 74 71 68 9 16 21 55 19 95 79 13 51
25 87 94 80 89 65 34 60 96 75 18 90 82 32 96 88 55 41 8 10 81 23 70 67 28 72 57 16 20 50 8 61 57 0 19 49 52 25 61 51 64 88 15 40 34 35 19 46 38 66 48 44 58 19 52 42 49 23 74 88 43 46 62 51 20 72 67 100 71 86 4 73 72 35 59 99 72 48 28 14 30 47 44 22 1 43 62 27 78 54 92 70 83 94 9 83 57 85 26 25
52 89 47 12 97 46 6 33 58 29 28 90 52 72 27 48 62 47 14 45 88 20 52 84 16 86 62 96 42 52 55 33 27 19 0 49 38 40 77 41 23 53 12 93 32 2 2 43 5 89 93 55 44 12 68 88 88 13 79 81 8 68 50 96 9 11 93 81 73 21 20 3 17 76 69 27 96 74 24 10 68 15 28 1 50 43 14 2 100 8 62 69 19 80 19 33 81 22 66 8
24 2 50 85 39 93 94 74 1 11 34 11 8 42 98 55 8 23 66 27 48 49 70 92 42 30 2 29 65 93 94 89 9 49 49 0 8 74 46 66 55 24 82 36 59 37 75 2 41 62 73 53 85 65 11 82 14 9 62 90 16 93 56 42 21 21 99 16 55 11 28 58 83 2 31 7 14 75 50 82 100 72 43 12 46 39 45 81 51 2 32 49 12 85 25 65 82 34 27 5
39 43 33 93 37 75 81 53 28 67 42 89 19 53 94 81 77 16 49 40 13 55 10 37 35 92 45 13 10 23 50 89 88 52 38 8 0 8 20 95 7 68 27 12 15 99 63 97 65 60 90 88 43 60 48 11 33 48 97 22 14 65 72 47 75 22 29 49 70 98 77 40 96 68 71 39 75 96 12 9 2 74 29 32 30 6 57 30 35 52 28 49 12 89 48 6 37 22 44 1
75 85 31 35 58 16 55 54 40 37 21 7 98 57 8 43 90 90 81 73 8 67 69 86 100 91 36 50 46 92 85 98 29 25 40 74 8 0 7 42 84 45 90 97 15 73 6 4 90 50 72 81 53 41 35 55 26 92 79 9 12 55 13 24 4 38 6 21 34 51 74 54 55 46 97 43 64 17 86 44 98 79 68 86 79 61 60 99 44 53 99 13 3 63 88 98 92 64 28 40
26 63 65 8 91 47 6 76 61 91 80 58 72 53 42 91 51 96 49 96 29 17 84 27 92 58 37 76 36 18 100 67 42 61 77 46 20 7 0 41 60 71 73 56 38 97 84 15 30 2 46 50 23 34 21 85 19 50 32 76 94 31 58 79 52 81 17 46 96 27 27 41 45 91 63 99 99 6 100 72 91 31 71 19 5 28 66 72 47 21 96 20 14 97 89 60 81 39 75 28
39 62 74 39 84 23 17 13 35 96 73 1 46 9 41 32 83 8 54 75 86 76 19 47 78 94 69 50 17 75 25 90 87 51 41 66 95 42 41 0 52 72 86 54 50 74 92 29 30 8 4 97 9 44 59 69 47 47 26 16 69 76 94 1 46 6 5 38 75 30 98 19 56 53 47 85 6 46 43 91 89 43 95 76 88 60 25 81 11 35 44 36 20 77 91 48 19 40 87 60
63 26 69 79 43 88 81 30 33 64 74 24 43 75 87 98 85 81 82 80 22 87 79 91 82 79 18 62 97 4 99 36 45 64 23 55 7 84 60 52 0 5 38 57 49 47 59 91 71 89 5 65 72 30 49 72 6 90 45 10 99 16 90 11 46 64 22 38 66 57 20 80 3 23 72 61 19 98 35 83 59 95 67 31 91 94 13 93 95 32 20 54 68 74 19 7 79 31 37 59
8 82 82 74 24 65 75 67 53 93 38 4 88 70 62 9 71 57 37 84 17 21 58 91 33 72 1 62 84 67 92 50 43 88 53 24 68 45 71 72 5 0 29 10 94 60 30 84 63 24 44 10 48 46 5 65 15 92 77 15 36 7 21 76 65 88 27 78 60 40 13 65 24 35 1 51 98 2 93 22 45 33 7 24 96 28 39 82 73 46 3 14 30 52 55 60 33 74 60 31
83 14 62 48 21 19 88 35 59 4 36 85 26 66 100 68 44 62 97 32 19 18 16 72 58 98 39 15 24 27 53 95 42 15 12 82 27 90 73 86 38 29 0 46 92 59 87 38 2 82 96 18 61 25 91 28 46 66 42 19 95 22 21 58 8 46 6 7 81 68 1 24 27 8 38 30 32 40 32 63 99 6 87 14 80 30 69 54 35 30 13 83 47 72 14 90 89 34 89 45
44 64 33 7 93 77 26 20 99 85 6 70 7 87 29 29 2 94 16 11 86 58 37 36 30 71 84 57 34 26 27 33 68 40 93 36 12 97 56 54 57 10 46 0 3 98 79 40 96 32 26 61 65 97 50 41 94 40 25 86 6 46 5 29 29 18 38 39 6 38 77 4 16 40 46 86 19 21 53 6 94 50 59 69 98 74 18 16 39 100 39 86 2 41 57 13 24 13 29 18
78 78 3 70 66 68 81 4 32 3 74 52 45 74 95 32 60 18 8 57 28 24 61 22 60 7 85 7 69 36 82 60 23 34 32 59 15 15 38 50 49 94 92 3 0 20 47 22 13 71 83 100 35 73 95 99 39 3 95 99 88 18 26 70 12 73 50 92 98 29 17 66 38 46 16 69 19 1 33 44 83 28 57 33 77 61 33 31 60 41 89 53 55 8 87 67 36 2 38 10
55 68 95 41 55 75 83 85 84 28 29 84 95 64 25 24 35 62 49 91 88 64 80 3 2 81 74 65 10 77 67 27 35 35 2 37 99 73 97 74 47 60 59 98 20 0 65 28 78 49 31 54 7 45 62 8 70 16 91 35 65 69 41 59 32 55 76 14 48 66 64 98 83 21 14 49 22 21 93 71 42 84 68 2 65 37 80 94 18 38 9 96 76 7 27 73 29 66 18 47
62 90 39 94 62 95 36 41 92 74 65 64 5 82 26 37 77 65 28 68 58 96 99 97 5 76 8 89 11 47 98 74 41 19 2 75 63 6 84 92 59 30 87 79 47 65 0 3 17 54 90 80 89 86 40 51 63 17 52 71 20 56 98 75 95 11 50 47 62 54 6 68 58 46 81 44 56 93 54 73 42 12 33 45 59 91 79 32 31 68 5 68 54 9 40 75 58 76 43 72
15 19 33 42 58 17 24 9 100 95 84 89 88 81 99 17 13 12 2 11 33 44 82 72 22 70 4 20 100 59 60 30 70 46 43 2 97 4 15 29 91 84 38 40 22 28 3 0 76 1 50 56 63 62 66 77 70 62 97 45 13 61 71 57 59 23 59 4 13 4 82 9 92 61 36 9 92 56 18 20 19 58 80 58 72 21 92 78 73 10 60 37 46 100 81 3 72 55 44 7
15 38 61 14 10 20 12 28 32 25 18 41 94 27 92 59 42 56 31 33 5 52 2 73 62 9 47 32 57 55 10 34 37 38 5 41 65 90 30 30 71 63 2 96 13 78 17 76 0 43 27 16 38 1 84 27 40 89 91 24 53 60 21 75 92 89 27 43 10 94 78 86 85 99 8 86 96 23 23 41 72 46 51 76 14 16 1 85 66 9 67 39 42 82 30 8 85 53 45 6
69 7 50 31 40 81 50 22 55 10 22 51 96 32 96 43 11 26 61 13 18 75 40 9 67 89 8 89 66 50 22 77 77 66 89 62 60 50 2 8 89 24 82 32 71 49 54 1 43 0 14 58 16 31 86 68 35 55 44 79 36 31 77 78 37 65 100 94 5 4 10 38 24 80 59 97 2 44 33 53 40 55 45 66 15 8 20 78 33 18 54 28 46 31 2 6 75 31 19 37
11 59 86 48 88 97 20 2 8 17 35 1 1 5 85 23 42 62 51 97 82 55 47 83 57 15 54 88 20 60 61 61 86 48 93 73 90 72 46 4 5 44 96 26 83 31 90 50 27 14 0 76 55 4 94 5 39 19 34 100 63 93 18 58 64 39 16 9 81 98 97 70 20 99 65 73 62 99 34 42 64 83 80 52 30 88 69 86 49 4 51 44 1 69 73 48 72 96 82 83
94 32 15 79 22 61 100 96 59 94 41 81 5 48 30 57 81 76 16 97 44 83 13 81 57 75 61 39 37 17 94 66 23 44 55 53 88 81 50 97 65 10 18 61 100 54 80 56 16 58 76 0 6 73 36 70 22 25 43 7 69 10 87 28 15 65 78 55 77 88 69 60 45 74 22 29 67 51 73 72 40 17 32 42 98 28 85 82 42 28 65 45 40 42 1 29 5 19 91 72
90 74 56 59 83 68 89 28 71 26 10 92 25 95 73 97 1 58 14 69 67 62 63 4 12 40 45 95 99 18 42 76 88 58 44 85 43 53 23 9 72 48 61 65 35 7 89 63 38 16 55 6 0 13 94 15 22 64 100 22 32 30 83 71 21 12 74 79 7 35 99 70 53 86 67 58 2 47 15 81 55 25 20 66 39 90 1 77 11 83 93 10 94 35 69 5 48 48 8 41
26 93 71 60 38 62 13 27 56 71 9 19 61 82 61 81 67 50 1 41 11 27 46 30 17 16 37 41 13 59 68 55 35 19 12 65 60 41 34 44 30 46 25 97 73 45 86 62 1 31 4 73 13 0 31 97 39 80 20 68 75 25 55 100 26 100 78 82 56 52 22 31 3 51 88 97 51 36 12 63 22 90 85 70 35 99 37 13 99 97 56 86 84 13 5 50 56 34 22 6
59 24 67 66 59 9 64 14 49 75 28 38 72 93 6 60 30 50 4 59 52 99 12 28 1 13 47 96 74 38 34 91 97 52 68 11 48 35 21 59 49 5 91 50 95 62 40 66 84 86 94 36 94 31 0 59 42 14 86 63 60 2 8 30 65 85 46 83 85 28 6 17 74 84 88 5 52 95 57 42 98 97 86 62 11 65 16 78 23 54 30 86 39 63 27 7 79 12 58 71
11 85 3 46 31 16 69 9 44 69 28 27 65 6 71 91 18 46 50 95 6 61 88 44 34 40 9 62 77 44 94 74 39 42 88 82 11 55 85 69 72 65 28 41 99 8 51 77 27 68 5 70 15 97 59 0 78 22 82 27 23 91 15 14 68 99 72 78 20 57 62 51 29 37 2 100 48 88 61 34 20 83 86 24 19 2 50 67 75 20 83 23 29 21 60 53 88 13 67 61
46 3 36 74 85 47 6 41 50 27 49 5 39 16 66 14 20 21 11 87 27 4 27 100 36 50 12 80 77 30 10 15 40 49 88 14 33 26 19 47 6 15 46 94 39 70 63 70 40 35 39 22 22 39 42 78 0 27 72 43 58 32 80 60 17 6 74 19 44 38 8 64 95 75 44 45 71 65 6 70 68 53 96 52 49 50 90 73 53 67 33 85 84 19 79 15 37 82 88 33
12 92 64 95 5 6 48 93 14 86 19 18 43 51 3 56 5 78 7 4 20 68 82 62 4 54 65 78 49 94 49 21 82 23 13 9 48 92 50 47 90 92 66 40 3 16 17 62 89 55 19 25 64 80 14 22 27 0 81 26 79 28 30 17 100 87 15 38 52 64 10 6 36 3 56 69 29 12 95 35 86 50 87 80 89 93 79 98 76 82 69 27 86 44 7 83 60 41 95 10
21 92 33 26 11 59 19 8 97 22 69 68 97 43 50 61 44 71 34 74 25 96 14 63 53 9 98 91 59 77 96 40 28 74 79 62 97 79 32 26 45 77 42 25 95 91 52 97 91 44 34 43 100 20 86 82 72 81 0 68 92 83 87 90 61 40 4 33 15 6 51 37 14 81 1 9 40 66 99 20 62 80 15 15 27 4 20 23 98 7 81 97 29 91 11 14 84 2 74 60
28 65 57 44 37 17 96 15 81 58 87 97 62 4 3 32 5 52 90 79 100 61 48 20 27 88 41 43 29 69 68 84 63 88 81 90 22 9 76 16 10 15 19 86 99 35 71 45 24 79 100 7 22 68 63 27 43 26 68 0 50 30 31 16 98 58 54 40 21 4 40 13 87 38 18 63 50 18 76 86 3 43 2 32 58 69 11 70 14 51 68 2 99 90 87 58 9 93 76 54
66 45 27 59 81 41 97 84 77 87 11 32 58 5 1 89 91 55 54 53 44 71 28 67 24 61 42 89 69 94 14 87 20 43 8 16 14 12 94 69 99 36 95 6 88 65 20 13 53 36 63 69 32 75 60 23 58 79 92 50 0 56 61 14 74 42 93 88 35 67 96 74 28 3 9 76 27 69 66 2 82 78 43 65 34 75 34 77 79 75 92 32 2 91 19 95 45 4 37 63
16 75 39 80 41 16 16 79 10 84 28 23 57 32 10 50 31 52 33 72 58 51 90 54 97 49 51 7 53 77 92 68 11 46 68 93 65 55 31 76 16 7 22 46 18 69 56 61 60 31 93 10 30 25 2 91 32 28 83 30 56 0 70 10 2 96 81 25 66 53 46 3 35 92 48 61 71 92 94 48 43 85 100 94 80 16 29 2 27 37 97 74 3 85 53 78 27 38 99 27
42 91 9 54 20 28 84 78 3 38 13 94 60 81 55 74 55 57 25 26 88 91 46 71 7 43 17 82 2 46 84 34 86 62 50 56 72 13 58 94 90 21 21 5 26 41 98 71 21 77 18 87 83 55 8 15 80 30 87 31 61 70 0 10 60 66 87 85 41 79 56 69 58 86 24 71 68 60 10 53 3 34 95 68 81 46 53 35 73 3 53 57 92 97 13 90 48 79 64 62
46 46 66 52 22 91 39 18 3 18 50 40 21 9 1 99 2 82 86 59 8 63 86 85 70 83 74 65 56 80 67 72 94 51 96 42 47 24 79 1 11 76 58 29 70 59 75 57 75 78 58 28 71 100 30 14 60 17 90 16 14 10 10 0 18 60 13 65 49 47 13 69 95 46 24 71 56 93 54 76 15 53 17 54 66 61 73 28 5 98 52 76 96 36 13 4 88 93 95 78
64 9 53 2 4 25 11 54 2 76 56 98 90 11 83 1 3 88 86 20 37 53 84 65 36 79 99 45 22 22 3 18 94 20 9 21 75 4 52 46 46 65 8 29 12 32 95 59 92 37 64 15 21 26 65 68 17 100 61 98 74 2 60 18 0 100 6 3 53 9 94 31 87 83 65 81 64 47 34 41 36 38 73 45 11 28 63 40 98 10 17 18 8 7 50 23 94 77 9 80
65 97 78 34 45 53 37 20 2 46 30 48 21 32 42 78 36 13 23 29 79 71 32 51 45 26 77 28 99 27 73 53 58 72 11 21 22 38 81 6 64 88 46 18 73 55 11 23 89 65 39 65 12 100 85 99 6 87 40 58 42 96 66 60 100 0 29 74 55 25 7 17 39 29 98 15 31 60 73 85 33 43 27 30 58 40 92 85 25 86 79 3 89 29 31 70 73 42 73 66
52 43 96 1 96 73 78 66 64 24 93 99 71 60 36 18 71 49 32 35 11 68 62 24 21 40 46 41 86 39 93 2 52 67 93 99 29 6 17 5 22 27 6 38 50 76 50 59 27 100 16 78 74 78 46 72 74 15 4 54 93 81 87 13 6 29 0 67 5 22 64 5 34 34 91 93 27 55 16 18 94 100 96 15 22 2 53 54 91 36 47 62 71 60 83 26 71 79 24 35
17 91 97 29 11 21 16 96 27 68 71 54 2 84 2 24 22 76 69 5 99 82 9 86 65 28 1 82 93 3 51 80 25 100 81 16 49 21 46 38 38 78 7 39 92 14 47 4 43 94 9 55 79 82 83 78 19 38 33 40 88 25 85 65 3 74 67 0 58 32 74 60 75 13 69 50 63 92 61 11 79 67 9 26 22 38 3 14 49 2 57 79 81 10 67 78 6 71 12 54
73 63 77 93 49 25 57 71 60 80 70 17 20 20 12 98 96 89 60 66 64 91 77 61 16 23 86 20 69 41 54 3 9 71 73 55 70 34 96 75 66 60 81 6 98 48 62 13 10 5 81 77 7 56 85 20 44 52 15 21 35 66 41 49 53 55 5 58 0 76 80 12 73 56 54 97 24 41 46 8 13 17 41 44 52 55 34 100 66 46 80 26 75 83 84 32 68 51 41 68
32 24 44 96 7 73 52 65 9 23 59 96 30 62 43 82 34 44 59 16 35 23 30 93 42 52 99 39 8 86 40 2 65 86 21 11 98 51 27 30 57 40 68 38 29 66 54 4 94 4 98 88 35 52 28 57 38 64 6 4 67 53 79 47 9 25 22 32 76 0 63 86 20 72 43 17 53 70 36 44 28 76 10 56 29 50 52 93 94 21 65 40 53 55 73 66 98 84 15 66
66 83 8 87 18 17 6 87 16 41 79 24 69 7 77 66 96 24 86 15 62 54 48 20 8 65 50 95 88 95 73 87 2 4 20 28 77 74 27 98 20 13 1 77 17 64 6 82 78 10 97 69 99 22 6 62 8 10 51 40 96 46 56 13 94 7 64 74 80 63 0 60 88 65 22 70 40 93 93 76 21 40 35 44 50 41 64 59 1 61 63 70 93 73 89 31 89 93 71 35
26 4 13 96 78 57 81 36 92 13 82 67 41 57 91 97 50 59 72 13 24 32 36 4 29 49 31 84 6 79 34 6 92 73 3 58 40 54 41 19 80 65 24 4 66 98 68 9 86 38 70 60 70 31 17 51 64 6 37 13 74 3 69 69 31 17 5 60 12 86 60 0 76 60 18 83 43 31 22 15 96 37 20 22 21 88 26 34 7 80 48 90 18 98 86 48 86 51 54 30
77 49 9 54 84 84 45 78 96 74 57 23 100 24 81 59 39 32 80 85 65 20 36 17 59 85 65 88 51 69 90 33 15 72 17 83 96 55 45 56 3 24 27 16 38 83 58 92 85 24 20 45 53 3 74 29 95 36 14 87 28 35 58 95 87 39 34 75 73 20 88 76 0 79 8 2 30 94 71 49 40 87 24 30 60 60 71 78 85 32 13 53 30 96 77 16 18 47 89 38
70 69 16 84 10 89 43 98 19 39 91 36 44 52 62 83 99 32 11 57 55 77 83 53 82 80 46 47 3 61 93 92 73 35 76 2 68 46 91 53 23 35 8 40 46 21 46 61 99 80 99 74 86 51 84 37 75 3 81 38 3 92 86 46 83 29 34 13 56 72 65 60 79 0 95 5 80 30 68 74 37 3 59 34 94 24 78 80 51 45 33 4 92 26 88 61 92 36 36 90
93 42 6 68 46 70 82 21 3 95 11 65 73 83 82 67 36 21 33 29 76 43 10 7 10 25 82 18 69 92 46 76 11 59 69 31 71 97 63 47 72 1 38 46 16 14 81 36 8 59 65 22 67 88 88 2 44 56 1 18 9 48 24 24 65 98 91 69 54 43 22 18 8 95 0 91 69 34 55 26 30 4 66 54 17 73 59 14 6 50 42 21 45 88 5 17 28 75 72 99
69 2 28 73 35 57 13 90 40 80 73 93 32 15 93 19 43 47 83 43 62 18 68 30 50 3 16 77 41 87 37 98 8 99 27 7 39 43 99 85 61 51 30 86 69 49 44 9 86 97 73 29 58 97 5 100 45 69 9 63 76 61 71 71 81 15 93 50 97 17 70 83 2 5 91 0 7 63 91 91 93 27 5 52 51 53 79 50 42 87 66 76 37 29 19 42 71 85 16 49
43 27 6 89 38 3 62 6 51 3 30 27 83 44 51 74 65 2 74 99 27 24 33 56 8 1 59 91 27 71 17 53 89 72 96 14 75 64 99 6 19 98 32 19 19 22 56 92 96 2 62 67 2 51 52 48 71 29 40 50 27 71 68 56 64 31 27 63 24 53 40 43 30 80 69 7 0 61 1 84 68 72 59 52 73 29 4 62 70 21 50 86 39 84 81 56 78 94 96 10
61 83 75 26 30 2 75 8 97 6 47 75 50 2 89 5 94 57 86 86 14 72 83 46 82 14 71 97 100 65 97 6 75 48 74 75 96 17 6 46 98 2 40 21 1 21 93 56 23 44 99 51 47 36 95 88 65 12 66 18 69 92 60 93 47 60 55 92 41 70 93 31 94 30 34 63 61 0 28 40 23 62 4 28 22 85 75 4 36 80 53 11 26 69 35 28 29 44 48 36
87 56 51 91 50 24 12 60 29 19 30 27 68 45 66 88 12 77 62 24 54 2 57 60 55 83 65 48 59 50 95 13 83 28 24 50 12 86 100 43 35 93 32 53 33 93 54 18 23 33 34 73 15 12 57 61 6 95 99 76 66 94 10 54 34 73 16 61 46 36 93 22 71 68 55 91 1 28 0 42 27 7 38 100 88 99 12 78 47 48 51 19 88 88 66 71 61 38 3 36
57 36 44 68 49 47 24 42 36 64 35 11 71 23 98 51 41 83 36 98 38 63 61 31 80 53 55 18 97 59 60 37 66 14 10 82 9 44 72 91 83 22 63 6 44 71 73 20 41 53 42 72 81 63 42 34 70 35 20 86 2 48 53 76 41 85 18 11 8 44 76 15 49 74 26 91 84 40 42 0 19 78 16 85 90 17 27 99 51 18 61 97 53 90 13 39 21 45 97 86
30 34 74 78 87 35 46 13 85 14 4 14 9 32 35 52 83 35 39 92 90 33 8 66 12 21 66 2 7 71 26 19 33 30 68 100 2 98 91 89 59 45 99 94 83 42 42 19 72 40 64 40 55 22 98 20 68 86 62 3 82 43 3 15 36 33 94 79 13 28 21 96 40 37 30 93 68 23 27 19 0 91 19 39 4 19 57 23 60 40 11 51 73 3 68 63 69 28 14 79
2 77 67 96 19 33 31 96 92 23 9 75 66 60 32 91 90 17 31 31 76 34 77 22 80 17 9 2 53 80 98 84 76 47 15 72 74 79 31 43 95 33 6 50 28 84 12 58 46 55 83 17 25 90 97 83 53 50 80 43 78 85 34 53 38 43 100 67 17 76 40 37 87 3 4 27 72 62 7 78 91 0 99 47 68 72 67 32 7 4 4 40 81 85 93 70 30 90 62 5
76 47 79 44 87 36 70 32 66 40 32 98 19 74 100 7 78 17 64 85 67 77 47 40 34 72 57 95 28 52 34 44 19 44 28 43 29 68 71 95 67 7 87 59 57 68 33 80 51 45 80 32 20 85 86 86 96 87 15 2 43 100 95 17 73 27 96 9 41 10 35 20 24 59 66 5 59 4 38 16 19 99 0 75 2 2 64 83 74 25 88 77 79 36 78 96 29 59 84 57
5 22 13 20 39 56 90 66 69 82 58 54 67 27 70 84 20 32 41 9 39 76 14 99 41 60 24 44 83 36 89 20 30 22 1 12 32 86 19 76 31 24 14 69 33 2 45 58 76 66 52 42 66 70 62 24 52 80 15 32 65 94 68 54 45 30 15 26 44 56 44 22 30 34 54 52 52 28 100 85 39 47 75 0 91 7 78 92 29 47 38 55 92 75 88 90 87 17 24 2
16 1 6 22 14 83 17 63 55 25 95 96 75 23 86 70 69 53 24 63 38 96 6 4 48 87 47 41 8 93 27 38 72 1 50 46 30 79 5 88 91 96 80 98 77 65 59 72 14 15 30 98 39 35 11 19 49 89 27 58 34 80 81 66 11 58 22 22 52 29 50 21 60 94 17 51 73 22 88 90 4 68 2 91 0 62 10 66 41 80 12 56 69 26 48 43 22 93 6 49
78 16 18 48 94 83 51 32 91 3 29 71 8 30 97 95 89 17 74 48 69 59 87 69 55 10 77 40 75 74 28 78 77 43 43 39 6 61 28 60 94 28 30 74 61 37 91 21 16 8 88 28 90 99 65 2 50 93 4 69 75 16 46 61 28 40 2 38 55 50 41 88 60 24 73 53 29 85 99 17 19 72 2 7 62 0 96 22 51 86 66 26 30 52 38 33 91 55 65 23
29 34 90 28 69 33 35 72 27 69 57 61 86 100 34 51 89 76 71 15 79 87 42 14 98 86 17 51 65 87 75 25 98 62 14 45 57 60 66 25 13 39 69 18 33 80 79 92 1 20 69 85 1 37 16 50 90 79 20 11 34 29 53 73 63 92 53 3 34 52 64 26 71 78 59 79 4 75 12 27 57 67 64 78 10 96 0 42 77 78 91 30 51 72 83 1 90 7 48 14
17 84 97 47 95 39 71 46 8 32 24 34 80 38 42 45 80 99 61 1 43 7 43 70 15 51 88 5 17 86 94 26 55 27 2 81 30 99 72 81 93 82 54 16 31 94 32 78 85 78 86 82 77 13 78 67 73 98 23 70 77 2 35 28 40 85 54 14 100 93 59 34 78 80 14 50 62 4 78 99 23 32 83 92 66 22 42 0 20 45 96 25 30 96 43 33 95 68 66 84
4 64 97 39 61 72 96 63 29 13 50 67 1 32 9 71 42 50 88 13 9 58 78 66 93 72 98 23 40 67 83 80 74 78 100 51 35 44 47 11 95 73 35 39 60 18 31 73 66 33 49 42 11 99 23 75 53 76 98 14 79 27 73 5 98 25 91 49 66 94 1 7 85 51 6 42 70 36 47 51 60 7 74 29 41 51 77 20 0 81 85 8 87 44 3 33 40 80 60 3
16 96 12 38 24 51 25 80 2 22 81 29 42 27 73 27 79 39 59 81 30 53 65 1 21 34 83 79 96 53 35 85 71 54 8 2 52 53 21 35 32 46 30 100 41 38 68 10 9 18 4 28 83 97 54 20 67 82 7 51 75 37 3 98 10 86 36 2 46 21 61 80 32 45 50 87 21 80 48 18 40 4 25 47 80 86 78 45 81 0 15 64 52 16 6 85 73 76 54 23
10 16 32 59 56 55 73 74 42 5 11 96 88 74 29 55 43 72 8 38 7 67 79 65 56 48 79 48 31 23 24 42 68 92 62 32 28 99 96 44 20 3 13 39 89 9 5 60 67 54 51 65 93 56 30 83 33 69 81 68 92 97 53 52 17 79 47 57 80 65 63 48 13 33 42 66 50 53 51 61 11 4 88 38 12 66 91 96 85 15 0 88 56 57 80 86 54 44 12 16
82 4 86 20 46 8 9 47 13 11 15 41 98 91 78 3 84 28 14 4 63 3 20 13 38 16 79 16 16 66 15 85 9 70 69 49 49 13 20 36 54 14 83 86 53 96 68 37 39 28 44 45 10 86 86 23 85 27 97 2 32 74 57 76 18 3 62 79 26 40 70 90 53 4 21 76 86 11 19 97 51 40 77 55 56 26 30 25 8 64 88 0 77 94 32 1 35 21 48 62
12 57 68 2 94 51 11 60 32 64 89 26 15 42 31 20 59 40 63 26 51 71 8 64 99 19 25 25 82 76 62 18 16 83 19 12 12 3 14 20 68 30 47 2 55 76 54 46 42 46 1 40 94 84 39 29 84 86 29 99 2 3 92 96 8 89 71 81 75 53 93 18 30 92 45 37 39 26 88 53 73 81 79 92 69 30 51 30 87 52 56 77 0 28 60 19 88 67 42 20
24 92 15 60 7 14 74 78 99 44 34 99 21 50 11 47 10 32 4 60 66 78 60 90 48 30 77 8 78 69 64 25 21 94 80 85 89 63 97 77 74 52 72 41 8 7 9 100 82 31 69 42 35 13 63 21 19 44 91 90 91 85 97 36 7 29 60 10 83 55 73 98 96 26 88 29 84 69 88 90 3 85 36 75 26 52 72 96 44 16 57 94 28 0 17 47 31 86 11 87
77 50 76 66 34 67 19 76 1 7 9 69 45 41 36 35 44 57 34 37 66 8 85 70 29 50 39 47 67 64 59 66 55 9 19 25 48 88 89 91 19 55 14 57 87 27 40 81 30 2 73 1 69 5 27 60 79 7 11 87 19 53 13 13 50 31 83 67 84 73 89 86 77 88 5 19 81 35 66 13 68 93 78 88 48 38 83 43 3 6 80 32 60 17 0 33 83 13 89 33
2 31 53 27 100 32 82 46 81 31 82 79 100 57 47 75 14 21 12 56 30 86 95 92 73 9 5 23 31 51 58 99 19 83 33 65 6 98 60 48 7 60 90 13 67 73 75 3 8 6 48 29 5 50 7 53 15 83 14 58 95 78 90 4 23 70 26 78 32 66 31 48 16 61 17 42 56 28 71 39 63 70 96 90 43 33 1 33 33 85 86 1 19 47 33 0 12 13 84 99
82 17 51 32 85 16 8 71 4 33 64 99 11 42 25 90 39 30 3 94 81 92 67 21 93 15 86 67 53 42 93 47 95 57 81 82 37 92 81 19 79 33 89 24 36 29 58 72 85 75 72 5 48 56 79 88 37 60 84 9 45 27 48 88 94 73 71 6 68 98 89 86 18 92 28 71 78 29 61 21 69 30 29 87 22 91 90 95 40 73 54 35 88 31 83 12 0 12 100 54
100 96 79 11 96 48 52 4 13 80 9 70 19 30 100 59 53 66 32 32 44 85 22 15 90 50 50 42 57 43 88 66 79 85 22 34 22 64 39 40 31 74 34 13 2 66 76 55 53 31 96 19 48 34 12 13 82 41 2 93 4 38 79 93 77 42 79 71 51 84 93 51 47 36 75 85 94 44 38 45 28 90 59 17 93 55 7 68 80 76 44 21 67 86 13 13 12 0 3 14
2 11 18 83 33 57 21 77 92 60 1 14 82 68 92 62 1 67 71 20 91 51 94 51 1 42 46 100 76 54 33 56 13 26 66 27 44 28 75 87 37 60 89 29 38 18 43 44 45 19 82 91 8 22 58 67 88 95 74 76 37 99 64 95 9 73 24 12 41 15 71 54 89 36 72 16 96 48 3 97 14 62 84 24 6 65 48 66 60 54 12 48 42 11 89 84 100 3 0 88
33 57 10 53 87 87 91 12 49 86 15 6 45 75 15 74 28 16 17 38 50 3 88 59 86 41 84 12 23 69 43 99 51 25 8 5 1 40 28 60 59 31 45 18 10 47 72 7 6 37 83 72 41 6 71 61 33 10 60 54 63 27 62 78 80 66 35 54 68 66 35 30 38 90 99 49 10 36 36 86 79 5 57 2 49 23 14 84 3 23 16 62 20 87 33 99 54 14 88 0
