100
10
0 97 70 73 77 79 44 54 39 44 73 20 19 73 40 68 34 56 43 5 98 32 99 89 72 15 75 37 52 59 88 17 49 71 80 91 42 67 7 46 62 22 82 76 73 27 3 36 80 100 33 99 28 45 77 2 88 17 21 28 50 16 59 62 29 79 23 22 14 24 37 81 91 26 29 95 85 75 39 99 37 55 23 55 56 13 28 6 18 5 47 3 52 83 73 92 88 21 50 84
97 0 68 82 95 37 93 20 23 58 43 59 20 88 79 48 61 46 54 64 3 53 16 47 29 32 47 50 56 100 8 69 12 71 39 91 85 20 7 98 73 34 35 63 19 90 62 14 20 55 85 14 39 5 56 69 54 96 33 40 35 87 85 88 11 48 13 42 66 8 59 93 72 100 33 11 20 8 80 36 60 14 86 93 87 5 55 26 7 76 65 2 38 53 93 41 9 39 32 29
70 68 0 29 96 15 65 35 69 75 60 29 59 1 75 36 84 100 93 42 98 92 57 7 11 7 71 87 28 63 39 99 40 86 83 42 79 18 51 36 5 8 75 61 16 52 40 57 67 42 37 55 34 69 46 93 51 34 72 54 76 97 34 40 100 15 35 47 72 92 2 72 66 33 45 7 25 59 97 46 42 52 46 45 64 29 74 69 6 49 27 10 68 9 3 14 72 30 16 76
73 82 29 0 68 58 23 30 54 21 23 90 94 34 1 83 59 7 31 68 70 47 87 65 36 26 17 30 52 26 4 92 71 55 15 48 30 56 24 35 72 39 93 84 53 89 33 7 83 90 39 26 80 79 30 18 13 18 9 36 4 55 49 18 96 99 90 84 54 97 24 40 81 70 7 51 51 65 11 46 41 25 86 95 35 50 26 23 66 21 27 3 64 63 98 67 72 92 50 57
77 95 96 68 0 83 14 34 50 62 95 50 1 15 66 8 58 34 47 22 60 49 100 59 42 33 41 39 24 98 92 67 32 6 21 68 75 82 3 7 22 26 19 6 74 98 95 98 29 10 64 42 67 31 41 29 86 36 3 48 80 17 21 92 93 74 50 99 13 36 1 50 94 91 23 30 24 2 45 88 29 51 94 98 51 23 11 74 55 44 49 34 72 61 63 28 37 15 70 40
79 37 15 58 83 0 44 72 57 63 66 24 100 63 51 91 36 5 16 12 69 49 34 52 20 78 3 42 68 87 13 54 40 58 57 17 99 81 50 81 51 30 67 6 63 34 7 75 16 9 73 66 16 3 44 47 16 88 9 92 7 86 87 19 98 70 70 35 48 88 14 69 96 88 55 15 1 25 86 89 55 42 78 29 84 63 24 32 92 30 54 42 91 54 44 37 53 1 55 47
44 93 65 23 14 44 0 88 56 28 28 38 40 60 73 27 94 52 44 7 5 64 12 24 39 58 84 32 31 90 38 57 21 51 95 37 55 88 54 76 3 69 50 39 90 59 83 63 18 71 76 8 64 13 75 43 15 77 16 17 75 63 51 32 83 20 26 100 80 3 35 5 75 18 8 49 59 37 76 47 94 2 99 28 35 85 13 4 60 48 84 38 8 96 15 30 18 63 82 60
54 20 35 30 34 72 88 0 29 12 26 57 1 30 35 6 61 2 52 69 57 28 95 26 53 7 82 19 3 88 89 73 65 44 74 3 23 80 79 55 100 27 33 51 40 74 44 15 75 36 81 87 68 100 10 69 86 47 43 77 13 80 74 35 3 43 6 64 31 60 38 98 4 89 64 39 90 94 87 25 37 70 32 67 81 98 8 39 52 96 52 30 71 24 70 85 46 82 74 85
39 23 69 54 50 57 56 29 0 7 3 44 22 11 85 16 8 100 57 72 50 92 91 76 70 1 83 3 92 19 49 40 71 23 80 62 5 30 33 3 80 77 1 46 62 62 71 61 1 20 22 59 3 63 46 98 7 43 58 32 7 2 18 27 5 50 50 75 26 31 29 23 28 24 48 18 93 19 44 57 78 63 41 78 43 54 12 88 75 66 45 41 73 11 22 51 41 46 6 4
44 58 75 21 62 63 28 12 7 0 70 34 34 89 63 81 11 79 80 61 20 51 7 6 73 23 1 55 90 94 91 16 75 33 27 46 46 53 46 58 78 52 32 99 82 41 20 80 60 39 39 58 88 91 44 64 37 91 56 51 3 99 30 35 25 86 65 25 56 60 18 31 19 76 87 50 38 51 18 28 6 43 86 30 27 46 11 90 91 77 14 3 77 6 40 35 54 97 62 40
73 43 60 23 95 66 28 26 3 70 0 14 37 48 92 74 89 11 49 74 27 90 98 43 89 59 22 52 57 98 67 47 55 80 17 40 89 34 7 76 12 36 36 7 74 14 50 14 31 72 50 98 48 66 15 49 98 67 74 85 38 69 57 49 33 51 80 26 25 24 42 45 20 31 7 82 13 20 16 22 79 16 36 30 93 4 27 86 96 80 45 1 45 89 2 34 78 18 39 43
20 59 29 90 50 24 38 57 44 34 14 0 26 23 49 44 91 21 16 19 64 11 27 74 19 88 23 70 23 41 84 48 90 6 64 38 21 49 98 16 65 1 38 79 9 36 52 47 56 71 67 30 12 59 48 45 81 71 61 52 94 68 88 64 28 17 70 94 68 9 78 88 16 51 7 79 57 55 99 88 49 56 51 49 58 24 57 70 32 65 71 49 95 81 3 26 78 60 35 71
19 20 59 94 1 100 40 1 22 34 37 26 0 18 77 16 27 3 75 41 86 27 90 69 14 91 96 12 55 3 10 75 73 15 11 58 92 63 58 33 89 49 7 23 51 84 69 56 65 94 39 31 73 77 15 67 42 22 47 85 50 95 72 81 20 19 70 30 2 52 2 73 86 63 55 1 90 82 94 64 4 47 16 15 44 23 35 4 62 18 35 29 17 70 70 57 66 43 9 17
73 88 1 34 15 63 60 30 11 89 48 23 18 0 65 87 83 17 6 32 99 42 70 56 30 73 99 75 76 32 18 58 68 37 59 21 80 87 43 55 85 18 4 12 15 99 68 7 26 69 95 56 79 58 10 90 65 11 37 9 59 53 62 71 59 33 39 97 35 97 15 53 99 82 5 79 7 88 72 38 93 35 40 95 62 38 93 33 87 33 71 68 68 63 11 7 12 50 72 21
40 79 75 1 66 51 73 35 85 63 92 49 77 65 0 19 4 19 26 93 77 59 60 48 13 88 79 1 9 52 62 84 45 55 9 59 63 71 90 96 37 77 54 11 67 64 30 39 96 22 75 54 52 26 55 71 4 24 98 5 96 95 88 8 84 11 64 29 63 94 67 28 100 1 15 57 8 33 3 60 77 53 23 4 68 35 37 66 13 62 83 100 27 31 34 82 37 47 6 87
68 48 36 83 8 91 27 6 16 81 74 44 16 87 19 0 69 73 99 32 19 86 11 36 64 31 54 47 69 67 27 16 58 62 68 76 44 42 20 73 38 64 63 51 26 73 65 1 65 25 6 20 91 59 60 5 42 54 75 66 34 10 36 57 71 42 68 30 20 40 70 73 19 16 58 43 33 73 53 38 95 82 43 6 41 91 40 57 78 32 15 37 97 41 59 46 98 67 79 48
34 61 84 59 58 36 94 61 8 11 89 91 27 83 4 69 0 41 56 38 91 34 20 66 93 73 90 81 28 89 21 64 21 58 13 94 85 3 9 59 41 82 11 31 100 40 40 88 2 83 41 99 33 90 99 81 93 28 33 59 91 9 24 53 89 43 48 11 24 4 72 46 50 91 61 74 20 76 69 86 15 29 21 17 28 27 21 98 94 31 8 59 72 91 83 23 44 66 62 25
56 46 100 7 34 5 52 2 100 79 11 21 3 17 19 73 41 0 8 12 85 86 93 65 5 67 5 28 93 79 19 73 36 93 69 23 81 80 72 55 2 47 18 21 90 70 43 58 23 41 85 92 73 2 77 76 9 85 22 100 18 99 96 61 54 78 58 62 88 76 7 60 87 67 67 76 17 61 96 78 54 30 7 38 45 31 23 62 13 40 90 45 25 85 56 83 95 62 71 83
43 54 93 31 47 16 44 52 57 80 49 16 75 6 26 99 56 8 0 18 28 31 80 5 12 64 94 41 63 82 45 11 54 18 69 22 40 87 87 92 43 88 80 64 66 15 57 97 45 62 95 72 9 11 69 62 26 92 93 98 30 79 19 64 54 71 55 36 39 85 57 45 33 7 78 88 15 71 36 13 78 72 39 94 83 7 38 53 90 80 59 26 1 24 1 65 100 95 85 82
5 64 42 68 22 12 7 69 72 61 74 19 41 32 93 32 38 12 18 0 75 46 39 52 77 74 59 71 76 42 36 6 9 20 94 80 12 81 72 65 76 53 64 44 26 94 18 76 100 72 25 48 47 40 21 8 10 65 4 83 55 36 14 5 2 95 60 29 21 99 89 47 85 14 61 35 27 92 39 77 64 99 79 87 44 30 46 7 28 60 86 17 100 7 49 3 77 13 14 70
98 3 98 70 60 69 5 57 50 20 27 64 86 99 77 19 91 85 28 75 0 55 96 77 32 2 57 28 70 32 67 99 92 11 91 22 24 30 49 14 7 81 84 39 7 1 88 74 76 92 92 51 46 76 67 85 87 54 4 89 97 37 70 72 74 19 9 66 22 84 24 58 57 47 83 12 55 100 48 18 96 99 66 2 24 91 3 10 72 67 28 41 56 28 53 96 50 38 81 78
32 53 92 47 49 49 64 28 92 51 90 11 27 42 59 86 34 86 31 46 55 0 50 73 95 2 43 29 12 63 32 54 59 27 83 34 50 15 9 38 98 35 97 75 76 56 42 27 39 13 61 32 30 19 51 10 69 25 35 9 66 36 70 40 64 16 70 55 26 25 91 62 53 72 49 78 39 81 48 94 46 86 8 92 76 86 19 72 21 27 8 73 91 14 15 42 85 30 10 18
99 16 57 87 100 34 12 95 91 7 98 27 90 70 60 11 20 93 80 39 96 50 0 58 8 100 67 72 42 74 60 19 14 19 47 63 29 47 98 95 65 46 30 98 76 9 20 58 27 34 42 68 82 15 56 82 69 70 99 29 21 47 28 43 27 62 3 51 11 13 2 24 34 22 9 29 38 29 44 13 13 21 7 4 98 83 35 52 98 24 65 72 16 46 49 15 61 24 92 26
89 47 7 65 59 52 24 26 76 6 43 74 69 56 48 36 66 65 5 52 77 73 58 0 83 70 22 6 77 24 99 17 47 96 83 13 1 57 86 33 78 34 99 7 91 8 94 63 95 36 37 2 3 98 27 70 20 25 78 98 39 50 26 47 52 14 90 53 6 61 24 85 29 1 55 98 81 26 62 91 63 23 11 52 15 7 20 90 60 11 21 52 2 18 56 17 35 34 67 60
72 29 11 36 42 20 39 53 70 73 89 19 14 30 13 64 93 5 12 77 32 95 8 83 0 48 21 83 99 63 5 62 88 10 31 93 53 77 27 23 79 58 97 27 51 56 53 74 12 60 62 82 22 85 13 64 23 14 53 51 60 75 27 35 92 5 43 98 71 2 37 58 77 73 87 57 39 81 81 39 25 49 42 24 9 14 29 9 27 75 35 36 14 18 94 36 24 54 45 47
15 32 7 26 33 78 58 7 1 23 59 88 91 73 88 31 73 67 64 74 2 2 100 70 48 0 55 23 18 5 60 29 45 69 54 3 24 5 17 87 48 33 60 21 89 8 78 50 92 59 93 27 8 92 35 96 93 4 97 21 86 54 34 87 70 94 17 68 7 50 12 8 100 45 52 31 13 8 81 100 13 5 68 29 64 44 89 14 29 49 73 96 98 100 20 82 6 44 78 92
75 47 71 17 41 3 84 82 83 1 22 23 96 99 79 54 90 5 94 59 57 43 67 22 21 55 0 59 26 4 38 67 79 86 41 95 86 1 67 90 86 75 92 23 54 77 63 68 82 88 37 65 55 52 7 19 18 78 84 66 45 54 51 67 75 55 36 26 88 61 59 18 23 54 14 44 12 63 91 8 16 13 85 94 46 1 42 66 56 64 57 94 93 8 49 41 80 36 36 48
37 50 87 30 39 42 32 19 3 55 52 70 12 75 1 47 81 28 41 71 28 29 72 6 83 23 59 0 3 64 40 45 93 73 37 92 93 66 81 29 84 61 55 14 16 58 87 30 98 92 12 4 26 62 61 30 69 86 64 82 59 66 50 24 40 45 92 5 57 14 89 52 68 66 54 2 40 33 80 74 6 96 24 61 8 85 93 30 83 75 49 84 79 71 17 11 60 78 56 64
52 56 28 52 24 68 31 3 92 90 57 23 55 76 9 69 28 93 63 76 70 12 42 77 99 18 26 3 0 33 62 35 73 26 7 83 19 61 75 59 100 42 85 94 72 58 67 56 100 7 10 87 28 86 72 83 28 66 72 69 10 68 59 88 42 52 42 38 54 89 11 64 29 64 35 71 49 14 10 44 44 16 27 9 78 54 41 89 1 13 55 82 97 37 65 25 1 5 88 51
59 100 63 26 98 87 90 88 19 94 98 41 3 32 52 67 89 79 82 42 32 63 74 24 63 5 4 64 33 0 14 56 17 28 100 13 66 88 50 82 82 38 39 57 56 30 63 38 61 59 83 58 1 78 75 79 1 26 43 45 17 63 91 88 94 9 99 47 65 18 33 88 48 84 43 54 54 63 81 64 65 50 63 3 45 69 3 45 62 92 79 7 18 99 74 87 76 34 68 20
88 8 39 4 92 13 38 89 49 91 67 84 10 18 62 27 21 19 45 36 67 32 60 99 5 60 38 40 62 14 0 77 36 78 89 97 35 79 95 98 16 41 98 49 99 19 93 17 30 50 61 54 79 96 20 1 49 83 49 15 56 69 18 95 6 65 54 73 58 31 74 80 33 59 10 3 68 36 2 29 4 96 30 38 81 29 12 41 42 6 57 18 59 45 26 40 10 89 24 58
17 69 99 92 67 54 57 73 40 16 47 48 75 58 84 16 64 73 11 6 99 54 19 17 62 29 67 45 35 56 77 0 54 95 75 41 66 7 3 52 94 80 12 46 89 56 4 87 47 2 56 69 57 98 2 39 84 68 22 27 77 82 64 45 71 11 87 98 4 11 80 29 34 90 72 4 81 83 38 50 70 17 54 46 39 99 51 8 27 98 24 35 58 31 38 81 5 70 82 84
49 12 40 71 32 40 21 65 71 75 55 90 73 68 45 58 21 36 54 9 92 59 14 47 88 45 79 93 73 17 36 54 0 42 95 39 53 92 8 43 42 90 37 8 37 50 66 69 47 2 26 28 84 6 20 59 40 63 49 2 49 7 19 7 48 45 88 84 75 19 23 21 57 34 15 19 81 53 13 83 44 3 32 67 95 79 51 11 26 12 23 48 77 26 24 25 32 98 19 80
71 71 86 55 6 58 51 44 23 33 80 6 15 37 55 62 58 93 18 20 11 27 19 96 10 69 86 73 26 28 78 95 42 0 58 94 92 19 9 84 28 95 51 48 65 93 36 25 96 17 37 50 50 89 42 84 55 94 69 1 91 56 94 55 31 33 77 57 40 13 82 78 64 58 44 35 33 50 86 5 9 97 54 29 17 47 55 69 58 80 56 94 67 13 79 58 26 97 9 73
80 39 83 15 21 57 95 74 80 27 17 64 11 59 9 68 13 69 69 94 91 83 47 83 31 54 41 37 7 100 89 75 95 58 0 91 47 59 75 3 18 54 59 100 92 63 3 88 32 11 57 44 7 54 68 59 3 84 53 74 1 35 69 46 72 42 2 23 21 70 18 44 80 58 49 69 56 14 27 15 57 93 41 50 44 27 1 44 72 20 88 95 79 26 26 100 63 21 38 47
91 91 42 48 68 17 37 3 62 46 40 38 58 21 59 76 94 23 22 80 22 34 63 13 93 3 95 92 83 13 97 41 39 94 91 0 57 75 97 2 29 64 45 26 42 85 5 60 11 49 19 45 59 62 7 47 68 78 87 69 62 59 4 14 7 33 95 20 79 3 52 3 45 20 8 91 90 54 97 31 39 9 90 12 57 43 71 84 43 63 12 95 48 42 88 16 69 6 86 49
42 85 79 30 75 99 55 23 5 46 89 21 92 80 63 44 85 81 40 12 24 50 29 1 53 24 86 93 19 66 35 66 53 92 47 57 0 74 35 39 39 100 81 7 31 56 72 22 5 31 16 69 51 28 96 87 52 34 13 66 57 84 78 17 10 51 85 45 13 17 9 85 10 17 75 19 22 82 98 4 11 50 9 29 61 97 44 80 98 29 38 53 86 25 96 50 32 11 12 72
67 20 18 56 82 81 88 80 30 53 34 49 63 87 71 42 3 80 87 81 30 15 47 57 77 5 1 66 61 88 79 7 92 19 59 75 74 0 71 9 27 79 97 84 52 47 4 14 20 79 98 9 16 67 4 4 64 41 94 83 70 53 30 31 85 9 59 71 99 67 8 71 68 58 61 6 31 22 18 27 74 72 83 12 96 92 61 93 40 55 25 39 46 64 91 92 71 67 11 95
7 7 51 24 3 50 54 79 33 46 7 98 58 43 90 20 9 72 87 72 49 9 98 86 27 17 67 81 75 50 95 3 8 9 75 97 35 71 0 83 69 3 89 35 1 20 92 20 81 2 73 95 63 51 3 97 65 70 66 63 88 89 59 27 80 67 60 13 66 46 93 22 15 52 15 76 59 46 31 48 28 94 29 92 6 97 9 47 40 87 28 51 96 33 61 54 96 49 67 50
46 98 36 35 7 81 76 55 3 58 76 16 33 55 96 73 59 55 92 65 14 38 95 33 23 87 90 29 59 82 98 52 43 84 3 2 39 9 83 0 86 47 99 79 37 91 53 56 17 44 36 39 59 78 96 44 17 1 91 91 91 96 5 85 36 53 36 46 99 78 4 47 49 12 9 43 67 26 88 38 31 53 41 20 63 92 32 40 88 63 45 1 53 84 6 23 37 3 50 64
62 73 5 72 22 51 3 100 80 78 12 65 89 85 37 38 41 2 43 76 7 98 65 78 79 48 86 84 100 82 16 94 42 28 18 29 39 27 69 86 0 67 14 98 80 80 21 30 41 48 79 99 93 29 52 89 19 42 63 96 45 30 93 24 61 56 74 61 16 42 49 69 27 25 24 12 85 86 1 48 56 52 83 55 29 66 83 24 94 42 54 78 83 85 76 97 45 69 61 25
22 34 8 39 26 30 69 27 77 52 36 1 49 18 77 64 82 47 88 53 81 35 46 34 58 33 75 61 42 38 41 80 90 95 54 64 100 79 3 47 67 0 96 11 82 72 97 56 48 44 50 80 75 41 62 46 92 57 56 62 50 29 20 25 80 22 31 44 36 4 13 40 50 77 85 52 75 9 79 7 45 44 8 64 4 56 4 16 54 96 53 26 90 39 74 50 7 6 56 39
82 35 75 93 19 67 50 33 1 32 36 38 7 4 54 63 11 18 80 64 84 97 30 99 97 60 92 55 85 39 98 12 37 51 59 45 81 97 89 99 14 96 0 21 18 73 61 11 41 21 79 97 95 98 50 80 60 27 1 76 42 69 17 89 8 87 14 34 26 27 15 94 6 82 29 25 59 60 77 82 25 34 56 89 50 45 83 62 52 24 26 29 59 12 70 21 4 59 48 43
76 63 61 84 6 6 39 51 46 99 7 79 23 12 11 51 31 21 64 44 39 75 98 7 27 21 23 14 94 57 49 46 8 48 100 26 7 84 35 79 98 11 21 0 63 81 7 87 100 28 67 24 71 93 34 98 34 63 31 65 87 84 87 96 51 19 53 98 54 39 16 53 26 82 71 57 21 81 24 13 14 48 98 37 10 83 60 34 66 19 71 9 67 8 1 6 14 97 35 30
73 19 16 53 74 63 90 40 62 82 74 9 51 15 67 26 100 90 66 26 7 76 76 91 51 89 54 16 72 56 99 89 37 65 92 42 31 52 1 37 80 82 18 63 0 79 96 17 77 50 5 8 2 100 66 52 85 70 63 52 53 62 55 27 83 45 68 10 70 51 59 38 16 34 13 15 47 4 50 10 68 46 57 70 14 65 88 76 49 1 38 62 51 55 32 35 52 34 54 43
27 90 52 89 98 34 59 74 62 41 14 36 84 99 64 73 40 70 15 94 1 56 9 8 56 8 77 58 58 30 19 56 50 93 63 85 56 47 20 91 80 72 73 81 79 0 49 18 53 17 67 51 54 7 78 65 89 94 26 97 71 69 44 25 68 29 53 95 51 58 98 32 52 18 12 98 22 39 19 24 27 95 67 48 19 23 78 2 31 67 43 40 32 34 90 27 85 44 60 58
3 62 40 33 95 7 83 44 71 20 50 52 69 68 30 65 40 43 57 18 88 42 20 94 53 78 63 87 67 63 93 4 66 36 3 5 72 4 92 53 21 97 61 7 96 49 0 78 13 87 42 60 24 41 27 58 34 4 23 89 98 12 14 49 16 25 2 32 14 57 47 72 31 90 77 60 14 34 69 62 65 92 11 49 89 23 95 87 69 72 66 14 37 65 42 21 40 78 23 45
36 14 57 7 98 75 63 15 61 80 14 47 56 7 39 1 88 58 97 76 74 27 58 63 74 50 68 30 56 38 17 87 69 25 88 60 22 14 20 56 30 56 11 87 17 18 78 0 78 45 84 4 73 94 60 86 28 91 96 69 58 5 97 22 14 30 53 53 27 48 99 79 53 83 21 85 85 34 29 51 6 5 87 71 74 53 94 18 7 27 5 45 19 95 30 58 91 95 75 81
80 20 67 83 29 16 18 75 1 60 31 56 65 26 96 65 2 23 45 100 76 39 27 95 12 92 82 98 100 61 30 47 47 96 32 11 5 20 81 17 41 48 41 100 77 53 13 78 0 43 14 99 56 11 79 22 26 13 73 74 43 43 61 63 58 1 30 91 30 61 70 46 41 100 59 73 16 14 92 57 50 29 26 41 53 30 39 56 55 69 38 83 10 5 58 98 73 87 75 66
100 55 42 90 10 9 71 36 20 39 72 71 94 69 22 25 83 41 62 72 92 13 34 36 60 59 88 92 7 59 50 2 2 17 11 49 31 79 2 44 48 44 21 28 50 17 87 45 43 0 5 89 21 64 29 35 72 75 39 40 43 24 54 17 38 64 13 17 5 70 94 98 10 71 19 8 49 30 30 82 79 66 45 38 49 63 72 96 6 18 7 14 61 72 91 70 90 48 2 25
33 85 37 39 64 73 76 81 22 39 50 67 39 95 75 6 41 85 95 25 92 61 42 37 62 93 37 12 10 83 61 56 26 37 57 19 16 98 73 36 79 50 79 67 5 67 42 84 14 5 0 81 12 94 23 34 35 27 8 6 94 35 72 6 47 3 70 41 7 13 16 72 17 27 16 45 96 96 48 44 57 16 22 69 23 50 47 37 44 2 90 37 88 93 89 41 88 6 43 61
99 14 55 26 42 66 8 87 59 58 98 30 31 56 54 20 99 92 72 48 51 32 68 2 82 27 65 4 87 58 54 69 28 50 44 45 69 9 95 39 99 80 97 24 8 51 60 4 99 89 81 0 28 99 94 13 36 91 28 62 26 19 66 98 95 78 21 40 43 44 6 100 36 16 79 4 63 68 79 40 58 18 76 42 80 48 48 91 80 94 8 29 65 73 5 30 98 1 58 12
28 39 34 80 67 16 64 68 3 88 48 12 73 79 52 91 33 73 9 47 46 30 82 3 22 8 55 26 28 1 79 57 84 50 7 59 51 16 63 59 93 75 95 71 2 54 24 73 56 21 12 28 0 60 12 68 75 6 3 86 46 24 19 40 30 10 11 6 44 80 6 62 43 3 32 23 63 80 36 86 30 66 31 10 45 48 67 23 75 73 53 24 79 73 8 25 94 92 66 29
45 5 69 79 31 3 13 100 63 91 66 59 77 58 26 59 90 2 11 40 76 19 15 98 85 92 52 62 86 78 96 98 6 89 54 62 28 67 51 78 29 41 98 93 100 7 41 94 11 64 94 99 60 0 78 94 100 53 3 41 70 67 97 35 19 68 61 74 49 67 64 34 29 32 96 42 33 15 19 48 49 8 17 59 24 10 34 70 92 56 84 89 89 56 35 64 60 83 53 59
77 56 46 30 41 44 75 10 46 44 15 48 15 10 55 60 99 77 69 21 67 51 56 27 13 35 7 61 72 75 20 2 20 42 68 7 96 4 3 96 52 62 50 34 66 78 27 60 79 29 23 94 12 78 0 44 42 25 64 59 38 100 83 9 41 28 60 50 75 80 81 100 68 49 98 99 60 15 36 92 20 92 37 62 23 35 36 75 49 26 34 39 45 24 94 41 99 26 67 80
2 69 93 18 29 47 43 69 98 64 49 45 67 90 71 5 81 76 62 8 85 10 82 70 64 96 19 30 83 79 1 39 59 84 59 47 87 4 97 44 89 46 80 98 52 65 58 86 22 35 34 13 68 94 44 0 15 33 98 67 76 44 86 88 4 88 7 55 36 6 57 87 49 4 35 12 2 78 96 81 71 4 46 3 44 3 10 90 69 30 23 20 100 87 53 64 59 94 50 59
88 54 51 13 86 16 15 86 7 37 98 81 42 65 4 42 93 9 26 10 87 69 69 20 23 93 18 69 28 1 49 84 40 55 3 68 52 64 65 17 19 92 60 34 85 89 34 28 26 72 35 36 75 100 42 15 0 9 21 57 39 13 26 31 86 14 19 92 70 100 19 13 69 76 28 36 86 93 49 23 100 9 73 6 80 58 94 47 73 43 75 24 90 26 17 27 54 31 31 95
17 96 34 18 36 88 77 47 43 91 67 71 22 11 24 54 28 85 92 65 54 25 70 25 14 4 78 86 66 26 83 68 63 94 84 78 34 41 70 1 42 57 27 63 70 94 4 91 13 75 27 91 6 53 25 33 9 0 70 8 48 82 56 31 7 42 84 83 65 66 15 6 34 92 78 39 8 72 17 46 37 2 29 84 15 12 57 49 1 56 97 98 41 29 60 20 19 36 74 74
21 33 72 9 3 9 16 43 58 56 74 61 47 37 98 75 33 22 93 4 4 35 99 78 53 97 84 64 72 43 49 22 49 69 53 87 13 94 66 91 63 56 1 31 63 26 23 96 73 39 8 28 3 3 64 98 21 70 0 2 6 66 76 34 52 98 16 52 50 63 38 92 75 63 5 92 60 42 36 31 18 92 3 19 87 59 5 20 75 2 7 81 58 58 34 10 100 12 63 11
28 40 54 36 48 92 17 77 32 51 85 52 85 9 5 66 59 100 98 83 89 9 29 98 51 21 66 82 69 45 15 27 2 1 74 69 66 83 63 91 96 62 76 65 52 97 89 69 74 40 6 62 86 41 59 67 57 8 2 0 40 56 29 48 73 6 32 30 2 69 45 71 53 51 79 57 30 66 47 26 37 85 73 29 9 26 51 56 25 100 63 21 80 12 43 40 86 23 63 33
50 35 76 4 80 7 75 13 7 3 38 94 50 59 96 34 91 18 30 55 97 66 21 39 60 86 45 59 10 17 56 77 49 91 1 62 57 70 88 91 45 50 42 87 53 71 98 58 43 43 94 26 46 70 38 76 39 48 6 40 0 6 21 69 70 63 9 63 88 44 4 2 22 43 77 34 93 2 79 92 79 88 64 33 68 72 33 44 23 38 11 13 83 98 89 51 47 51 84 73
16 87 97 55 17 86 63 80 2 99 69 68 95 53 95 10 9 99 79 36 37 36 47 50 75 54 54 66 68 63 69 82 7 56 35 59 84 53 89 96 30 29 69 84 62 69 12 5 43 24 35 19 24 67 100 44 13 82 66 56 6 0 46 2 29 96 4 18 22 37 1 60 64 57 30 22 5 66 60 29 1 70 86 89 64 65 21 76 66 82 31 98 17 97 6 40 100 26 40 88
59 85 34 49 21 87 51 74 18 30 57 88 72 62 88 36 24 96 19 14 70 70 28 26 27 34 51 50 59 91 18 64 19 94 69 4 78 30 59 5 93 20 17 87 55 44 14 97 61 54 72 66 19 97 83 86 26 56 76 29 21 46 0 70 54 66 40 20 94 91 63 12 13 54 33 95 2 65 41 61 26 81 80 56 79 31 31 23 13 1 44 15 48 57 52 10 29 28 77 52
62 88 40 18 92 19 32 35 27 35 49 64 81 71 8 57 53 61 64 5 72 40 43 47 35 87 67 24 88 88 95 45 7 55 46 14 17 31 27 85 24 25 89 96 27 25 49 22 63 17 6 98 40 35 9 88 31 31 34 48 69 2 70 0 90 31 7 92 60 79 68 98 15 79 13 63 63 85 8 63 9 57 55 1 39 53 60 34 91 89 7 98 50 95 54 49 79 13 84 97
29 11 100 96 93 98 83 3 5 25 33 28 20 59 84 71 89 54 54 2 74 64 27 52 92 70 75 40 42 94 6 71 48 31 72 7 10 85 80 36 61 80 8 51 83 68 16 14 58 38 47 95 30 19 41 4 86 7 52 73 70 29 54 90 0 84 45 72 69 100 12 69 69 99 14 51 77 60 23 27 97 55 88 62 48 94 60 60 41 40 1 93 97 58 36 44 59 16 7 73
79 48 15 99 74 70 20 43 50 86 51 17 19 33 11 42 43 78 71 95 19 16 62 14 5 94 55 45 52 9 65 11 45 33 42 33 51 9 67 53 56 22 87 19 45 29 25 30 1 64 3 78 10 68 28 88 14 42 98 6 63 96 66 31 84 0 28 97 62 21 5 92 79 44 12 31 23 64 8 98 24 91 14 35 56 1 64 62 53 3 78 76 25 24 4 87 22 78 78 48
23 13 35 90 50 70 26 6 50 65 80 70 70 39 64 68 48 58 55 60 9 70 3 90 43 17 36 92 42 99 54 87 88 77 2 95 85 59 60 36 74 31 14 53 68 53 2 53 30 13 70 21 11 61 60 7 19 84 16 32 9 4 40 7 45 28 0 64 76 21 29 81 89 84 78 32 85 69 26 70 1 71 35 46 99 64 40 42 33 87 50 89 88 92 14 57 93 14 19 24
22 42 47 84 99 35 100 64 75 25 26 94 30 97 29 30 11 62 36 29 66 55 51 53 98 68 26 5 38 47 73 98 84 57 23 20 45 71 13 46 61 44 34 98 10 95 32 53 91 17 41 40 6 74 50 55 92 83 52 30 63 18 20 92 72 97 64 0 17 2 67 100 100 56 63 64 68 86 70 77 100 40 6 5 72 41 19 76 18 30 39 31 86 30 81 47 20 8 21 61
14 66 72 54 13 48 80 31 26 56 25 68 2 35 63 20 24 88 39 21 22 26 11 6 71 7 88 57 54 65 58 4 75 40 21 79 13 99 66 99 16 36 26 54 70 51 14 27 30 5 7 43 44 49 75 36 70 65 50 2 88 22 94 60 69 62 76 17 0 13 27 93 8 95 61 88 58 65 78 7 15 70 18 85 88 66 60 36 75 3 57 86 82 29 93 83 22 10 30 77
24 8 92 97 36 88 3 60 31 60 24 9 52 97 94 40 4 76 85 99 84 25 13 61 2 50 61 14 89 18 31 11 19 13 70 3 17 67 46 78 42 4 27 39 51 58 57 48 61 70 13 44 80 67 80 6 100 66 63 69 44 37 91 79 100 21 21 2 13 0 49 52 12 87 65 43 60 74 6 10 72 8 4 75 48 33 44 20 32 47 10 36 76 39 50 4 28 20 89 51
37 59 2 24 1 14 35 38 29 18 42 78 2 15 67 70 72 7 57 89 24 91 2 24 37 12 59 89 11 33 74 80 23 82 18 52 9 8 93 4 49 13 15 16 59 98 47 99 70 94 16 6 6 64 81 57 19 15 38 45 4 1 63 68 12 5 29 67 27 49 0 8 76 10 39 40 75 88 95 28 23 96 82 69 97 50 96 37 1 69 28 53 25 26 64 1 63 23 52 13
81 93 72 40 50 69 5 98 23 31 45 88 73 53 28 73 46 60 45 47 58 62 24 85 58 8 18 52 64 88 80 29 21 78 44 3 85 71 22 47 69 40 94 53 38 32 72 79 46 98 72 100 62 34 100 87 13 6 92 71 2 60 12 98 69 92 81 100 93 52 8 0 96 33 99 89 57 21 17 54 73 7 9 37 95 12 74 99 70 83 46 27 11 65 61 46 22 7 32 45
91 72 66 81 94 96 75 4 28 19 20 16 86 99 100 19 50 87 33 85 57 53 34 29 77 100 23 68 29 48 33 34 57 64 80 45 10 68 15 49 27 50 6 26 16 52 31 53 41 10 17 36 43 29 68 49 69 34 75 53 22 64 13 15 69 79 89 100 8 12 76 96 0 31 16 46 88 35 35 96 11 68 74 68 98 22 69 96 86 90 52 56 25 60 83 77 27 65 53 7
26 100 33 70 91 88 18 89 24 76 31 51 63 82 1 16 91 67 7 14 47 72 22 1 73 45 54 66 64 84 59 90 34 58 58 20 17 58 52 12 25 77 82 82 34 18 90 83 100 71 27 16 3 32 49 4 76 92 63 51 43 57 54 79 99 44 84 56 95 87 10 33 31 0 57 67 4 29 87 95 46 58 62 17 15 55 42 71 29 87 23 22 92 52 95 29 78 1 46 1
29 33 45 7 23 55 8 64 48 87 7 7 55 5 15 58 61 67 78 61 83 49 9 55 87 52 14 54 35 43 10 72 15 44 49 8 75 61 15 9 24 85 29 71 13 12 77 21 59 19 16 79 32 96 98 35 28 78 5 79 77 30 33 13 14 12 78 63 61 65 39 99 16 57 0 23 83 47 57 63 44 15 14 45 52 1 76 62 49 84 6 66 44 46 17 59 51 53 65 59
95 11 7 51 30 15 49 39 18 50 82 79 1 79 57 43 74 76 88 35 12 78 29 98 57 31 44 2 71 54 3 4 19 35 69 91 19 6 76 43 12 52 25 57 15 98 60 85 73 8 45 4 23 42 99 12 36 39 92 57 34 22 95 63 51 31 32 64 88 43 40 89 46 67 23 0 99 70 33 97 52 65 70 22 54 1 87 62 3 40 2 89 31 100 37 56 93 86 1 22
85 20 25 51 24 1 59 90 93 38 13 57 90 7 8 33 20 17 15 27 55 39 38 81 39 13 12 40 49 54 68 81 81 33 56 90 22 31 59 67 85 75 59 21 47 22 14 85 16 49 96 63 63 33 60 2 86 8 60 30 93 5 2 63 77 23 85 68 58 60 75 57 88 4 83 99 0 46 93 80 29 63 85 7 72 63 66 57 10 63 4 70 50 7 77 62 79 89 34 94
75 8 59 65 2 25 37 94 19 51 20 55 82 88 33 73 76 61 71 92 100 81 29 26 81 8 63 33 14 63 36 83 53 50 14 54 82 22 46 26 86 9 60 81 4 39 34 34 14 30 96 68 80 15 15 78 93 72 42 66 2 66 65 85 60 64 69 86 65 74 88 21 35 29 47 70 46 0 95 40 100 49 40 2 51 3 78 37 50 9 66 94 95 44 78 95 59 5 24 60
39 80 97 11 45 86 76 87 44 18 16 99 94 72 3 53 69 96 36 39 48 48 44 62 81 81 91 80 10 81 2 38 13 86 27 97 98 18 31 88 1 79 77 24 50 19 69 29 92 30 48 79 36 19 36 96 49 17 36 47 79 60 41 8 23 8 26 70 78 6 95 17 35 87 57 33 93 95 0 67 32 31 57 76 11 82 54 57 44 72 98 21 36 40 88 41 36 31 48 11
99 36 46 46 88 89 47 25 57 28 22 88 64 38 60 38 86 78 13 77 18 94 13 91 39 100 8 74 44 64 29 50 83 5 15 31 4 27 48 38 48 7 82 13 10 24 62 51 57 82 44 40 86 48 92 81 23 46 31 26 92 29 61 63 27 98 70 77 7 10 28 54 96 95 63 97 80 40 67 0 1 5 25 51 73 56 59 88 52 78 70 55 39 63 64 91 77 61 95 32
37 60 42 41 29 55 94 37 78 6 79 49 4 93 77 95 15 54 78 64 96 46 13 63 25 13 16 6 44 65 4 70 44 9 57 39 11 74 28 31 56 45 25 14 68 27 65 6 50 79 57 58 30 49 20 71 100 37 18 37 79 1 26 9 97 24 1 100 15 72 23 73 11 46 44 52 29 100 32 1 0 82 85 3 95 73 8 63 55 52 53 97 2 44 30 6 92 44 44 24
55 14 52 25 51 42 2 70 63 43 16 56 47 35 53 82 29 30 72 99 99 86 21 23 49 5 13 96 16 50 96 17 3 97 93 9 50 72 94 53 52 44 34 48 46 95 92 5 29 66 16 18 66 8 92 4 9 2 92 85 88 70 81 57 55 91 71 40 70 8 96 7 68 58 15 65 63 49 31 5 82 0 5 31 83 100 81 84 45 95 23 61 38 44 93 77 75 22 24 4
23 86 46 86 94 78 99 32 41 86 36 51 16 40 23 43 21 7 39 79 66 8 7 11 42 68 85 24 27 63 30 54 32 54 41 90 9 83 29 41 83 8 56 98 57 67 11 87 26 45 22 76 31 17 37 46 73 29 3 73 64 86 80 55 88 14 35 6 18 4 82 9 74 62 14 70 85 40 57 25 85 5 0 34 3 76 29 87 54 95 47 97 94 24 57 7 60 21 80 55
55 93 45 95 98 29 28 67 78 30 30 49 15 95 4 6 17 38 94 87 2 92 4 52 24 29 94 61 9 3 38 46 67 29 50 12 29 12 92 20 55 64 89 37 70 48 49 71 41 38 69 42 10 59 62 3 6 84 19 29 33 89 56 1 62 35 46 5 85 75 69 37 68 17 45 22 7 2 76 51 3 31 34 0 8 56 39 10 24 17 16 57 5 23 84 30 44 12 29 60
56 87 64 35 51 84 35 81 43 27 93 58 44 62 68 41 28 45 83 44 24 76 98 15 9 64 46 8 78 45 81 39 95 17 44 57 61 96 6 63 29 4 50 10 14 19 89 74 53 49 23 80 45 24 23 44 80 15 87 9 68 64 79 39 48 56 99 72 88 48 97 95 98 15 52 54 72 51 11 73 95 83 3 8 0 33 74 70 47 51 47 39 46 35 21 51 51 54 21 7
13 5 29 50 23 63 85 98 54 46 4 24 23 38 35 91 27 31 7 30 91 86 83 7 14 44 1 85 54 69 29 99 79 47 27 43 97 92 97 92 66 56 45 83 65 23 23 53 30 63 50 48 48 10 35 3 58 12 59 26 72 65 31 53 94 1 64 41 66 33 50 12 22 55 1 1 63 3 82 56 73 100 76 56 33 0 79 40 14 53 64 9 69 55 64 87 84 10 87 30
28 55 74 26 11 24 13 8 12 11 27 57 35 93 37 40 21 23 38 46 3 19 35 20 29 89 42 93 41 3 12 51 51 55 1 71 44 61 9 32 83 4 83 60 88 78 95 94 39 72 47 48 67 34 36 10 94 57 5 51 33 21 31 60 60 64 40 19 60 44 96 74 69 42 76 87 66 78 54 59 8 81 29 39 74 79 0 65 29 78 59 65 44 34 19 89 81 20 81 54
6 26 69 23 74 32 4 39 88 90 86 70 4 33 66 57 98 62 53 7 10 72 52 90 9 14 66 30 89 45 41 8 11 69 44 84 80 93 47 40 24 16 62 34 76 2 87 18 56 96 37 91 23 70 75 90 47 49 20 56 44 76 23 34 60 62 42 76 36 20 37 99 96 71 62 62 57 37 57 88 63 84 87 10 70 40 65 0 48 77 12 82 60 44 80 4 65 52 26 32
18 7 6 66 55 92 60 52 75 91 96 32 62 87 13 78 94 13 90 28 72 21 98 60 27 29 56 83 1 62 42 27 26 58 72 43 98 40 40 88 94 54 52 66 49 31 69 7 55 6 44 80 75 92 49 69 73 1 75 25 23 66 13 91 41 53 33 18 75 32 1 70 86 29 49 3 10 50 44 52 55 45 54 24 47 14 29 48 0 51 74 100 1 88 37 80 39 81 28 65
5 76 49 21 44 30 48 96 66 77 80 65 18 33 62 32 31 40 80 60 67 27 24 11 75 49 64 75 13 92 6 98 12 80 20 63 29 55 87 63 42 96 24 19 1 67 72 27 69 18 2 94 73 56 26 30 43 56 2 100 38 82 1 89 40 3 87 30 3 47 69 83 90 87 84 40 63 9 72 78 52 95 95 17 51 53 78 77 51 0 29 62 45 28 59 5 83 65 28 37
47 65 27 27 49 54 84 52 45 14 45 71 35 71 83 15 8 90 59 86 28 8 65 21 35 73 57 49 55 79 57 24 23 56 88 12 38 25 28 45 54 53 26 71 38 43 66 5 38 7 90 8 53 84 34 23 75 97 7 63 11 31 44 7 1 78 50 39 57 10 28 46 52 23 6 2 4 66 98 70 53 23 47 16 47 64 59 12 74 29 0 100 45 63 74 19 1 37 7 88
3 2 10 3 34 42 38 30 41 3 1 49 29 68 100 37 59 45 26 17 41 73 72 52 36 96 94 84 82 7 18 35 48 94 95 95 53 39 51 1 78 26 29 9 62 40 14 45 83 14 37 29 24 89 39 20 24 98 81 21 13 98 15 98 93 76 89 31 86 36 53 27 56 22 66 89 70 94 21 55 97 61 97 57 39 9 65 82 100 62 100 0 1 94 61 64 64 33 91 14
52 38 68 64 72 91 8 71 73 77 45 95 17 68 27 97 72 25 1 100 56 91 16 2 14 98 93 79 97 18 59 58 77 67 79 48 86 46 96 53 83 90 59 67 51 32 37 19 10 61 88 65 79 89 45 100 90 41 58 80 83 17 48 50 97 25 88 86 82 76 25 11 25 92 44 31 50 95 36 39 2 38 94 5 46 69 44 60 1 45 45 1 0 96 85 12 19 73 18 84
83 53 9 63 61 54 96 24 11 6 89 81 70 63 31 41 91 85 24 7 28 14 46 18 18 100 8 71 37 99 45 31 26 13 26 42 25 64 33 84 85 39 12 8 55 34 65 95 5 72 93 73 73 56 24 87 26 29 58 12 98 97 57 95 58 24 92 30 29 39 26 65 60 52 46 100 7 44 40 63 44 44 24 23 35 55 34 44 88 28 63 94 96 0 43 83 13 42 1 47
73 93 3 98 63 44 15 70 22 40 2 3 70 11 34 59 83 56 1 49 53 15 49 56 94 20 49 17 65 74 26 38 24 79 26 88 96 91 61 6 76 74 70 1 32 90 42 30 58 91 89 5 8 35 94 53 17 60 34 43 89 6 52 54 36 4 14 81 93 50 64 61 83 95 17 37 77 78 88 64 30 93 57 84 21 64 19 80 37 59 74 61 85 43 0 56 74 57 75 64
92 41 14 67 28 37 30 85 51 35 34 26 57 7 82 46 23 83 65 3 96 42 15 17 36 82 41 11 25 87 40 81 25 58 100 16 50 92 54 23 97 50 21 6 35 27 21 58 98 70 41 30 25 64 41 64 27 20 10 40 51 40 10 49 44 87 57 47 83 4 1 46 77 29 59 56 62 95 41 91 6 77 7 30 51 87 89 4 80 5 19 64 12 83 56 0 4 41 56 4
88 9 72 72 37 53 18 46 41 54 78 78 66 12 37 98 44 95 100 77 50 85 61 35 24 6 80 60 1 76 10 5 32 26 63 69 32 71 96 37 45 7 4 14 52 85 40 91 73 90 88 98 94 60 99 59 54 19 100 86 47 100 29 79 59 22 93 20 22 28 63 22 27 78 51 93 79 59 36 77 92 75 60 44 51 84 81 65 39 83 1 64 19 13 74 4 0 96 70 87
21 39 30 92 15 1 63 82 46 97 18 60 43 50 47 67 66 62 95 13 38 30 24 34 54 44 36 78 5 34 89 70 98 97 21 6 11 67 49 3 69 6 59 97 34 44 78 95 87 48 6 1 92 83 26 94 31 36 12 23 51 26 28 13 16 78 14 8 10 20 23 7 65 1 53 86 89 5 31 61 44 22 21 12 54 10 20 52 81 65 37 33 73 42 57 41 96 0 85 76
50 32 16 50 70 55 82 74 6 62 39 35 9 72 6 79 62 71 85 14 81 10 92 67 45 78 36 56 88 68 24 82 19 9 38 86 12 11 67 50 61 56 48 35 54 60 23 75 75 2 43 58 66 53 67 50 31 74 63 63 84 40 77 84 7 78 19 21 30 89 52 32 53 46 65 1 34 24 48 95 44 24 80 29 21 87 81 26 28 28 7 91 18 1 75 56 70 85 0 38
84 29 76 57 40 47 60 85 4 40 43 71 17 21 87 48 25 83 82 70 78 18 26 60 47 92 48 64 51 20 58 84 80 73 47 49 72 95 50 64 25 39 43 30 43 58 45 81 66 25 61 12 29 59 80 59 95 74 11 33 73 88 52 97 73 48 24 61 77 51 13 45 7 1 59 22 94 60 11 32 24 4 55 60 7 30 54 32 65 37 88 14 84 47 64 4 87 76 38 0
