100
10
0 63 17 38 72 17 89 53 64 31 33 94 15 28 30 49 37 41 86 73 80 20 44 40 94 5 98 8 34 63 36 17 22 16 24 7 69 48 41 18 68 94 54 6 53 41 72 47 44 36 95 85 11 61 69 16 22 22 83 16 49 100 99 60 42 69 41 25 4 66 37 7 51 64 65 6 49 32 88 20 9 35 39 88 89 18 15 9 52 78 84 58 42 41 66 6 86 1 77 13
63 0 16 34 55 81 15 57 15 70 11 75 64 20 94 44 58 52 84 1 73 77 99 72 93 35 34 70 33 81 9 47 59 6 82 69 59 86 69 78 45 52 78 77 68 78 38 90 22 47 42 11 55 80 78 20 7 100 72 64 65 72 61 5 62 63 59 35 20 7 60 75 52 30 16 52 75 83 62 59 27 24 62 52 100 77 36 100 49 34 87 20 42 69 69 32 19 82 63 75
17 16 0 1 27 41 28 31 67 10 99 19 83 1 53 75 10 30 25 91 55 53 29 62 65 74 40 8 33 51 51 28 15 82 62 55 83 96 38 90 48 47 40 37 83 29 61 3 29 32 10 87 68 76 38 69 34 78 8 90 77 59 66 95 36 50 47 15 31 80 47 23 24 4 26 57 23 51 32 81 66 49 48 100 85 57 82 69 9 7 44 85 35 64 74 59 77 52 25 38
38 34 1 0 14 73 13 1 76 46 70 49 2 76 10 25 48 61 46 60 95 68 98 35 52 47 4 69 83 44 10 28 71 86 99 97 4 10 76 39 28 40 27 48 4 94 52 73 91 21 60 17 30 19 63 24 11 33 82 25 79 15 84 30 4 8 7 56 94 14 11 50 27 52 22 39 16 4 31 41 92 48 89 29 12 86 18 53 49 22 99 39 77 88 88 48 33 81 21 69
72 55 27 14 0 100 24 24 77 54 55 72 5 48 51 82 89 96 33 10 57 50 87 33 32 3 40 38 70 1 43 64 8 11 27 69 32 54 12 18 11 82 15 88 83 47 57 51 46 48 74 2 9 85 93 28 30 8 9 57 79 3 30 42 55 81 40 20 76 75 9 99 44 90 31 55 70 30 5 47 52 9 20 89 18 99 57 26 69 19 38 91 5 64 7 46 5 67 96 23
17 81 41 73 100 0 15 85 47 56 11 90 57 22 24 18 5 94 53 19 2 83 64 93 7 34 5 91 13 65 39 38 46 65 51 53 58 87 31 51 33 44 44 41 31 20 80 10 45 19 63 27 85 11 56 60 66 59 94 91 3 14 78 51 44 13 81 41 21 22 15 85 42 36 4 60 20 33 10 76 18 61 68 65 49 88 70 60 20 27 64 76 80 40 55 68 87 73 89 68
89 15 28 13 24 15 0 50 98 2 92 71 87 13 44 59 78 10 41 29 78 3 31 75 2 42 32 41 95 30 21 53 70 75 49 4 76 54 69 32 29 6 78 7 29 59 35 46 89 53 77 93 53 19 88 6 9 61 46 61 3 67 46 95 62 11 89 79 69 99 13 2 15 74 37 32 39 73 67 5 18 71 27 85 38 82 3 43 41 77 28 68 42 43 89 67 10 48 72 55
53 57 31 1 24 85 50 0 4 18 52 91 14 52 44 84 63 49 9 59 14 82 99 58 93 27 17 24 92 32 8 90 36 77 42 18 43 82 4 10 44 78 3 53 34 89 41 17 53 87 31 39 68 40 70 92 26 91 12 87 92 88 50 52 6 91 42 41 41 98 23 90 6 21 96 67 99 73 60 16 63 82 31 4 86 73 55 98 27 46 81 36 83 57 92 96 84 59 74 54
64 15 67 76 77 47 98 4 0 93 64 34 8 92 80 81 13 52 40 35 51 97 14 10 1 23 25 49 6 37 74 59 85 61 83 37 22 74 36 61 43 17 73 80 76 65 69 45 73 52 40 7 45 77 83 87 32 10 63 81 3 51 60 13 49 22 69 25 73 11 60 74 62 59 88 82 12 94 34 96 81 21 90 100 36 28 58 34 9 32 93 75 38 52 98 15 82 44 74 44
31 70 10 46 54 56 2 18 93 0 54 24 6 30 77 81 33 81 42 69 81 40 40 48 4 24 66 13 36 28 6 4 81 18 24 99 93 56 5 7 5 4 47 48 30 30 92 88 39 54 20 25 84 7 44 46 38 29 55 97 85 18 18 17 61 72 41 15 75 39 67 69 48 91 100 17 63 82 24 12 90 11 20 65 58 73 59 57 14 30 47 53 17 81 19 55 16 86 93 79
33 11 99 70 55 11 92 52 64 54 0 84 21 17 85 22 63 89 38 70 79 44 26 27 32 38 90 46 54 14 6 19 68 26 35 85 34 71 46 97 74 7 67 64 64 94 34 35 8 75 88 5 44 56 27 91 86 15 68 74 59 11 23 31 61 12 99 71 74 65 80 51 88 70 71 90 3 85 16 32 80 62 51 98 30 35 16 36 30 90 97 75 67 36 40 58 64 39 66 88
94 75 19 49 72 90 71 91 34 24 84 0 44 96 88 21 30 46 49 43 93 49 12 89 24 57 15 45 5 31 61 60 90 55 91 97 80 60 100 15 45 66 15 63 97 84 76 22 11 65 84 19 95 24 47 49 52 36 36 50 26 54 3 31 59 76 31 26 32 72 36 87 58 76 33 37 72 71 16 22 20 93 89 1 46 49 87 85 29 98 64 9 90 41 61 65 15 36 74 19
15 64 83 2 5 57 87 14 8 6 21 44 0 89 2 56 12 14 25 2 71 53 74 27 78 47 41 26 36 52 47 63 53 28 85 56 52 62 28 46 66 42 3 94 24 1 10 55 49 46 20 20 57 30 28 12 47 44 40 95 63 31 43 25 38 37 91 31 40 27 46 57 76 29 99 56 62 95 76 76 20 73 66 93 13 39 92 44 69 30 41 90 59 79 13 90 34 65 51 69
28 20 1 76 48 22 13 52 92 30 17 96 89 0 82 48 28 54 3 49 96 90 26 9 52 28 47 3 42 22 27 24 82 34 79 4 24 44 16 56 62 54 13 64 13 35 41 94 51 39 13 42 6 88 14 54 58 75 92 43 21 76 75 6 80 41 65 30 54 10 95 93 83 66 79 52 84 44 75 100 72 40 56 67 1 3 88 30 50 2 33 56 1 48 47 39 50 28 92 95
30 94 53 10 51 24 44 44 80 77 85 88 2 82 0 4 13 10 31 38 1 13 57 33 20 10 45 74 6 68 57 28 91 72 6 26 100 16 14 81 83 15 5 3 79 66 19 8 42 64 36 35 51 68 95 49 51 76 16 77 8 26 39 76 93 31 61 13 97 93 15 25 69 26 88 97 76 95 26 17 4 26 57 54 96 72 18 10 17 14 7 2 26 27 67 100 40 15 29 82
49 44 75 25 82 18 59 84 81 81 22 21 56 48 4 0 45 27 35 83 59 27 9 21 10 36 83 60 62 80 52 58 91 21 70 58 56 27 47 61 58 15 19 87 2 26 75 67 67 67 96 28 71 3 98 47 48 49 65 9 57 55 2 94 92 73 9 42 61 61 75 93 38 75 57 58 14 6 42 97 86 60 9 43 10 34 1 7 63 19 83 40 75 65 45 6 62 12 9 41
37 58 10 48 89 5 78 63 13 33 63 30 12 28 13 45 0 20 64 3 97 96 52 61 62 60 45 17 63 22 93 64 18 21 36 99 35 46 42 95 42 49 32 19 65 10 30 58 74 26 88 69 39 88 71 99 22 88 52 86 94 95 63 51 31 18 62 67 23 22 5 23 72 15 39 70 91 78 93 16 85 53 76 25 20 9 28 44 66 7 58 88 12 52 46 22 95 35 65 56
41 52 30 61 96 94 10 49 52 81 89 46 14 54 10 27 20 0 16 53 17 10 58 18 90 16 88 11 33 48 37 71 96 95 49 63 88 13 42 86 41 50 42 30 65 88 76 51 68 46 87 73 100 69 58 94 57 86 81 34 22 10 44 5 10 33 17 88 24 67 3 78 7 81 62 19 78 95 51 45 73 95 4 37 74 17 73 99 55 46 18 13 90 79 18 65 88 33 89 93
86 84 25 46 33 53 41 9 40 42 38 49 25 3 31 35 64 16 0 39 16 37 3 87 18 56 19 24 17 36 45 90 32 73 18 67 24 85 66 95 70 100 82 72 92 65 48 47 62 53 57 23 68 50 73 3 83 57 73 19 29 33 51 22 91 59 31 37 22 14 73 21 11 42 26 68 51 61 31 39 1 21 58 69 64 50 36 88 28 17 18 40 27 3 90 43 21 14 1 73
73 1 91 60 10 19 29 59 35 69 70 43 2 49 38 83 3 53 39 0 89 65 32 72 21 11 43 16 44 27 24 35 16 3 32 14 72 62 71 98 98 56 97 43 21 5 61 50 38 86 14 22 94 57 15 47 11 70 14 36 63 44 72 57 3 2 32 34 100 92 6 14 26 71 39 52 44 100 87 36 20 2 45 44 35 86 82 71 36 32 88 39 64 62 29 39 29 25 69 61
80 73 55 95 57 2 78 14 51 81 79 93 71 96 1 59 97 17 16 89 0 22 51 95 5 48 77 97 13 47 30 50 69 43 41 80 50 41 22 78 46 98 23 7 70 19 88 42 1 23 43 89 36 77 84 91 29 54 99 89 18 82 47 67 94 77 59 48 40 37 49 15 80 3 71 83 15 28 93 58 4 11 74 17 93 33 82 90 54 53 97 48 95 15 38 4 38 42 6 76
20 77 53 68 50 83 3 82 97 40 44 49 53 90 13 27 96 10 37 65 22 0 85 54 21 59 66 29 35 28 59 30 92 21 34 85 71 94 34 65 56 9 73 2 37 76 66 91 50 27 86 60 29 52 84 53 74 24 7 7 8 57 1 53 65 92 78 33 53 73 51 51 85 35 88 12 9 46 66 86 24 83 74 76 34 18 49 5 100 9 34 4 61 15 37 3 41 75 43 67
44 99 29 98 87 64 31 99 14 40 26 12 74 26 57 9 52 58 3 32 51 85 0 31 72 7 46 42 11 95 63 18 48 91 30 41 93 69 95 27 62 76 20 40 88 31 89 73 52 26 78 99 74 85 65 2 70 65 14 55 72 55 74 4 64 84 27 30 11 23 63 50 96 4 98 37 72 10 79 46 88 5 49 6 50 6 24 51 43 50 56 37 37 88 50 87 82 84 75 43
40 72 62 35 33 93 75 58 10 48 27 89 27 9 33 21 61 18 87 72 95 54 31 0 35 38 93 9 6 88 10 18 82 37 36 93 45 3 47 55 48 48 65 85 64 17 88 3 71 46 89 74 73 55 98 15 79 77 67 98 55 74 22 5 79 52 7 82 36 58 38 73 22 23 36 89 19 67 4 42 65 66 14 40 52 13 85 92 50 100 93 50 99 72 65 43 69 97 48 99
94 93 65 52 32 7 2 93 1 4 32 24 78 52 20 10 62 90 18 21 5 21 72 35 0 52 98 88 11 43 54 7 93 88 71 53 40 55 2 4 47 17 80 14 91 41 75 46 40 32 25 87 50 83 82 58 12 19 8 40 4 25 88 2 18 16 24 5 48 15 72 63 41 54 5 13 81 85 13 92 26 58 40 48 54 56 74 55 92 98 89 71 76 67 63 69 24 47 65 87
5 35 74 47 3 34 42 27 23 24 38 57 47 28 10 36 60 16 56 11 48 59 7 38 52 0 67 86 2 49 1 47 46 97 68 98 22 55 96 45 11 28 99 47 61 13 55 15 72 26 74 48 96 80 96 74 2 1 27 82 2 94 76 86 1 61 26 99 80 2 34 35 6 53 85 25 53 19 62 35 36 33 18 9 94 97 27 73 13 87 84 34 21 18 91 92 85 32 100 89
98 34 40 4 40 5 32 17 25 66 90 15 41 47 45 83 45 88 19 43 77 66 46 93 98 67 0 44 20 15 47 41 88 43 58 41 17 12 8 26 3 4 18 13 88 20 55 86 3 23 19 74 40 74 23 57 24 52 35 93 16 50 55 69 56 86 25 56 74 79 13 57 28 60 7 14 49 66 94 50 60 52 84 98 31 5 30 85 87 92 56 92 10 10 32 76 73 33 76 94
8 70 8 69 38 91 41 24 49 13 46 45 26 3 74 60 17 11 24 16 97 29 42 9 88 86 44 0 37 76 92 35 26 72 3 33 34 51 28 99 85 18 52 98 80 89 81 24 16 95 80 52 76 20 2 77 25 7 71 4 37 95 63 56 8 21 4 35 71 32 47 99 51 51 71 32 5 32 92 63 3 77 47 82 83 20 60 21 15 38 16 23 86 92 73 91 29 65 90 87
34 33 33 83 70 13 95 92 6 36 54 5 36 42 6 62 63 33 17 44 13 35 11 6 11 2 20 37 0 52 97 94 79 78 50 84 71 33 52 25 66 8 1 68 46 26 18 35 17 73 13 79 55 36 50 5 73 62 61 11 40 34 68 38 10 57 12 98 20 56 5 29 21 50 71 8 75 31 39 67 38 96 92 49 22 74 28 10 35 23 14 13 39 44 54 26 3 91 24 100
63 81 51 44 1 65 30 32 37 28 14 31 52 22 68 80 22 48 36 27 47 28 95 88 43 49 15 76 52 0 64 80 54 99 23 18 33 29 50 65 30 45 71 84 65 77 51 62 34 67 61 4 70 69 70 28 19 32 28 72 78 27 18 41 92 64 95 11 2 100 41 74 46 94 75 33 34 66 83 61 98 43 39 51 52 11 98 7 66 78 36 70 27 68 63 3 21 28 33 75
36 9 51 10 43 39 21 8 74 6 6 61 47 27 57 52 93 37 45 24 30 59 63 10 54 1 47 92 97 64 0 29 78 15 70 59 1 83 98 75 89 5 33 62 100 12 60 54 64 79 18 88 100 73 81 65 11 21 59 29 41 67 50 57 86 36 25 15 49 63 97 97 79 66 2 47 70 41 65 85 66 70 54 39 37 68 71 53 14 52 78 29 35 41 58 85 43 6 81 27
17 47 28 28 64 38 53 90 59 4 19 60 63 24 28 58 64 71 90 35 50 30 18 18 7 47 41 35 94 80 29 0 48 31 86 93 53 82 39 27 21 50 59 3 84 14 41 59 48 48 95 67 53 99 9 53 70 25 1 60 15 65 67 90 26 91 50 45 56 42 24 28 11 85 72 70 89 5 63 13 19 93 39 38 54 92 92 38 35 20 67 37 32 53 7 33 12 41 1 1
22 59 15 71 8 46 70 36 85 81 68 90 53 82 91 91 18 96 32 16 69 92 48 82 93 46 88 26 79 54 78 48 0 51 89 64 78 100 1 71 31 15 68 17 63 65 58 93 85 11 31 50 39 84 70 14 54 81 93 27 52 79 95 62 67 36 88 52 100 86 64 45 79 53 61 66 80 56 93 61 8 58 42 60 79 61 88 41 93 64 68 88 92 25 51 39 56 96 40 3
16 6 82 86 11 65 75 77 61 18 26 55 28 34 72 21 21 95 73 3 43 21 91 37 88 97 43 72 78 99 15 31 51 0 80 67 83 39 48 96 37 45 73 16 75 72 59 16 62 90 89 69 27 81 52 99 47 35 4 34 68 19 42 67 99 43 57 86 7 73 53 45 48 31 9 95 63 51 1 44 7 89 48 42 29 42 3 59 20 60 14 77 57 4 86 70 11 88 36 63
24 82 62 99 27 51 49 42 83 24 35 91 85 79 6 70 36 49 18 32 41 34 30 36 71 68 58 3 50 23 70 86 89 80 0 54 45 28 51 94 24 26 59 75 75 53 30 20 21 8 99 74 64 99 49 49 68 75 78 91 40 33 62 90 11 18 29 86 32 34 1 55 61 3 2 14 71 49 4 9 41 37 6 61 16 34 37 31 24 28 11 26 39 64 43 79 95 12 33 93
7 69 55 97 69 53 4 18 37 99 85 97 56 4 26 58 99 63 67 14 80 85 41 93 53 98 41 33 84 18 59 93 64 67 54 0 57 78 12 28 5 95 11 56 73 92 41 56 60 87 46 28 34 58 14 96 53 38 43 53 71 42 29 88 1 89 40 46 47 35 62 74 53 50 72 89 44 38 49 100 71 12 87 60 93 21 50 26 99 38 75 54 5 26 65 81 94 66 81 76
69 59 83 4 32 58 76 43 22 93 34 80 52 24 100 56 35 88 24 72 50 71 93 45 40 22 17 34 71 33 1 53 78 83 45 57 0 66 17 29 87 76 23 94 40 63 2 7 33 13 36 32 97 46 33 24 2 57 59 97 73 51 22 41 45 63 32 52 78 94 93 97 89 16 90 71 95 17 40 11 54 46 7 35 53 73 9 42 49 87 45 4 4 45 53 71 39 19 9 90
48 86 96 10 54 87 54 82 74 56 71 60 62 44 16 27 46 13 85 62 41 94 69 3 55 55 12 51 33 29 83 82 100 39 28 78 66 0 63 45 17 81 94 63 52 66 12 94 69 99 50 96 98 75 49 37 51 95 68 38 98 77 44 16 99 90 22 77 15 56 3 76 69 18 68 26 90 40 77 28 79 12 73 61 95 35 59 52 54 65 43 10 95 98 64 79 21 39 97 37
41 69 38 76 12 31 69 4 36 5 46 100 28 16 14 47 42 42 66 71 22 34 95 47 2 96 8 28 52 50 98 39 1 48 51 12 17 63 0 10 65 2 31 51 61 90 76 20 36 18 18 37 91 46 86 38 76 94 35 40 21 53 26 21 96 45 24 50 7 24 46 20 67 85 82 6 86 74 27 64 36 42 21 36 96 3 62 5 96 56 59 39 96 37 57 72 97 13 51 94
18 78 90 39 18 51 32 10 61 7 97 15 46 56 81 61 95 86 95 98 78 65 27 55 4 45 26 99 25 65 75 27 71 96 94 28 29 45 10 0 4 74 34 39 72 72 88 39 43 37 4 22 99 30 23 64 8 34 47 5 36 65 56 2 49 34 25 54 47 67 11 25 8 43 17 6 24 15 76 24 13 49 63 20 10 85 100 57 39 39 2 57 27 73 60 2 68 90 60 3
68 45 48 28 11 33 29 44 43 5 74 45 66 62 83 58 42 41 70 98 46 56 62 48 47 11 3 85 66 30 89 21 31 37 24 5 87 17 65 4 0 82 63 82 55 2 95 42 45 59 55 93 7 4 36 75 50 83 8 79 3 64 55 23 56 96 91 20 22 13 30 73 54 76 43 23 61 2 55 61 91 50 59 91 66 71 87 93 48 20 77 3 78 23 93 58 5 45 38 57
94 52 47 40 82 44 6 78 17 4 7 66 42 54 15 15 49 50 100 56 98 9 76 48 17 28 4 18 8 45 5 50 15 45 26 95 76 81 2 74 82 0 80 74 14 78 85 1 55 54 12 63 55 41 14 11 99 66 57 61 75 28 56 5 47 56 82 4 60 32 78 96 20 10 15 63 11 80 43 59 80 18 1 5 94 62 32 10 78 36 31 71 49 1 72 56 56 2 89 86
54 78 40 27 15 44 78 3 73 47 67 15 3 13 5 19 32 42 82 97 23 73 20 65 80 99 18 52 1 71 33 59 68 73 59 11 23 94 31 34 63 80 0 37 83 36 64 75 48 70 99 51 86 47 4 10 38 47 31 90 84 51 19 36 50 54 24 58 57 93 37 40 65 31 98 80 87 94 18 66 54 88 62 100 4 23 53 86 94 69 47 33 49 71 46 88 17 99 26 96
6 77 37 48 88 41 7 53 80 48 64 63 94 64 3 87 19 30 72 43 7 2 40 85 14 47 13 98 68 84 62 3 17 16 75 56 94 63 51 39 82 74 37 0 11 27 25 57 77 68 32 58 40 66 70 21 31 82 74 36 19 76 35 30 54 24 73 48 24 36 15 58 79 61 66 10 28 86 6 96 34 52 46 12 66 44 72 3 66 20 73 5 10 93 51 94 24 99 81 50
53 68 83 4 83 31 29 34 76 30 64 97 24 13 79 2 65 65 92 21 70 37 88 64 91 61 88 80 46 65 100 84 63 75 75 73 40 52 61 72 55 14 83 11 0 82 49 77 28 49 65 18 3 96 11 85 80 35 11 55 86 6 40 38 99 88 19 63 69 81 35 81 95 90 56 44 34 26 32 98 34 94 58 14 9 68 100 26 11 13 35 100 99 22 43 67 31 53 78 82
41 78 29 94 47 20 59 89 65 30 94 84 1 35 66 26 10 88 65 5 19 76 31 17 41 13 20 89 26 77 12 14 65 72 53 92 63 66 90 72 2 78 36 27 82 0 100 1 5 15 69 46 74 59 2 23 21 10 74 74 69 69 38 65 75 49 37 73 88 42 83 89 21 31 100 40 33 11 58 82 45 89 32 5 99 27 84 9 6 62 5 28 27 32 68 47 86 38 31 96
72 38 61 52 57 80 35 41 69 92 34 76 10 41 19 75 30 76 48 61 88 66 89 88 75 55 55 81 18 51 60 41 58 59 30 41 2 12 76 88 95 85 64 25 49 100 0 7 63 23 36 90 87 31 29 97 96 25 92 39 3 26 76 53 34 16 24 43 61 39 33 77 12 50 84 46 44 9 54 53 98 61 97 66 31 50 3 45 35 87 17 15 83 49 21 47 38 38 95 1
47 90 3 73 51 10 46 17 45 88 35 22 55 94 8 67 58 51 47 50 42 91 73 3 46 15 86 24 35 62 54 59 93 16 20 56 7 94 20 39 42 1 75 57 77 1 7 0 59 11 77 87 24 16 95 21 43 75 72 53 2 82 65 25 32 92 43 20 12 86 86 59 85 56 97 8 10 4 83 59 19 22 30 34 55 34 32 77 70 55 46 60 53 24 67 7 57 44 11 71
44 22 29 91 46 45 89 53 73 39 8 11 49 51 42 67 74 68 62 38 1 50 52 71 40 72 3 16 17 34 64 48 85 62 21 60 33 69 36 43 45 55 48 77 28 5 63 59 0 87 28 30 20 39 47 8 80 1 17 77 7 33 26 9 90 94 20 3 21 38 36 1 3 95 5 39 6 78 36 79 67 26 18 49 14 36 32 14 22 74 58 72 91 25 9 97 10 82 96 87
36 47 32 21 48 19 53 87 52 54 75 65 46 39 64 67 26 46 53 86 23 27 26 46 32 26 23 95 73 67 79 48 11 90 8 87 13 99 18 37 59 54 70 68 49 15 23 11 87 0 56 94 85 98 86 14 39 98 32 92 67 72 33 35 22 10 16 96 85 67 94 45 53 64 93 71 17 79 11 98 93 16 13 53 25 26 30 92 92 36 14 48 42 13 18 3 31 45 45 41
95 42 10 60 74 63 77 31 40 20 88 84 20 13 36 96 88 87 57 14 43 86 78 89 25 74 19 80 13 61 18 95 31 89 99 46 36 50 18 4 55 12 99 32 65 69 36 77 28 56 0 65 74 11 6 26 76 83 1 38 94 46 60 33 16 83 64 4 50 53 22 70 28 85 19 68 46 72 2 38 68 47 6 61 95 29 62 57 92 2 13 56 33 86 87 50 38 8 10 45
85 11 87 17 2 27 93 39 7 25 5 19 20 42 35 28 69 73 23 22 89 60 99 74 87 48 74 52 79 4 88 67 50 69 74 28 32 96 37 22 93 63 51 58 18 46 90 87 30 94 65 0 18 76 87 79 60 84 48 30 99 19 44 44 48 24 67 54 44 83 94 46 74 60 81 56 12 50 71 70 75 1 16 76 15 59 39 75 4 3 57 43 66 61 15 27 20 73 95 30
11 55 68 30 9 85 53 68 45 84 44 95 57 6 51 71 39 100 68 94 36 29 74 73 50 96 40 76 55 70 100 53 39 27 64 34 97 98 91 99 7 55 86 40 3 74 87 24 20 85 74 18 0 40 75 67 100 13 41 3 21 56 97 46 3 16 40 61 96 48 80 34 54 76 52 87 87 71 90 36 1 36 13 55 84 65 35 2 58 79 11 34 33 62 40 47 41 31 86 2
61 80 76 19 85 11 19 40 77 7 56 24 30 88 68 3 88 69 50 57 77 52 85 55 83 80 74 20 36 69 73 99 84 81 99 58 46 75 46 30 4 41 47 66 96 59 31 16 39 98 11 76 40 0 38 10 6 45 55 30 34 26 49 43 63 81 24 48 18 83 23 11 54 14 5 38 13 62 46 1 40 5 5 56 38 90 80 89 89 66 2 10 65 31 34 97 94 72 78 6
69 78 38 63 93 56 88 70 83 44 27 47 28 14 95 98 71 58 73 15 84 84 65 98 82 96 23 2 50 70 81 9 70 52 49 14 33 49 86 23 36 14 4 70 11 2 29 95 47 86 6 87 75 38 0 65 6 41 35 57 5 90 74 38 8 23 47 42 65 28 26 63 19 69 69 48 31 84 22 5 60 78 78 92 71 53 47 56 17 42 1 55 71 84 69 52 31 33 77 16
16 20 69 24 28 60 6 92 87 46 91 49 12 54 49 47 99 94 3 47 91 53 2 15 58 74 57 77 5 28 65 53 14 99 49 96 24 37 38 64 75 11 10 21 85 23 97 21 8 14 26 79 67 10 65 0 5 80 81 48 51 4 17 41 25 65 90 76 1 2 78 38 68 75 8 36 49 77 68 55 98 93 14 1 50 65 16 51 6 14 22 80 78 5 15 74 41 5 20 6
22 7 34 11 30 66 9 26 32 38 86 52 47 58 51 48 22 57 83 11 29 74 70 79 12 2 24 25 73 19 11 70 54 47 68 53 2 51 76 8 50 99 38 31 80 21 96 43 80 39 76 60 100 6 6 5 0 17 13 39 76 56 92 89 8 40 35 4 71 18 90 19 9 48 17 34 4 18 47 84 7 12 61 11 83 100 9 70 35 12 88 46 16 50 93 61 75 71 38 57
22 100 78 33 8 59 61 91 10 29 15 36 44 75 76 49 88 86 57 70 54 24 65 77 19 1 52 7 62 32 21 25 81 35 75 38 57 95 94 34 83 66 47 82 35 10 25 75 1 98 83 84 13 45 41 80 17 0 34 22 72 67 76 49 70 95 88 55 97 86 6 16 72 94 12 66 69 59 44 43 91 2 67 57 24 19 46 18 53 20 9 85 84 83 18 10 14 36 98 77
83 72 8 82 9 94 46 12 63 55 68 36 40 92 16 65 52 81 73 14 99 7 14 67 8 27 35 71 61 28 59 1 93 4 78 43 59 68 35 47 8 57 31 74 11 74 92 72 17 32 1 48 41 55 35 81 13 34 0 25 36 86 19 88 2 74 40 59 51 20 96 20 100 69 57 8 14 99 7 68 50 77 47 90 34 100 66 79 19 87 75 50 44 37 45 72 99 44 45 55
16 64 90 25 57 91 61 87 81 97 74 50 95 43 77 9 86 34 19 36 89 7 55 98 40 82 93 4 11 72 29 60 27 34 91 53 97 38 40 5 79 61 90 36 55 74 39 53 77 92 38 30 3 30 57 48 39 22 25 0 36 22 28 27 32 28 78 85 95 64 29 12 43 5 85 53 30 86 2 85 51 93 15 35 58 21 86 64 9 2 49 3 45 19 45 83 59 39 36 84
49 65 77 79 79 3 3 92 3 85 59 26 63 21 8 57 94 22 29 63 18 8 72 55 4 2 16 37 40 78 41 15 52 68 40 71 73 98 21 36 3 75 84 19 86 69 3 2 7 67 94 99 21 34 5 51 76 72 36 36 0 53 89 60 88 59 18 14 9 63 50 100 56 11 93 92 32 98 83 14 17 14 17 80 52 78 62 98 92 80 34 46 2 53 91 53 81 9 40 9
100 72 59 15 3 14 67 88 51 18 11 54 31 76 26 55 95 10 33 44 82 57 55 74 25 94 50 95 34 27 67 65 79 19 33 42 51 77 53 65 64 28 51 76 6 69 26 82 33 72 46 19 56 26 90 4 56 67 86 22 53 0 59 48 87 53 19 34 36 89 100 64 24 9 7 3 40 100 60 8 39 24 15 55 90 64 73 86 91 100 65 83 60 31 81 31 78 39 60 53
99 61 66 84 30 78 46 50 60 18 23 3 43 75 39 2 63 44 51 72 47 1 74 22 88 76 55 63 68 18 50 67 95 42 62 29 22 44 26 56 55 56 19 35 40 38 76 65 26 33 60 44 97 49 74 17 92 76 19 28 89 59 0 36 7 63 100 46 8 7 62 38 50 82 55 33 73 72 25 2 18 14 65 18 55 29 21 62 57 26 57 26 62 63 40 74 29 23 5 97
60 5 95 30 42 51 95 52 13 17 31 31 25 6 76 94 51 5 22 57 67 53 4 5 2 86 69 56 38 41 57 90 62 67 90 88 41 16 21 2 23 5 36 30 38 65 53 25 9 35 33 44 46 43 38 41 89 49 88 27 60 48 36 0 96 76 5 31 1 26 100 86 20 14 14 60 1 89 21 14 13 20 96 52 46 96 18 80 11 99 54 100 63 93 2 96 96 97 15 70
42 62 36 4 55 44 62 6 49 61 61 59 38 80 93 92 31 10 91 3 94 65 64 79 18 1 56 8 10 92 86 26 67 99 11 1 45 99 96 49 56 47 50 54 99 75 34 32 90 22 16 48 3 63 8 25 8 70 2 32 88 87 7 96 0 98 50 39 65 5 88 50 93 74 71 64 81 47 85 38 91 31 75 10 76 80 31 11 42 8 3 55 48 30 97 98 24 6 99 80
69 63 50 8 81 13 11 91 22 72 12 76 37 41 31 73 18 33 59 2 77 92 84 52 16 61 86 21 57 64 36 91 36 43 18 89 63 90 45 34 96 56 54 24 88 49 16 92 94 10 83 24 16 81 23 65 40 95 74 28 59 53 63 76 98 0 95 77 36 23 37 73 35 54 89 80 39 90 79 20 90 70 2 63 91 41 97 29 96 6 87 31 96 90 4 64 53 95 69 2
41 59 47 7 40 81 89 42 69 41 99 31 91 65 61 9 62 17 31 32 59 78 27 7 24 26 25 4 12 95 25 50 88 57 29 40 32 22 24 25 91 82 24 73 19 37 24 43 20 16 64 67 40 24 47 90 35 88 40 78 18 19 100 5 50 95 0 53 77 9 12 11 58 13 89 14 62 49 71 18 37 54 60 83 51 99 58 82 73 100 2 4 74 23 84 48 93 75 24 87
25 35 15 56 20 41 79 41 25 15 71 26 31 30 13 42 67 88 37 34 48 33 30 82 5 99 56 35 98 11 15 45 52 86 86 46 52 77 50 54 20 4 58 48 63 73 43 20 3 96 4 54 61 48 42 76 4 55 59 85 14 34 46 31 39 77 53 0 76 79 94 30 73 94 15 7 23 16 42 50 18 81 47 2 34 53 21 87 95 16 21 11 4 90 5 14 20 44 10 56
4 20 31 94 76 21 69 41 73 75 74 32 40 54 97 61 23 24 22 100 40 53 11 36 48 80 74 71 20 2 49 56 100 7 32 47 78 15 7 47 22 60 57 24 69 88 61 12 21 85 50 44 96 18 65 1 71 97 51 95 9 36 8 1 65 36 77 76 0 13 15 53 69 67 72 4 21 76 13 19 83 9 44 59 97 53 100 49 38 87 72 75 46 78 19 41 68 39 40 75
66 7 80 14 75 22 99 98 11 39 65 72 27 10 93 61 22 67 14 92 37 73 23 58 15 2 79 32 56 100 63 42 86 73 34 35 94 56 24 67 13 32 93 36 81 42 39 86 38 67 53 83 48 83 28 2 18 86 20 64 63 89 7 26 5 23 9 79 13 0 88 27 72 12 18 44 67 92 1 18 25 32 99 49 10 70 1 34 15 67 58 95 69 84 83 40 83 30 53 84
37 60 47 11 9 15 13 23 60 67 80 36 46 95 15 75 5 3 73 6 49 51 63 38 72 34 13 47 5 41 97 24 64 53 1 62 93 3 46 11 30 78 37 15 35 83 33 86 36 94 22 94 80 23 26 78 90 6 96 29 50 100 62 100 88 37 12 94 15 88 0 35 59 34 39 46 43 83 24 10 13 1 14 51 43 32 44 80 21 76 70 63 37 37 59 100 17 59 72 34
7 75 23 50 99 85 2 90 74 69 51 87 57 93 25 93 23 78 21 14 15 51 50 73 63 35 57 99 29 74 97 28 45 45 55 74 97 76 20 25 73 96 40 58 81 89 77 59 1 45 70 46 34 11 63 38 19 16 20 12 100 64 38 86 50 73 11 30 53 27 35 0 59 46 11 37 82 72 67 5 16 26 70 19 74 12 15 99 44 36 10 2 14 22 97 71 69 82 77 33
51 52 24 27 44 42 15 6 62 48 88 58 76 83 69 38 72 7 11 26 80 85 96 22 41 6 28 51 21 46 79 11 79 48 61 53 89 69 67 8 54 20 65 79 95 21 12 85 3 53 28 74 54 54 19 68 9 72 100 43 56 24 50 20 93 35 58 73 69 72 59 59 0 48 83 55 87 42 59 99 46 98 44 78 15 49 96 69 62 77 88 1 50 75 99 68 88 40 31 64
64 30 4 52 90 36 74 21 59 91 70 76 29 66 26 75 15 81 42 71 3 35 4 23 54 53 60 51 50 94 66 85 53 31 3 50 16 18 85 43 76 10 31 61 90 31 50 56 95 64 85 60 76 14 69 75 48 94 69 5 11 9 82 14 74 54 13 94 67 12 34 46 48 0 62 46 75 30 24 31 19 72 82 83 51 30 79 88 7 46 48 76 41 90 73 12 69 66 46 68
65 16 26 22 31 4 37 96 88 100 71 33 99 79 88 57 39 62 26 39 71 88 98 36 5 85 7 71 71 75 2 72 61 9 2 72 90 68 82 17 43 15 98 66 56 100 84 97 5 93 19 81 52 5 69 8 17 12 57 85 93 7 55 14 71 89 89 15 72 18 39 11 83 62 0 89 28 79 81 67 31 22 62 21 17 2 44 33 96 22 38 20 40 8 62 89 81 45 81 36
6 52 57 39 55 60 32 67 82 17 90 37 56 52 97 58 70 19 68 52 83 12 37 89 13 25 14 32 8 33 47 70 66 95 14 89 71 26 6 6 23 63 80 10 44 40 46 8 39 71 68 56 87 38 48 36 34 66 8 53 92 3 33 60 64 80 14 7 4 44 46 37 55 46 89 0 45 26 39 60 73 2 13 85 80 30 57 89 50 46 21 53 86 14 45 15 67 68 33 96
49 75 23 16 70 20 39 99 12 63 3 72 62 84 76 14 91 78 51 44 15 9 72 19 81 53 49 5 75 34 70 89 80 63 71 44 95 90 86 24 61 11 87 28 34 33 44 10 6 17 46 12 87 13 31 49 4 69 14 30 32 40 73 1 81 39 62 23 21 67 43 82 87 75 28 45 0 52 22 66 17 92 14 37 19 26 23 98 21 59 65 88 84 36 79 49 13 3 57 99
32 83 51 4 30 33 73 73 94 82 85 71 95 44 95 6 78 95 61 100 28 46 10 67 85 19 66 32 31 66 41 5 56 51 49 38 17 40 74 15 2 80 94 86 26 11 9 4 78 79 72 50 71 62 84 77 18 59 99 86 98 100 72 89 47 90 49 16 76 92 83 72 42 30 79 26 52 0 29 48 5 5 13 57 70 99 22 49 70 59 11 30 52 22 51 82 16 67 84 59
88 62 32 31 5 10 67 60 34 24 16 16 76 75 26 42 93 51 31 87 93 66 79 4 13 62 94 92 39 83 65 63 93 1 4 49 40 77 27 76 55 43 18 6 32 58 54 83 36 11 2 71 90 46 22 68 47 44 7 2 83 60 25 21 85 79 71 42 13 1 24 67 59 24 81 39 22 29 0 7 40 28 17 2 37 92 85 82 75 82 59 55 11 38 10 89 44 31 76 53
20 59 81 41 47 76 5 16 96 12 32 22 76 100 17 97 16 45 39 36 58 86 46 42 92 35 50 63 67 61 85 13 61 44 9 100 11 28 64 24 61 59 66 96 98 82 53 59 79 98 38 70 36 1 5 55 84 43 68 85 14 8 2 14 38 20 18 50 19 18 10 5 99 31 67 60 66 48 7 0 50 34 76 82 7 36 87 58 45 37 95 2 88 100 41 97 100 28 34 7
9 27 66 92 52 18 18 63 81 90 80 20 20 72 4 86 85 73 1 20 4 24 88 65 26 36 60 3 38 98 66 19 8 7 41 71 54 79 36 13 91 80 54 34 34 45 98 19 67 93 68 75 1 40 60 98 7 91 50 51 17 39 18 13 91 90 37 18 83 25 13 16 46 19 31 73 17 5 40 50 0 93 8 89 46 58 64 25 100 38 8 88 28 16 12 73 49 34 88 80
35 24 49 48 9 61 71 82 21 11 62 93 73 40 26 60 53 95 21 2 11 83 5 66 58 33 52 77 96 43 70 93 58 89 37 12 46 12 42 49 50 18 88 52 94 89 61 22 26 16 47 1 36 5 78 93 12 2 77 93 14 24 14 20 31 70 54 81 9 32 1 26 98 72 22 2 92 5 28 34 93 0 96 29 75 49 92 60 97 5 55 34 13 38 17 2 89 79 77 5
39 62 48 89 20 68 27 31 90 20 51 89 66 56 57 9 76 4 58 45 74 74 49 14 40 18 84 47 92 39 54 39 42 48 6 87 7 73 21 63 59 1 62 46 58 32 97 30 18 13 6 16 13 5 78 14 61 67 47 15 17 15 65 96 75 2 60 47 44 99 14 70 44 82 62 13 14 13 17 76 8 96 0 58 79 70 24 50 97 56 73 34 85 79 13 33 37 1 40 68
88 52 100 29 89 65 85 4 100 65 98 1 93 67 54 43 25 37 69 44 17 76 6 40 48 9 98 82 49 51 39 38 60 42 61 60 35 61 36 20 91 5 100 12 14 5 66 34 49 53 61 76 55 56 92 1 11 57 90 35 80 55 18 52 10 63 83 2 59 49 51 19 78 83 21 85 37 57 2 82 89 29 58 0 73 1 71 80 4 23 88 47 71 68 24 67 99 63 70 17
89 100 85 12 18 49 38 86 36 58 30 46 13 1 96 10 20 74 64 35 93 34 50 52 54 94 31 83 22 52 37 54 79 29 16 93 53 95 96 10 66 94 4 66 9 99 31 55 14 25 95 15 84 38 71 50 83 24 34 58 52 90 55 46 76 91 51 34 97 10 43 74 15 51 17 80 19 70 37 7 46 75 79 73 0 31 19 66 14 41 8 94 87 56 9 66 69 100 80 23
18 77 57 86 99 88 82 73 28 73 35 49 39 3 72 34 9 17 50 86 33 18 6 13 56 97 5 20 74 11 68 92 61 42 34 21 73 35 3 85 71 62 23 44 68 27 50 34 36 26 29 59 65 90 53 65 100 19 100 21 78 64 29 96 80 41 99 53 53 70 32 12 49 30 2 30 26 99 92 36 58 49 70 1 31 0 58 100 6 44 76 93 15 96 39 39 66 63 97 41
15 36 82 18 57 70 3 55 58 59 16 87 92 88 18 1 28 73 36 82 82 49 24 85 74 27 30 60 28 98 71 92 88 3 37 50 9 59 62 100 87 32 53 72 100 84 3 32 32 30 62 39 35 80 47 16 9 46 66 86 62 73 21 18 31 97 58 21 100 1 44 15 96 79 44 57 23 22 85 87 64 92 24 71 19 58 0 54 32 41 37 74 100 68 14 53 96 29 61 88
9 100 69 53 26 60 43 98 34 57 36 85 44 30 10 7 44 99 88 71 90 5 51 92 55 73 85 21 10 7 53 38 41 59 31 26 42 52 5 57 93 10 86 3 26 9 45 77 14 92 57 75 2 89 56 51 70 18 79 64 98 86 62 80 11 29 82 87 49 34 80 99 69 88 33 89 98 49 82 58 25 60 50 80 66 100 54 0 35 98 89 72 51 72 48 63 32 75 6 88
52 49 9 49 69 20 41 27 9 14 30 29 69 50 17 63 66 55 28 36 54 100 43 50 92 13 87 15 35 66 14 35 93 20 24 99 49 54 96 39 48 78 94 66 11 6 35 70 22 92 92 4 58 89 17 6 35 53 19 9 92 91 57 11 42 96 73 95 38 15 21 44 62 7 96 50 21 70 75 45 100 97 97 4 14 6 32 35 0 33 51 88 82 46 45 93 26 31 95 67
78 34 7 22 19 27 77 46 32 30 90 98 30 2 14 19 7 46 17 32 53 9 50 100 98 87 92 38 23 78 52 20 64 60 28 38 87 65 56 39 20 36 69 20 13 62 87 55 74 36 2 3 79 66 42 14 12 20 87 2 80 100 26 99 8 6 100 16 87 67 76 36 77 46 22 46 59 59 82 37 38 5 56 23 41 44 41 98 33 0 23 72 65 50 53 24 81 20 75 6
84 87 44 99 38 64 28 81 93 47 97 64 41 33 7 83 58 18 18 88 97 34 56 93 89 84 56 16 14 36 78 67 68 14 11 75 45 43 59 2 77 31 47 73 35 5 17 46 58 14 13 57 11 2 1 22 88 9 75 49 34 65 57 54 3 87 2 21 72 58 70 10 88 48 38 21 65 11 59 95 8 55 73 88 8 76 37 89 51 23 0 9 27 57 79 2 82 95 30 74
58 20 85 39 91 76 68 36 75 53 75 9 90 56 2 40 88 13 40 39 48 4 37 50 71 34 92 23 13 70 29 37 88 77 26 54 4 10 39 57 3 71 33 5 100 28 15 60 72 48 56 43 34 10 55 80 46 85 50 3 46 83 26 100 55 31 4 11 75 95 63 2 1 76 20 53 88 30 55 2 88 34 34 47 94 93 74 72 88 72 9 0 9 55 64 36 82 18 43 76
42 42 35 77 5 80 42 83 38 17 67 90 59 1 26 75 12 90 27 64 95 61 37 99 76 21 10 86 39 27 35 32 92 57 39 5 4 95 96 27 78 49 49 10 99 27 83 53 91 42 33 66 33 65 71 78 16 84 44 45 2 60 62 63 48 96 74 4 46 69 37 14 50 41 40 86 84 52 11 88 28 13 85 71 87 15 100 51 82 65 27 9 0 35 90 77 71 53 21 55
41 69 64 88 64 40 43 57 52 81 36 41 79 48 27 65 52 79 3 62 15 15 88 72 67 18 10 92 44 68 41 53 25 4 64 26 45 98 37 73 23 1 71 93 22 32 49 24 25 13 86 61 62 31 84 5 50 83 37 19 53 31 63 93 30 90 23 90 78 84 37 22 75 90 8 14 36 22 38 100 16 38 79 68 56 96 68 72 46 50 57 55 35 0 62 20 37 94 34 55
66 69 74 88 7 55 89 92 98 19 40 61 13 47 67 45 46 18 90 29 38 37 50 65 63 91 32 73 54 63 58 7 51 86 43 65 53 64 57 60 93 72 46 51 43 68 21 67 9 18 87 15 40 34 69 15 93 18 45 45 91 81 40 2 97 4 84 5 19 83 59 97 99 73 62 45 79 51 10 41 12 17 13 24 9 39 14 48 45 53 79 64 90 62 0 76 31 53 95 32
6 32 59 48 46 68 67 96 15 55 58 65 90 39 100 6 22 65 43 39 4 3 87 43 69 92 76 91 26 3 85 33 39 70 79 81 71 79 72 2 58 56 88 94 67 47 47 7 97 3 50 27 47 97 52 74 61 10 72 83 53 31 74 96 98 64 48 14 41 40 100 71 68 12 89 15 49 82 89 97 73 2 33 67 66 39 53 63 93 24 2 36 77 20 76 0 95 77 75 92
86 19 77 33 5 87 10 84 82 16 64 15 34 50 40 62 95 88 21 29 38 41 82 69 24 85 73 29 3 21 43 12 56 11 95 94 39 21 97 68 5 56 17 24 31 86 38 57 10 31 38 20 41 94 31 41 75 14 99 59 81 78 29 96 24 53 93 20 68 83 17 69 88 69 81 67 13 16 44 100 49 89 37 99 69 66 96 32 26 81 82 82 71 37 31 95 0 80 55 47
1 82 52 81 67 73 48 59 44 86 39 36 65 28 15 12 35 33 14 25 42 75 84 97 47 32 33 65 91 28 6 41 96 88 12 66 19 39 13 90 45 2 99 99 53 38 38 44 82 45 8 73 31 72 33 5 71 36 44 39 9 39 23 97 6 95 75 44 39 30 59 82 40 66 45 68 3 67 31 28 34 79 1 63 100 63 29 75 31 20 95 18 53 94 53 77 80 0 36 51
77 63 25 21 96 89 72 74 74 93 66 74 51 92 29 9 65 89 1 69 6 43 75 48 65 100 76 90 24 33 81 1 40 36 33 81 9 97 51 60 38 89 26 81 78 31 95 11 96 45 10 95 86 78 77 20 38 98 45 36 40 60 5 15 99 69 24 10 40 53 72 77 31 46 81 33 57 84 76 34 88 77 40 70 80 97 61 6 95 75 30 43 21 34 95 75 55 36 0 35
13 75 38 69 23 68 55 54 44 79 88 19 69 95 82 41 56 93 73 61 76 67 43 99 87 89 94 87 100 75 27 1 3 63 93 76 90 37 94 3 57 86 96 50 82 96 1 71 87 41 45 30 2 6 16 6 57 77 55 84 9 53 97 70 80 2 87 56 75 84 34 33 64 68 36 96 99 59 53 7 80 5 68 17 23 41 88 88 67 6 74 76 55 55 32 92 47 51 35 0
