100
10
0 1 59 64 4 44 31 32 35 19 8 33 74 40 34 86 45 95 36 7 95 9 42 95 59 78 89 58 84 32 48 34 6 18 58 11 3 17 78 67 51 51 99 3 51 43 8 11 27 82 77 77 53 50 67 25 95 4 2 22 35 61 58 78 77 35 98 95 87 57 50 67 51 16 6 93 100 67 6 15 44 24 88 59 8 28 72 39 12 79 37 71 41 76 59 74 27 2 20 92
1 0 2 51 91 48 54 17 46 27 26 98 52 77 27 73 64 77 70 91 37 28 85 47 48 60 31 19 7 15 8 10 43 70 99 60 75 78 63 75 96 72 1 62 84 51 43 21 82 83 5 15 26 77 97 69 8 95 19 75 19 29 95 53 91 74 75 90 47 39 85 65 68 63 33 80 11 32 86 47 97 41 62 98 83 92 63 55 40 69 14 76 11 48 48 94 91 87 99 73
59 2 0 63 69 39 40 45 53 50 41 68 52 24 82 46 99 41 27 99 45 2 21 38 7 46 78 92 64 95 12 20 55 63 52 47 11 30 11 76 47 74 60 68 47 20 33 14 97 2 67 36 76 52 20 30 3 44 79 22 84 9 85 12 75 47 48 7 21 94 44 44 38 64 26 97 90 85 24 77 42 40 51 64 15 84 84 54 48 15 79 16 73 63 93 49 85 80 49 7
64 51 63 0 96 86 20 68 92 62 32 43 4 95 27 62 10 8 4 7 15 22 77 15 38 19 21 25 87 61 24 38 96 42 19 62 31 67 39 9 28 66 57 80 18 48 34 64 42 2 82 84 53 35 37 16 8 93 48 26 82 52 94 31 22 1 64 41 8 89 12 45 82 49 58 47 52 46 3 79 13 76 85 95 31 42 6 71 95 89 96 49 86 73 24 62 69 19 14 79
4 91 69 96 0 57 72 7 30 2 19 38 30 62 41 95 75 33 14 91 40 21 64 75 27 53 11 90 53 69 17 22 47 27 54 50 34 28 41 83 87 70 34 8 64 25 31 75 83 43 29 100 28 58 50 34 64 12 84 90 29 96 77 67 18 76 66 75 81 62 84 52 87 81 98 76 57 12 31 47 33 82 34 56 29 35 19 64 65 100 72 78 56 74 62 39 88 61 53 12
44 48 39 86 57 0 78 75 88 42 92 25 44 89 92 57 53 82 54 100 36 90 9 74 46 36 65 5 36 14 99 2 87 85 59 48 57 6 99 41 79 89 14 40 92 7 69 25 91 81 33 32 1 36 17 20 20 61 80 31 62 64 76 52 30 25 90 69 43 58 77 79 25 7 92 19 14 25 96 92 52 97 37 39 8 9 59 3 25 39 43 74 85 51 100 84 20 91 57 7
31 54 40 20 72 78 0 68 70 32 44 44 40 80 87 14 78 65 81 96 8 32 78 98 33 96 69 16 74 10 56 40 83 62 85 7 4 23 11 60 54 42 54 89 73 70 46 72 19 51 35 55 1 68 20 7 52 92 79 69 39 85 39 88 6 71 17 63 79 72 19 79 47 8 43 1 62 82 15 99 15 100 80 19 18 6 17 59 9 26 87 94 96 62 70 46 80 36 48 83
32 17 45 68 7 75 68 0 85 68 71 83 53 8 19 79 32 100 23 59 56 64 1 86 91 1 45 54 15 50 66 26 9 47 76 79 72 22 25 79 51 96 56 98 64 61 91 35 50 79 31 56 86 92 74 57 43 8 7 24 9 3 84 64 54 4 21 7 51 18 76 6 80 65 32 97 44 33 79 78 54 84 86 42 92 46 45 67 44 83 50 83 67 96 65 19 96 24 26 12
35 46 53 92 30 88 70 85 0 13 36 24 27 19 51 80 38 29 89 34 43 97 24 25 77 50 41 26 73 80 73 90 88 69 16 42 61 12 13 33 7 93 4 58 66 83 14 33 23 41 27 2 36 56 12 45 68 24 61 9 94 34 27 56 22 2 73 87 9 36 11 11 23 64 87 86 5 8 50 52 19 56 75 34 36 79 39 42 4 70 70 83 14 36 91 100 15 11 64 31
19 27 50 62 2 42 32 68 13 0 38 21 50 8 45 67 82 80 19 60 2 27 1 70 62 77 6 51 25 23 39 88 55 25 38 21 58 27 93 47 46 50 38 91 61 7 4 26 36 75 38 33 52 44 49 59 45 12 71 80 75 57 85 49 61 12 87 36 6 29 45 84 13 34 91 21 70 10 62 32 39 26 80 33 47 7 74 53 49 60 50 87 45 58 90 58 31 32 68 1
8 26 41 32 19 92 44 71 36 38 0 92 97 32 2 48 19 78 78 79 24 89 52 51 81 99 54 33 8 91 37 83 74 77 94 50 28 8 73 42 52 56 58 25 57 31 32 14 76 98 77 58 79 62 47 23 6 46 90 97 12 9 61 87 80 89 73 8 12 26 43 9 56 34 80 28 11 49 86 49 3 96 91 1 1 29 61 60 64 41 6 96 68 70 42 92 40 61 72 16
33 98 68 43 38 25 44 83 24 21 92 0 51 28 89 11 64 26 66 75 50 24 100 100 79 77 59 38 74 79 53 23 95 4 51 84 41 75 54 18 31 59 25 29 45 45 40 28 32 13 20 48 10 52 60 89 24 76 94 86 72 94 1 33 62 67 31 23 89 46 74 33 80 79 68 87 68 34 20 73 49 89 3 72 98 8 51 22 20 16 19 60 53 59 85 18 69 39 51 28
74 52 52 4 30 44 40 53 27 50 97 51 0 28 90 97 71 93 79 46 79 72 13 15 38 13 7 48 73 23 54 73 90 52 53 21 13 37 6 94 7 28 33 43 52 47 98 22 52 58 41 2 74 30 73 91 6 77 55 90 17 27 72 32 18 44 22 98 96 37 83 40 44 72 19 30 94 57 6 75 97 66 45 75 57 61 91 68 15 56 18 8 55 9 9 6 98 38 49 96
40 77 24 95 62 89 80 8 19 8 32 28 28 0 32 45 74 38 93 47 11 16 27 58 31 92 64 34 19 75 86 86 72 100 99 89 36 25 11 52 36 67 97 7 70 93 70 75 89 40 16 42 80 68 37 64 96 42 19 66 24 68 25 57 84 83 1 12 18 64 38 50 39 46 81 87 54 25 80 29 12 8 15 75 42 98 76 16 67 67 30 78 53 41 62 74 37 48 3 11
34 27 82 27 41 92 87 19 51 45 2 89 90 32 0 80 12 3 42 8 74 57 36 18 9 38 83 82 69 31 71 10 39 56 24 9 52 70 21 13 43 20 59 97 25 96 12 57 48 34 75 43 53 25 60 74 32 85 49 53 47 94 39 93 58 63 84 32 34 37 5 72 17 43 28 8 96 55 50 74 97 94 71 43 3 32 97 8 67 55 13 58 48 34 28 31 16 60 87 27
86 73 46 62 95 57 14 79 80 67 48 11 97 45 80 0 13 69 39 95 49 17 53 49 71 65 63 70 27 91 84 14 78 22 15 23 82 64 17 91 31 9 56 12 64 44 26 49 3 50 83 46 84 30 14 7 9 65 88 27 88 41 97 4 29 97 97 60 70 43 84 95 25 93 1 43 91 44 40 87 85 16 40 20 87 97 61 14 38 21 65 4 10 95 50 29 23 31 34 47
45 64 99 10 75 53 78 32 38 82 19 64 71 74 12 13 0 49 77 3 90 86 78 63 19 8 72 55 31 53 30 98 23 72 31 12 19 43 80 10 12 65 21 2 99 36 26 67 52 28 41 78 75 10 100 65 16 83 60 16 86 67 21 42 12 12 66 19 57 75 27 55 54 11 30 60 12 88 20 15 84 60 51 22 74 51 68 97 26 94 14 38 6 20 51 93 9 18 63 33
95 77 41 8 33 82 65 100 29 80 78 26 93 38 3 69 49 0 1 93 84 4 23 8 9 84 10 30 60 5 61 27 76 56 49 74 10 82 45 82 46 86 37 44 95 58 44 8 72 64 91 27 91 83 17 53 40 24 59 54 44 81 93 84 1 97 52 45 100 13 84 6 47 48 54 14 60 65 37 89 95 83 48 54 84 45 1 93 20 2 49 25 25 37 89 56 38 22 19 28
36 70 27 4 14 54 81 23 89 19 78 66 79 93 42 39 77 1 0 40 26 38 79 8 69 15 21 58 63 90 83 13 2 21 67 55 72 11 94 51 51 76 84 10 2 65 35 10 70 65 86 15 11 52 55 1 10 51 94 92 26 98 45 37 38 98 93 1 26 81 84 32 89 98 73 92 49 97 63 85 15 56 57 58 18 39 70 96 58 11 7 73 18 14 32 23 73 97 61 57
7 91 99 7 91 100 96 59 34 60 79 75 46 47 8 95 3 93 40 0 57 23 69 42 23 90 21 24 25 35 30 38 43 95 45 67 28 23 19 15 65 89 43 13 23 82 94 61 46 9 25 46 12 27 53 11 5 84 100 43 75 31 20 55 29 2 58 98 87 89 6 72 60 33 76 54 4 42 73 60 75 60 34 41 11 49 45 85 43 34 38 65 2 45 51 39 33 68 94 79
95 37 45 15 40 36 8 56 43 2 24 50 79 11 74 49 90 84 26 57 0 15 34 20 9 46 90 67 47 77 69 70 84 91 53 41 76 81 8 53 33 16 39 57 37 42 54 78 53 57 58 94 35 44 24 46 18 98 84 79 48 78 95 48 13 61 33 44 77 76 55 69 93 22 61 97 43 88 77 8 13 91 11 82 28 45 2 68 8 67 95 95 84 86 91 79 57 39 69 37
9 28 2 22 21 90 32 64 97 27 89 24 72 16 57 17 86 4 38 23 15 0 59 13 70 57 97 99 67 40 62 46 24 79 31 22 31 10 67 82 96 74 1 26 70 9 89 8 5 44 57 82 47 86 24 68 69 95 56 28 27 95 92 1 100 19 9 2 2 47 77 61 82 14 54 96 92 57 19 64 69 17 35 10 43 5 94 44 62 54 28 7 90 61 77 24 70 27 92 1
42 85 21 77 64 9 78 1 24 1 52 100 13 27 36 53 78 23 79 69 34 59 0 1 54 66 87 32 49 19 26 5 84 31 34 31 73 56 25 9 58 58 55 26 45 78 24 77 68 34 48 10 59 21 34 5 78 50 22 28 97 52 40 23 92 24 41 19 81 68 30 28 47 4 81 30 42 27 29 69 49 58 37 38 71 23 32 2 87 46 39 87 2 98 3 80 67 32 85 86
95 47 38 15 75 74 98 86 25 70 51 100 15 58 18 49 63 8 8 42 20 13 1 0 74 75 94 8 17 40 61 58 57 50 54 46 76 79 52 35 96 19 14 3 16 79 18 39 28 52 57 72 21 20 91 11 3 95 92 35 98 25 14 2 54 91 72 7 64 98 65 55 46 59 17 27 17 77 49 75 82 18 31 43 66 15 97 7 6 80 96 84 20 2 27 42 37 57 76 22
59 48 7 38 27 46 33 91 77 62 81 79 38 31 9 71 19 9 69 23 9 70 54 74 0 78 36 23 24 70 12 75 30 3 48 94 34 59 62 48 2 86 39 52 13 47 65 95 64 63 25 70 70 88 88 39 41 32 80 81 75 11 100 75 88 41 77 72 84 32 34 92 49 97 93 19 13 37 17 6 27 57 91 40 30 99 55 39 7 52 76 26 3 20 88 33 26 51 74 22
78 60 46 19 53 36 96 1 50 77 99 77 13 92 38 65 8 84 15 90 46 57 66 75 78 0 25 93 58 5 79 44 51 55 8 43 75 81 21 36 63 69 20 52 37 66 35 4 80 25 55 8 90 7 14 95 38 48 61 76 19 46 38 9 72 28 90 41 6 14 53 54 82 78 16 78 42 20 83 77 78 94 17 6 14 8 92 2 57 72 98 20 68 27 28 96 84 95 25 56
89 31 78 21 11 65 69 45 41 6 54 59 7 64 83 63 72 10 21 21 90 97 87 94 36 25 0 64 36 10 81 15 29 21 24 83 29 40 62 39 53 22 16 20 28 78 52 57 96 7 1 18 97 7 27 96 85 17 57 86 68 58 8 20 74 78 85 93 25 41 26 12 94 77 24 85 95 64 93 22 14 2 70 50 76 27 59 8 35 73 58 52 99 56 27 68 79 79 59 40
58 19 92 25 90 5 16 54 26 51 33 38 48 34 82 70 55 30 58 24 67 99 32 8 23 93 64 0 53 25 54 64 39 33 62 48 1 50 87 84 59 44 38 3 52 48 37 25 35 83 48 52 43 80 89 90 71 40 59 28 74 40 97 95 25 51 11 77 100 34 80 79 37 29 76 39 56 14 13 38 62 82 29 75 72 58 52 94 34 90 14 21 56 57 20 22 24 58 84 55
84 7 64 87 53 36 74 15 73 25 8 74 73 19 69 27 31 60 63 25 47 67 49 17 24 58 36 53 0 25 36 87 17 75 28 62 46 60 69 69 65 34 21 90 25 97 62 4 61 60 77 39 7 8 55 33 78 74 95 53 54 38 39 15 46 100 75 7 6 63 38 85 75 36 78 10 100 25 65 85 24 67 41 27 84 57 24 81 69 19 98 58 42 41 48 72 2 11 20 80
32 15 95 61 69 14 10 50 80 23 91 79 23 75 31 91 53 5 90 35 77 40 19 40 70 5 10 25 25 0 15 37 62 34 57 15 80 41 61 8 90 38 5 78 12 52 69 91 46 11 73 9 7 49 28 59 67 32 37 28 74 54 82 92 78 5 17 42 3 29 84 79 30 72 64 14 69 30 17 6 54 91 82 6 99 34 74 41 66 96 4 97 1 60 97 81 2 94 62 62
48 8 12 24 17 99 56 66 73 39 37 53 54 86 71 84 30 61 83 30 69 62 26 61 12 79 81 54 36 15 0 29 71 59 3 18 94 63 88 88 100 25 36 65 64 22 85 71 78 42 21 93 4 9 86 42 33 36 66 42 17 29 20 19 1 71 9 49 57 36 4 98 18 96 91 8 44 2 47 100 90 9 66 9 70 55 2 55 35 79 96 31 50 23 74 47 88 78 72 97
34 10 20 38 22 2 40 26 90 88 83 23 73 86 10 14 98 27 13 38 70 46 5 58 75 44 15 64 87 37 29 0 81 81 16 92 42 39 77 4 85 6 52 10 79 7 82 28 5 41 45 38 3 94 11 28 18 50 11 72 86 26 30 2 21 2 28 29 28 33 8 43 40 50 97 88 6 28 49 91 84 16 70 77 49 41 6 10 20 54 10 88 46 60 94 11 12 2 34 99
6 43 55 96 47 87 83 9 88 55 74 95 90 72 39 78 23 76 2 43 84 24 84 57 30 51 29 39 17 62 71 81 0 82 26 23 45 14 99 95 79 60 93 48 13 4 23 49 19 60 34 49 31 1 63 43 10 52 11 13 50 98 69 36 56 54 11 87 100 69 20 94 37 100 5 53 53 76 48 2 52 7 13 51 47 75 82 73 10 15 38 42 75 3 93 73 44 79 44 14
18 70 63 42 27 85 62 47 69 25 77 4 52 100 56 22 72 56 21 95 91 79 31 50 3 55 21 33 75 34 59 81 82 0 37 86 84 91 16 12 24 12 7 43 14 86 74 69 16 89 60 27 83 34 84 96 79 10 12 12 97 55 24 44 47 33 93 37 34 93 1 70 91 50 40 46 48 73 24 12 15 54 74 24 95 95 34 40 60 89 31 72 69 79 60 35 91 63 88 69
58 99 52 19 54 59 85 76 16 38 94 51 53 99 24 15 31 49 67 45 53 31 34 54 48 8 24 62 28 57 3 16 26 37 0 71 92 92 2 98 85 43 45 22 5 61 70 51 40 78 21 67 40 87 64 36 71 35 94 25 28 43 9 97 44 20 31 69 9 89 82 5 57 15 59 7 20 5 77 90 75 16 88 64 7 50 46 27 94 79 61 45 84 3 41 23 62 23 26 59
11 60 47 62 50 48 7 79 42 21 50 84 21 89 9 23 12 74 55 67 41 22 31 46 94 43 83 48 62 15 18 92 23 86 71 0 26 46 32 14 28 37 73 56 50 46 44 59 58 20 54 33 73 88 39 27 17 9 91 60 64 53 80 81 58 47 74 67 31 11 19 36 35 4 33 22 9 91 6 47 12 8 14 17 5 94 26 62 83 56 54 35 50 48 49 11 76 68 71 45
3 75 11 31 34 57 4 72 61 58 28 41 13 36 52 82 19 10 72 28 76 31 73 76 34 75 29 1 46 80 94 42 45 84 92 26 0 24 82 28 43 30 51 63 18 96 5 30 78 92 83 68 22 99 45 22 80 5 52 48 46 79 59 97 20 33 9 78 28 11 79 73 59 69 93 31 16 92 69 94 89 99 88 41 37 84 14 20 36 95 60 99 40 47 37 30 55 70 4 77
17 78 30 67 28 6 23 22 12 27 8 75 37 25 70 64 43 82 11 23 81 10 56 79 59 81 40 50 60 41 63 39 14 91 92 46 24 0 55 1 93 69 92 66 90 44 41 26 25 88 24 46 88 15 48 90 76 98 40 47 26 77 20 42 88 41 65 27 63 83 93 78 50 92 64 50 73 87 34 61 70 62 79 10 94 78 64 69 52 89 72 58 22 31 47 66 26 22 17 31
78 63 11 39 41 99 11 25 13 93 73 54 6 11 21 17 80 45 94 19 8 67 25 52 62 21 62 87 69 61 88 77 99 16 2 32 82 55 0 100 36 47 2 80 29 28 10 27 53 55 80 42 13 69 3 82 39 48 33 21 62 92 64 93 96 23 76 54 73 42 69 93 39 61 56 27 33 30 14 52 38 6 51 54 38 20 69 70 100 39 74 37 76 64 100 66 21 61 29 81
67 75 76 9 83 41 60 79 33 47 42 18 94 52 13 91 10 82 51 15 53 82 9 35 48 36 39 84 69 8 88 4 95 12 98 14 28 1 100 0 47 75 47 84 12 8 74 77 65 38 18 76 61 67 5 19 22 98 95 73 69 44 27 10 17 29 3 25 29 94 46 68 53 1 27 28 72 52 66 28 20 88 67 65 84 83 2 9 97 81 37 3 2 96 100 16 95 64 91 38
51 96 47 28 87 79 54 51 7 46 52 31 7 36 43 31 12 46 51 65 33 96 58 96 2 63 53 59 65 90 100 85 79 24 85 28 43 93 36 47 0 31 100 35 47 87 94 65 69 29 32 12 11 84 63 76 37 78 76 61 28 34 95 19 15 56 51 70 86 64 15 41 12 30 94 13 48 56 15 60 70 50 72 14 83 60 96 41 54 4 62 62 1 43 31 76 54 44 94 54
51 72 74 66 70 89 42 96 93 50 56 59 28 67 20 9 65 86 76 89 16 74 58 19 86 69 22 44 34 38 25 6 60 12 43 37 30 69 47 75 31 0 34 66 22 82 29 5 94 91 50 89 70 48 21 94 43 7 29 68 60 25 54 3 24 91 85 70 46 10 71 20 98 31 1 17 93 43 43 61 20 40 31 27 53 19 31 98 30 59 47 12 65 9 12 17 26 87 97 65
99 1 60 57 34 14 54 56 4 38 58 25 33 97 59 56 21 37 84 43 39 1 55 14 39 20 16 38 21 5 36 52 93 7 45 73 51 92 2 47 100 34 0 75 18 40 6 42 48 13 30 42 12 87 87 72 4 24 49 10 1 11 10 29 68 68 3 32 24 36 59 43 38 91 28 34 30 1 29 58 3 54 9 39 79 6 29 96 38 37 30 80 18 35 41 79 89 86 55 65
3 62 68 80 8 40 89 98 58 91 25 29 43 7 97 12 2 44 10 13 57 26 26 3 52 52 20 3 90 78 65 10 48 43 22 56 63 66 80 84 35 66 75 0 24 45 43 90 35 93 55 28 33 86 70 29 98 45 23 12 65 52 82 86 52 9 84 62 89 85 79 76 32 44 59 32 7 43 26 47 74 64 69 78 14 6 99 26 72 33 54 40 4 99 94 52 24 46 7 21
51 84 47 18 64 92 73 64 66 61 57 45 52 70 25 64 99 95 2 23 37 70 45 16 13 37 28 52 25 12 64 79 13 14 5 50 18 90 29 12 47 22 18 24 0 15 59 30 66 42 11 58 90 98 69 12 100 9 93 64 46 4 56 8 39 27 11 20 32 91 10 6 60 40 48 83 41 4 65 97 24 97 6 89 32 78 29 68 48 1 87 67 28 64 72 11 61 23 79 53
43 51 20 48 25 7 70 61 83 7 31 45 47 93 96 44 36 58 65 82 42 9 78 79 47 66 78 48 97 52 22 7 4 86 61 46 96 44 28 8 87 82 40 45 15 0 41 40 25 36 36 17 88 10 76 34 37 68 13 38 89 8 94 61 62 48 86 37 47 45 3 31 86 28 80 21 67 21 49 79 33 46 78 69 40 90 50 76 30 48 60 70 25 25 24 63 20 27 99 62
8 43 33 34 31 69 46 91 14 4 32 40 98 70 12 26 26 44 35 94 54 89 24 18 65 35 52 37 62 69 85 82 23 74 70 44 5 41 10 74 94 29 6 43 59 41 0 24 11 57 28 55 13 66 25 15 44 92 56 58 90 80 46 7 60 26 3 55 66 63 90 83 4 50 14 79 14 22 32 91 33 65 63 31 55 41 92 2 38 1 28 35 42 14 95 62 54 88 3 76
11 21 14 64 75 25 72 35 33 26 14 28 22 75 57 49 67 8 10 61 78 8 77 39 95 4 57 25 4 91 71 28 49 69 51 59 30 26 27 77 65 5 42 90 30 40 24 0 63 47 77 52 76 93 59 31 74 74 86 90 47 71 23 55 16 32 56 54 46 54 89 86 23 62 43 75 72 61 66 35 8 36 39 37 49 42 51 89 85 16 57 8 69 93 84 70 89 31 66 25
27 82 97 42 83 91 19 50 23 36 76 32 52 89 48 3 52 72 70 46 53 5 68 28 64 80 96 35 61 46 78 5 19 16 40 58 78 25 53 65 69 94 48 35 66 25 11 63 0 28 47 70 75 57 46 1 45 100 10 61 40 43 3 11 71 73 69 71 54 44 9 89 47 47 83 62 98 14 26 38 54 57 50 90 78 92 73 50 50 84 32 13 85 26 2 99 9 58 35 78
82 83 2 2 43 81 51 79 41 75 98 13 58 40 34 50 28 64 65 9 57 44 34 52 63 25 7 83 60 11 42 41 60 89 78 20 92 88 55 38 29 91 13 93 42 36 57 47 28 0 38 6 56 100 17 58 42 33 31 26 58 35 93 82 41 9 56 6 92 15 31 41 44 94 51 89 42 57 98 6 24 84 72 72 82 11 21 100 21 89 3 9 93 27 81 9 95 6 56 86
77 5 67 82 29 33 35 31 27 38 77 20 41 16 75 83 41 91 86 25 58 57 48 57 25 55 1 48 77 73 21 45 34 60 21 54 83 24 80 18 32 50 30 55 11 36 28 77 47 38 0 6 46 12 40 41 87 24 20 21 95 90 89 90 66 23 72 50 7 37 95 22 55 25 54 57 81 50 27 43 36 80 97 74 77 80 92 84 34 3 72 76 20 15 91 52 10 14 28 51
77 15 36 84 100 32 55 56 2 33 58 48 2 42 43 46 78 27 15 46 94 82 10 72 70 8 18 52 39 9 93 38 49 27 67 33 68 46 42 76 12 89 42 28 58 17 55 52 70 6 6 0 74 17 40 96 14 54 27 1 12 98 27 35 88 97 10 17 79 90 66 93 96 64 54 2 91 70 96 35 6 40 97 31 6 92 89 21 91 81 69 78 13 90 85 87 36 98 82 1
53 26 76 53 28 1 1 86 36 52 79 10 74 80 53 84 75 91 11 12 35 47 59 21 70 90 97 43 7 7 4 3 31 83 40 73 22 88 13 61 11 70 12 33 90 88 13 76 75 56 46 74 0 77 45 7 93 89 55 91 64 64 31 39 49 25 24 2 95 6 34 54 50 19 29 56 38 86 38 29 53 65 75 15 27 73 17 32 52 22 52 42 16 27 27 66 77 36 61 27
50 77 52 35 58 36 68 92 56 44 62 52 30 68 25 30 10 83 52 27 44 86 21 20 88 7 7 80 8 49 9 94 1 34 87 88 99 15 69 67 84 48 87 86 98 10 66 93 57 100 12 17 77 0 92 89 37 72 29 71 32 36 2 97 58 17 22 47 77 62 21 93 28 79 38 76 6 9 99 45 5 100 49 59 81 9 88 94 24 93 77 12 48 39 29 100 67 80 15 58
67 97 20 37 50 17 20 74 12 49 47 60 73 37 60 14 100 17 55 53 24 24 34 91 88 14 27 89 55 28 86 11 63 84 64 39 45 48 3 5 63 21 87 70 69 76 25 59 46 17 40 40 45 92 0 64 82 70 94 23 71 98 52 21 40 4 20 44 69 47 69 95 37 30 27 90 66 63 85 82 89 77 84 97 89 69 98 29 79 6 22 44 4 95 62 76 52 66 21 46
25 69 30 16 34 20 7 57 45 59 23 89 91 64 74 7 65 53 1 11 46 68 5 11 39 95 96 90 33 59 42 28 43 96 36 27 22 90 82 19 76 94 72 29 12 34 15 31 1 58 41 96 7 89 64 0 20 97 92 8 24 74 93 92 12 82 1 30 43 9 61 5 49 31 66 74 53 20 29 87 38 2 1 58 1 58 5 59 4 9 86 31 98 16 42 87 66 95 6 58
95 8 3 8 64 20 52 43 68 45 6 24 6 96 32 9 16 40 10 5 18 69 78 3 41 38 85 71 78 67 33 18 10 79 71 17 80 76 39 22 37 43 4 98 100 37 44 74 45 42 87 14 93 37 82 20 0 66 90 27 18 53 67 86 18 43 31 28 41 67 69 76 78 32 100 63 76 61 35 55 47 81 62 38 55 90 56 94 89 68 65 21 5 44 86 79 96 63 61 48
4 95 44 93 12 61 92 8 24 12 46 76 77 42 85 65 83 24 51 84 98 95 50 95 32 48 17 40 74 32 36 50 52 10 35 9 5 98 48 98 78 7 24 45 9 68 92 74 100 33 24 54 89 72 70 97 66 0 74 65 22 1 58 45 69 77 91 11 31 9 60 57 6 22 32 43 66 94 23 63 1 8 17 16 89 20 91 36 73 91 74 69 49 29 53 29 29 51 78 65
2 19 79 48 84 80 79 7 61 71 90 94 55 19 49 88 60 59 94 100 84 56 22 92 80 61 57 59 95 37 66 11 11 12 94 91 52 40 33 95 76 29 49 23 93 13 56 86 10 31 20 27 55 29 94 92 90 74 0 20 87 53 98 88 31 6 46 21 11 83 50 72 54 72 64 4 83 61 57 16 92 33 87 25 95 56 50 15 96 18 64 14 35 77 32 64 98 30 100 47
22 75 22 26 90 31 69 24 9 80 97 86 90 66 53 27 16 54 92 43 79 28 28 35 81 76 86 28 53 28 42 72 13 12 25 60 48 47 21 73 61 68 10 12 64 38 58 90 61 26 21 1 91 71 23 8 27 65 20 0 82 76 20 66 74 8 88 85 58 92 11 26 96 62 95 66 98 59 39 17 91 88 26 51 75 53 76 10 28 89 73 29 53 17 84 23 100 18 5 17
35 19 84 82 29 62 39 9 94 75 12 72 17 24 47 88 86 44 26 75 48 27 97 98 75 19 68 74 54 74 17 86 50 97 28 64 46 26 62 69 28 60 1 65 46 89 90 47 40 58 95 12 64 32 71 24 18 22 87 82 0 64 20 98 30 97 91 33 96 21 52 65 89 91 46 92 3 19 52 20 12 12 31 23 63 34 100 62 43 48 67 78 40 57 94 92 95 73 29 92
61 29 9 52 96 64 85 3 34 57 9 94 27 68 94 41 67 81 98 31 78 95 52 25 11 46 58 40 38 54 29 26 98 55 43 53 79 77 92 44 34 25 11 52 4 8 80 71 43 35 90 98 64 36 98 74 53 1 53 76 64 0 92 99 29 72 80 49 58 25 24 42 3 7 68 42 21 61 26 70 47 1 11 60 29 37 84 84 87 85 27 82 97 46 4 16 9 6 59 82
58 95 85 94 77 76 39 84 27 85 61 1 72 25 39 97 21 93 45 20 95 92 40 14 100 38 8 97 39 82 20 30 69 24 9 80 59 20 64 27 95 54 10 82 56 94 46 23 3 93 89 27 31 2 52 93 67 58 98 20 20 92 0 50 96 25 82 35 26 11 100 54 13 1 89 40 60 60 95 66 55 52 5 74 52 43 85 12 57 76 2 32 83 70 84 77 52 41 47 74
78 53 12 31 67 52 88 64 56 49 87 33 32 57 93 4 42 84 37 55 48 1 23 2 75 9 20 95 15 92 19 2 36 44 97 81 97 42 93 10 19 3 29 86 8 61 7 55 11 82 90 35 39 97 21 92 86 45 88 66 98 99 50 0 2 13 61 45 35 7 30 95 99 74 73 50 32 51 37 39 54 77 52 77 26 48 45 32 17 26 69 83 48 35 13 73 69 38 8 79
77 91 75 22 18 30 6 54 22 61 80 62 18 84 58 29 12 1 38 29 13 100 92 54 88 72 74 25 46 78 1 21 56 47 44 58 20 88 96 17 15 24 68 52 39 62 60 16 71 41 66 88 49 58 40 12 18 69 31 74 30 29 96 2 0 26 19 78 87 84 7 27 21 57 5 46 89 36 74 53 23 33 15 68 98 68 32 97 46 62 54 16 97 60 72 95 74 21 36 97
35 74 47 1 76 25 71 4 2 12 89 67 44 83 63 97 12 97 98 2 61 19 24 91 41 28 78 51 100 5 71 2 54 33 20 47 33 41 23 29 56 91 68 9 27 48 26 32 73 9 23 97 25 17 4 82 43 77 6 8 97 72 25 13 26 0 93 43 75 38 55 19 66 93 53 94 15 89 52 72 74 90 93 85 46 73 50 34 32 89 72 95 94 31 27 48 22 71 82 49
98 75 48 64 66 90 17 21 73 87 73 31 22 1 84 97 66 52 93 58 33 9 41 72 77 90 85 11 75 17 9 28 11 93 31 74 9 65 76 3 51 85 3 84 11 86 3 56 69 56 72 10 24 22 20 1 31 91 46 88 91 80 82 61 19 93 0 68 22 14 100 36 81 35 47 60 82 58 56 57 99 48 76 94 36 91 82 74 19 89 17 98 36 76 67 15 4 45 54 87
95 90 7 41 75 69 63 7 87 36 8 23 98 12 32 60 19 45 1 98 44 2 19 7 72 41 93 77 7 42 49 29 87 37 69 67 78 27 54 25 70 70 32 62 20 37 55 54 71 6 50 17 2 47 44 30 28 11 21 85 33 49 35 45 78 43 68 0 92 15 20 67 11 91 90 64 1 54 19 45 15 62 28 17 70 60 38 87 33 49 25 71 49 93 43 80 46 77 65 94
87 47 21 8 81 43 79 51 9 6 12 89 96 18 34 70 57 100 26 87 77 2 81 64 84 6 25 100 6 3 57 28 100 34 9 31 28 63 73 29 86 46 24 89 32 47 66 46 54 92 7 79 95 77 69 43 41 31 11 58 96 58 26 35 87 75 22 92 0 5 55 39 8 68 44 67 81 38 49 37 77 29 64 24 23 83 44 86 53 96 10 32 32 45 9 7 32 92 54 34
57 39 94 89 62 58 72 18 36 29 26 46 37 64 37 43 75 13 81 89 76 47 68 98 32 14 41 34 63 29 36 33 69 93 89 11 11 83 42 94 64 10 36 85 91 45 63 54 44 15 37 90 6 62 47 9 67 9 83 92 21 25 11 7 84 38 14 15 5 0 8 38 16 95 2 13 56 7 21 85 52 71 69 69 4 6 10 77 57 28 57 44 24 23 91 97 60 99 36 89
50 85 44 12 84 77 19 76 11 45 43 74 83 38 5 84 27 84 84 6 55 77 30 65 34 53 26 80 38 84 4 8 20 1 82 19 79 93 69 46 15 71 59 79 10 3 90 89 9 31 95 66 34 21 69 61 69 60 50 11 52 24 100 30 7 55 100 20 55 8 0 15 61 83 90 89 71 19 84 92 73 32 10 82 90 18 62 89 69 30 99 84 49 24 46 64 58 22 90 77
67 65 44 45 52 79 79 6 11 84 9 33 40 50 72 95 55 6 32 72 69 61 28 55 92 54 12 79 85 79 98 43 94 70 5 36 73 78 93 68 41 20 43 76 6 31 83 86 89 41 22 93 54 93 95 5 76 57 72 26 65 42 54 95 27 19 36 67 39 38 15 0 50 52 24 14 26 50 9 66 70 86 56 29 79 65 67 76 45 51 52 97 62 32 94 11 34 77 33 7
51 68 38 82 87 25 47 80 23 13 56 80 44 39 17 25 54 47 89 60 93 82 47 46 49 82 94 37 75 30 18 40 37 91 57 35 59 50 39 53 12 98 38 32 60 86 4 23 47 44 55 96 50 28 37 49 78 6 54 96 89 3 13 99 21 66 81 11 8 16 61 50 0 60 40 53 6 54 33 14 8 58 62 56 37 54 91 22 62 67 19 13 30 71 58 6 18 67 59 67
16 63 64 49 81 7 8 65 64 34 34 79 72 46 43 93 11 48 98 33 22 14 4 59 97 78 77 29 36 72 96 50 100 50 15 4 69 92 61 1 30 31 91 44 40 28 50 62 47 94 25 64 19 79 30 31 32 22 72 62 91 7 1 74 57 93 35 91 68 95 83 52 60 0 18 15 66 41 94 66 63 55 80 76 47 48 81 2 24 97 8 40 93 71 97 32 71 87 18 25
6 33 26 58 98 92 43 32 87 91 80 68 19 81 28 1 30 54 73 76 61 54 81 17 93 16 24 76 78 64 91 97 5 40 59 33 93 64 56 27 94 1 28 59 48 80 14 43 83 51 54 54 29 38 27 66 100 32 64 95 46 68 89 73 5 53 47 90 44 2 90 24 40 18 0 35 14 25 96 73 97 99 36 32 10 2 26 38 12 23 41 30 96 43 88 84 64 33 79 99
93 80 97 47 76 19 1 97 86 21 28 87 30 87 8 43 60 14 92 54 97 96 30 27 19 78 85 39 10 14 8 88 53 46 7 22 31 50 27 28 13 17 34 32 83 21 79 75 62 89 57 2 56 76 90 74 63 43 4 66 92 42 40 50 46 94 60 64 67 13 89 14 53 15 35 0 45 34 86 59 72 90 36 39 61 45 78 30 97 17 52 25 82 50 32 96 35 99 17 96
100 11 90 52 57 14 62 44 5 70 11 68 94 54 96 91 12 60 49 4 43 92 42 17 13 42 95 56 100 69 44 6 53 48 20 9 16 73 33 72 48 93 30 7 41 67 14 72 98 42 81 91 38 6 66 53 76 66 83 98 3 21 60 32 89 15 82 1 81 56 71 26 6 66 14 45 0 34 4 100 85 39 65 30 6 5 33 62 92 2 72 38 33 8 64 27 48 31 57 47
67 32 85 46 12 25 82 33 8 10 49 34 57 25 55 44 88 65 97 42 88 57 27 77 37 20 64 14 25 30 2 28 76 73 5 91 92 87 30 52 56 43 1 43 4 21 22 61 14 57 50 70 86 9 63 20 61 94 61 59 19 61 60 51 36 89 58 54 38 7 19 50 54 41 25 34 34 0 41 14 86 91 9 3 30 39 17 51 30 21 91 47 99 88 93 25 13 7 14 33
6 86 24 3 31 96 15 79 50 62 86 20 6 80 50 40 20 37 63 73 77 19 29 49 17 83 93 13 65 17 47 49 48 24 77 6 69 34 14 66 15 43 29 26 65 49 32 66 26 98 27 96 38 99 85 29 35 23 57 39 52 26 95 37 74 52 56 19 49 21 84 9 33 94 96 86 4 41 0 88 3 56 58 89 66 68 88 90 59 56 68 17 2 4 40 93 93 47 30 80
15 47 77 79 47 92 99 78 52 32 49 73 75 29 74 87 15 89 85 60 8 64 69 75 6 77 22 38 85 6 100 91 2 12 90 47 94 61 52 28 60 61 58 47 97 79 91 35 38 6 43 35 29 45 82 87 55 63 16 17 20 70 66 39 53 72 57 45 37 85 92 66 14 66 73 59 100 14 88 0 49 7 58 60 65 99 93 37 83 10 16 44 61 12 31 8 64 82 84 28
44 97 42 13 33 52 15 54 19 39 3 49 97 12 97 85 84 95 15 75 13 69 49 82 27 78 14 62 24 54 90 84 52 15 75 12 89 70 38 20 70 20 3 74 24 33 33 8 54 24 36 6 53 5 89 38 47 1 92 91 12 47 55 54 23 74 99 15 77 52 73 70 8 63 97 72 85 86 3 49 0 47 85 81 63 69 89 91 17 38 7 19 23 3 72 10 99 31 91 84
24 41 40 76 82 97 100 84 56 26 96 89 66 8 94 16 60 83 56 60 91 17 58 18 57 94 2 82 67 91 9 16 7 54 16 8 99 62 6 88 50 40 54 64 97 46 65 36 57 84 80 40 65 100 77 2 81 8 33 88 12 1 52 77 33 90 48 62 29 71 32 86 58 55 99 90 39 91 56 7 47 0 100 43 78 95 9 46 66 77 51 22 55 1 9 43 80 89 3 1
88 62 51 85 34 37 80 86 75 80 91 3 45 15 71 40 51 48 57 34 11 35 37 31 91 17 70 29 41 82 66 70 13 74 88 14 88 79 51 67 72 31 9 69 6 78 63 39 50 72 97 97 75 49 84 1 62 17 87 26 31 11 5 52 15 93 76 28 64 69 10 56 62 80 36 36 65 9 58 58 85 100 0 38 91 25 16 21 65 59 30 81 97 97 86 100 70 25 74 61
59 98 64 95 56 39 19 42 34 33 1 72 75 75 43 20 22 54 58 41 82 10 38 43 40 6 50 75 27 6 9 77 51 24 64 17 41 10 54 65 14 27 39 78 89 69 31 37 90 72 74 31 15 59 97 58 38 16 25 51 23 60 74 77 68 85 94 17 24 69 82 29 56 76 32 39 30 3 89 60 81 43 38 0 11 85 80 50 70 50 84 19 41 2 92 40 56 89 90 50
8 83 15 31 29 8 18 92 36 47 1 98 57 42 3 87 74 84 18 11 28 43 71 66 30 14 76 72 84 99 70 49 47 95 7 5 37 94 38 84 83 53 79 14 32 40 55 49 78 82 77 6 27 81 89 1 55 89 95 75 63 29 52 26 98 46 36 70 23 4 90 79 37 47 10 61 6 30 66 65 63 78 91 11 0 33 27 40 41 87 90 39 64 49 79 13 56 98 26 30
28 92 84 42 35 9 6 46 79 7 29 8 61 98 32 97 51 45 39 49 45 5 23 15 99 8 27 58 57 34 55 41 75 95 50 94 84 78 20 83 60 19 6 6 78 90 41 42 92 11 80 92 73 9 69 58 90 20 56 53 34 37 43 48 68 73 91 60 83 6 18 65 54 48 2 45 5 39 68 99 69 95 25 85 33 0 59 48 77 51 44 14 54 93 63 69 98 53 48 60
72 63 84 6 19 59 17 45 39 74 61 51 91 76 97 61 68 1 70 45 2 94 32 97 55 92 59 52 24 74 2 6 82 34 46 26 14 64 69 2 96 31 29 99 29 50 92 51 73 21 92 89 17 88 98 5 56 91 50 76 100 84 85 45 32 50 82 38 44 10 62 67 91 81 26 78 33 17 88 93 89 9 16 80 27 59 0 94 31 24 80 73 71 38 98 46 100 33 60 3
39 55 54 71 64 3 59 67 42 53 60 22 68 16 8 14 97 93 96 85 68 44 2 7 39 2 8 94 81 41 55 10 73 40 27 62 20 69 70 9 41 98 96 26 68 76 2 89 50 100 84 21 32 94 29 59 94 36 15 10 62 84 12 32 97 34 74 87 86 77 89 76 22 2 38 30 62 51 90 37 91 46 21 50 40 48 94 0 26 85 14 94 79 85 97 10 85 51 57 98
12 40 48 95 65 25 9 44 4 49 64 20 15 67 67 38 26 20 58 43 8 62 87 6 7 57 35 34 69 66 35 20 10 60 94 83 36 52 100 97 54 30 38 72 48 30 38 85 50 21 34 91 52 24 79 4 89 73 96 28 43 87 57 17 46 32 19 33 53 57 69 45 62 24 12 97 92 30 59 83 17 66 65 70 41 77 31 26 0 57 60 98 43 35 74 36 97 52 93 57
79 69 15 89 100 39 26 83 70 60 41 16 56 67 55 21 94 2 11 34 67 54 46 80 52 72 73 90 19 96 79 54 15 89 79 56 95 89 39 81 4 59 37 33 1 48 1 16 84 89 3 81 22 93 6 9 68 91 18 89 48 85 76 26 62 89 89 49 96 28 30 51 67 97 23 17 2 21 56 10 38 77 59 50 87 51 24 85 57 0 48 68 76 91 66 92 20 63 60 71
37 14 79 96 72 43 87 50 70 50 6 19 18 30 13 65 14 49 7 38 95 28 39 96 76 98 58 14 98 4 96 10 38 31 61 54 60 72 74 37 62 47 30 54 87 60 28 57 32 3 72 69 52 77 22 86 65 74 64 73 67 27 2 69 54 72 17 25 10 57 99 52 19 8 41 52 72 91 68 16 7 51 30 84 90 44 80 14 60 48 0 60 94 75 61 95 50 30 94 39
71 76 16 49 78 74 94 83 83 87 96 60 8 78 58 4 38 25 73 65 95 7 87 84 26 20 52 21 58 97 31 88 42 72 45 35 99 58 37 3 62 12 80 40 67 70 35 8 13 9 76 78 42 12 44 31 21 69 14 29 78 82 32 83 16 95 98 71 32 44 84 97 13 40 30 25 38 47 17 44 19 22 81 19 39 14 73 94 98 68 60 0 89 97 59 95 86 97 65 4
41 11 73 86 56 85 96 67 14 45 68 53 55 53 48 10 6 25 18 2 84 90 2 20 3 68 99 56 42 1 50 46 75 69 84 50 40 22 76 2 1 65 18 4 28 25 42 69 85 93 20 13 16 48 4 98 5 49 35 53 40 97 83 48 97 94 36 49 32 24 49 62 30 93 96 82 33 99 2 61 23 55 97 41 64 54 71 79 43 76 94 89 0 89 80 68 69 50 62 15
76 48 63 73 74 51 62 96 36 58 70 59 9 41 34 95 20 37 14 45 86 61 98 2 20 27 56 57 41 60 23 60 3 79 3 48 47 31 64 96 43 9 35 99 64 25 14 93 26 27 15 90 27 39 95 16 44 29 77 17 57 46 70 35 60 31 76 93 45 23 24 32 71 71 43 50 8 88 4 12 3 1 97 2 49 93 38 85 35 91 75 97 89 0 58 5 22 92 9 41
59 48 93 24 62 100 70 65 91 90 42 85 9 62 28 50 51 89 32 51 91 77 3 27 88 28 27 20 48 97 74 94 93 60 41 49 37 47 100 100 31 12 41 94 72 24 95 84 2 81 91 85 27 29 62 42 86 53 32 84 94 4 84 13 72 27 67 43 9 91 46 94 58 97 88 32 64 93 40 31 72 9 86 92 79 63 98 97 74 66 61 59 80 58 0 74 74 53 92 8
74 94 49 62 39 84 46 19 100 58 92 18 6 74 31 29 93 56 23 39 79 24 80 42 33 96 68 22 72 81 47 11 73 35 23 11 30 66 66 16 76 17 79 52 11 63 62 70 99 9 52 87 66 100 76 87 79 29 64 23 92 16 77 73 95 48 15 80 7 97 64 11 6 32 84 96 27 25 93 8 10 43 100 40 13 69 46 10 36 92 95 95 68 5 74 0 55 17 91 33
27 91 85 69 88 20 80 96 15 31 40 69 98 37 16 23 9 38 73 33 57 70 67 37 26 84 79 24 2 2 88 12 44 91 62 76 55 26 21 95 54 26 89 24 61 20 54 89 9 95 10 36 77 67 52 66 96 29 98 100 95 9 52 69 74 22 4 46 32 60 58 34 18 71 64 35 48 13 93 64 99 80 70 56 56 98 100 85 97 20 50 86 69 22 74 55 0 29 15 98
2 87 80 19 61 91 36 24 11 32 61 39 38 48 60 31 18 22 97 68 39 27 32 57 51 95 79 58 11 94 78 2 79 63 23 68 70 22 61 64 44 87 86 46 23 27 88 31 58 6 14 98 36 80 66 95 63 51 30 18 73 6 41 38 21 71 45 77 92 99 22 77 67 87 33 99 31 7 47 82 31 89 25 89 98 53 33 51 52 63 30 97 50 92 53 17 29 0 35 80
20 99 49 14 53 57 48 26 64 68 72 51 49 3 87 34 63 19 61 94 69 92 85 76 74 25 59 84 20 62 72 34 44 88 26 71 4 17 29 91 94 97 55 7 79 99 3 66 35 56 28 82 61 15 21 6 61 78 100 5 29 59 47 8 36 82 54 65 54 36 90 33 59 18 79 17 57 14 30 84 91 3 74 90 26 48 60 57 93 60 94 65 62 9 92 91 15 35 0 65
92 73 7 79 12 7 83 12 31 1 16 28 96 11 27 47 33 28 57 79 37 1 86 22 22 56 40 55 80 62 97 99 14 69 59 45 77 31 81 38 54 65 65 21 53 62 76 25 78 86 51 1 27 58 46 58 48 65 47 17 92 82 74 79 97 49 87 94 34 89 77 7 67 25 99 96 47 33 80 28 84 1 61 50 30 60 3 98 57 71 39 4 15 41 8 33 98 80 65 0
