100
10
0 11 87 40 93 97 59 38 9 77 42 49 55 57 44 11 64 45 71 82 72 50 92 27 35 71 25 51 16 17 45 68 2 95 13 75 12 46 85 60 59 98 67 72 84 2 31 98 20 83 29 91 74 35 35 95 32 93 81 5 49 12 1 1 59 21 58 21 94 51 24 27 77 94 41 33 70 94 22 100 5 80 18 93 95 22 72 100 60 58 43 71 19 41 24 15 99 22 39 46
11 0 16 91 41 56 52 85 11 94 29 7 84 53 68 38 1 65 80 95 17 60 95 24 97 23 88 64 77 6 37 28 44 47 61 47 54 23 18 15 91 73 43 58 34 45 29 60 97 20 19 73 13 11 50 85 41 87 78 23 71 2 52 56 94 18 40 84 14 90 69 71 20 49 17 38 93 29 44 25 24 83 55 48 42 48 68 56 92 86 8 3 31 3 74 14 69 48 86 25
87 16 0 56 59 50 11 99 13 55 85 28 77 94 51 15 59 72 75 28 49 84 56 42 29 31 8 30 54 3 1 88 91 61 92 84 22 36 44 76 99 64 27 18 1 82 60 83 73 20 23 80 80 34 62 43 43 90 90 9 19 5 19 99 84 76 92 57 18 77 87 31 96 54 24 37 29 16 13 16 78 75 16 51 18 92 90 23 46 40 78 76 64 54 36 37 42 72 99 89
40 91 56 0 77 84 1 40 87 21 96 52 42 45 52 49 87 50 90 12 86 91 16 27 66 52 27 13 9 94 6 39 11 25 15 97 94 20 34 86 61 12 3 18 48 6 25 78 73 33 70 72 76 45 30 6 65 11 38 49 18 21 9 11 93 11 7 82 30 14 37 33 61 80 51 85 93 58 74 61 5 72 60 72 41 51 62 61 80 17 35 22 7 96 58 64 22 46 16 72
93 41 59 77 0 44 100 29 57 43 22 34 92 96 14 87 62 71 60 99 15 97 13 3 81 53 74 62 28 24 18 67 76 77 22 17 75 90 22 72 11 2 95 30 95 99 41 87 78 20 54 88 95 49 3 55 76 53 16 76 100 20 97 25 79 36 40 56 7 34 63 61 42 84 91 37 24 39 61 66 9 98 95 75 9 32 47 78 67 6 35 53 45 100 57 96 43 2 50 29
97 56 50 84 44 0 21 44 53 25 21 26 7 4 13 56 87 100 54 41 94 27 95 22 11 91 46 68 74 18 68 25 39 92 3 83 39 81 23 77 69 18 62 55 14 4 74 48 16 95 53 44 91 7 6 5 79 26 100 15 31 55 59 2 33 14 74 84 62 15 51 29 11 98 57 60 23 57 14 80 96 90 44 92 82 79 31 24 33 70 35 2 61 84 47 84 45 47 56 12
59 52 11 1 100 21 0 42 4 75 40 42 94 42 8 22 30 70 92 81 54 71 26 40 65 79 2 92 65 57 13 9 83 63 11 31 26 6 36 7 91 18 8 70 48 19 46 88 7 86 28 53 42 87 7 17 17 42 18 36 94 68 28 35 61 45 38 59 83 86 65 46 61 58 93 20 80 94 48 1 99 41 8 40 26 88 40 71 81 83 87 88 19 77 81 1 57 50 51 32
38 85 99 40 29 44 42 0 21 86 67 12 59 22 84 5 27 100 67 33 46 76 42 49 92 9 36 72 24 19 100 46 77 4 33 70 22 54 79 32 36 13 58 73 12 81 72 80 89 32 24 37 79 18 81 86 61 23 48 70 90 21 9 69 92 29 70 34 78 52 92 4 14 17 63 10 29 35 65 61 24 35 27 79 89 58 13 22 38 92 96 23 27 76 42 23 11 3 93 34
9 11 13 87 57 53 4 21 0 17 69 51 96 47 74 14 32 36 43 69 82 66 7 68 12 79 61 67 7 30 100 67 75 46 96 52 72 45 18 9 86 85 51 80 7 50 35 91 48 1 53 37 29 14 58 15 7 27 63 15 27 77 72 15 6 13 61 20 35 93 97 94 55 11 44 1 45 1 44 91 39 90 84 48 84 28 25 87 23 5 87 24 19 22 76 97 26 62 28 31
77 94 55 21 43 25 75 86 17 0 73 53 29 15 23 41 85 84 39 36 79 44 70 48 15 42 9 35 89 6 83 96 2 32 47 48 34 96 91 94 48 3 84 16 39 52 16 34 75 66 53 88 76 55 73 20 41 46 2 84 5 31 9 54 8 77 87 7 17 25 2 100 53 41 24 38 77 77 94 55 29 8 5 19 66 34 63 52 42 62 43 33 22 46 83 47 92 10 11 25
42 29 85 96 22 21 40 67 69 73 0 14 37 13 38 66 49 87 14 51 62 68 89 5 38 46 26 79 99 12 4 1 78 59 7 61 81 27 38 81 52 3 12 7 22 81 44 5 28 52 15 23 45 54 97 52 80 35 51 33 12 48 51 34 52 18 87 88 23 39 63 82 56 76 69 48 66 22 64 12 73 73 55 76 54 45 35 54 41 61 74 2 78 7 22 38 35 27 17 61
49 7 28 52 34 26 42 12 51 53 14 0 66 51 85 40 99 66 17 2 19 80 11 41 63 75 51 32 47 33 82 59 48 36 4 97 64 54 54 5 46 82 40 80 63 36 75 27 46 61 54 57 75 68 62 79 76 30 69 41 89 76 67 58 24 74 14 24 38 22 65 2 92 78 11 96 49 45 85 23 60 6 55 97 11 65 97 100 96 85 94 46 67 9 2 42 8 48 3 50
55 84 77 42 92 7 94 59 96 29 37 66 0 18 8 2 91 17 68 22 58 43 65 71 23 33 49 22 54 67 58 18 48 99 10 55 41 75 78 66 42 68 34 88 42 31 56 22 63 66 64 76 70 86 82 98 77 67 56 7 59 83 95 59 19 95 98 83 50 91 77 69 98 64 95 90 69 45 83 66 57 49 69 8 18 96 30 37 26 25 91 7 94 63 79 48 89 100 30 74
57 53 94 45 96 4 42 22 47 15 13 51 18 0 53 47 69 9 49 11 82 52 79 67 68 60 33 53 99 10 6 91 12 91 7 20 97 74 20 84 77 79 47 40 42 61 84 64 14 7 58 1 62 64 67 78 75 94 17 38 30 14 21 57 3 77 93 51 56 3 10 69 26 4 42 81 19 55 42 10 94 37 78 65 32 73 72 89 24 27 19 2 55 94 92 67 65 90 65 53
44 68 51 52 14 13 8 84 74 23 38 85 8 53 0 59 73 54 22 6 17 70 8 91 51 79 72 39 2 68 36 100 47 9 75 76 42 91 100 6 65 55 32 73 65 52 77 12 46 30 6 73 94 25 66 60 52 20 29 2 25 43 98 81 56 1 92 98 86 50 76 19 85 34 22 68 86 90 37 44 77 47 32 13 52 4 9 37 66 16 45 48 39 59 7 30 61 17 5 80
11 38 15 49 87 56 22 5 14 41 66 40 2 47 59 0 50 68 27 47 38 62 84 37 79 9 86 73 10 40 7 77 99 88 20 11 14 33 85 44 65 28 27 82 8 45 30 17 88 1 49 12 98 86 29 54 31 19 41 44 38 36 41 89 58 64 23 47 50 74 17 12 90 21 7 31 53 13 35 62 45 10 36 83 95 53 68 81 10 6 90 41 98 39 4 59 66 14 80 79
64 1 59 87 62 87 30 27 32 85 49 99 91 69 73 50 0 68 76 90 53 31 54 90 89 96 24 80 90 49 60 86 95 88 17 45 87 16 97 52 13 79 84 69 100 24 38 25 15 34 69 73 88 71 1 41 61 8 14 80 93 34 43 32 17 25 99 21 24 10 11 14 33 50 78 78 99 71 2 20 32 98 85 36 74 77 49 1 81 48 20 2 67 76 51 94 47 91 65 19
45 65 72 50 71 100 70 100 36 84 87 66 17 9 54 68 68 0 13 94 79 61 100 40 34 96 95 40 15 79 17 53 4 90 27 37 19 65 52 33 59 39 96 15 65 82 66 75 2 42 87 60 38 23 56 57 58 52 74 81 50 39 9 73 86 46 7 32 42 43 93 85 49 96 9 63 85 44 89 32 16 71 76 38 55 49 99 6 43 99 54 94 83 21 31 48 53 11 48 79
71 80 75 90 60 54 92 67 43 39 14 17 68 49 22 27 76 13 0 2 51 78 78 30 9 83 58 4 12 36 86 2 44 71 74 54 30 20 40 78 39 87 57 66 42 50 88 20 57 28 36 54 91 43 91 45 15 17 32 5 3 7 80 86 35 69 74 66 97 43 75 67 99 84 90 33 39 95 89 13 94 41 39 36 52 95 7 52 16 86 53 44 86 6 65 9 6 78 99 15
82 95 28 12 99 41 81 33 69 36 51 2 22 11 6 47 90 94 2 0 74 64 57 48 74 27 5 12 24 4 96 38 22 48 100 88 92 15 8 44 39 89 51 43 4 61 30 47 9 89 92 50 95 63 40 98 50 43 50 15 32 16 2 17 5 58 28 39 20 57 19 42 77 7 32 21 41 11 96 15 19 19 56 55 43 84 86 50 33 19 91 72 38 46 13 81 5 60 36 76
72 17 49 86 15 94 54 46 82 79 62 19 58 82 17 38 53 79 51 74 0 80 34 9 96 22 82 15 28 67 6 32 100 91 14 97 5 17 9 73 95 64 76 87 38 26 54 66 90 54 55 78 7 88 100 50 24 2 35 35 80 26 25 43 65 49 7 56 61 86 25 85 45 44 31 75 56 87 41 79 41 52 82 6 84 11 5 43 38 89 46 45 97 49 2 23 24 10 98 65
50 60 84 91 97 27 71 76 66 44 68 80 43 52 70 62 31 61 78 64 80 0 83 33 86 9 65 89 87 67 15 14 48 19 56 3 6 98 32 67 98 90 64 58 57 92 54 13 33 58 90 97 81 36 15 8 64 78 12 3 65 95 100 27 42 14 15 83 14 84 83 24 52 15 95 82 100 99 7 52 64 38 69 58 33 91 44 2 55 28 64 99 56 22 81 88 53 83 86 39
92 95 56 16 13 95 26 42 7 70 89 11 65 79 8 84 54 100 78 57 34 83 0 34 10 97 39 49 49 49 100 15 61 90 72 63 80 33 76 86 98 13 69 69 95 77 31 19 48 83 97 80 35 26 49 3 77 41 83 40 29 58 81 75 63 70 81 63 51 57 69 35 54 87 26 13 60 5 38 45 76 69 97 50 59 97 74 32 28 8 60 100 88 88 59 92 47 31 30 4
27 24 42 27 3 22 40 49 68 48 5 41 71 67 91 37 90 40 30 48 9 33 34 0 44 30 97 44 78 60 57 6 15 67 53 69 30 94 37 88 23 100 96 19 61 100 97 44 36 10 87 62 48 26 11 78 68 45 10 68 62 30 37 72 83 40 11 98 51 88 93 7 11 82 61 21 80 19 32 30 6 75 10 80 24 49 41 19 92 9 26 12 65 17 44 16 67 66 24 99
35 97 29 66 81 11 65 92 12 15 38 63 23 68 51 79 89 34 9 74 96 86 10 44 0 41 94 73 11 7 35 74 86 31 69 58 37 76 30 54 83 30 19 52 16 75 54 19 31 46 3 10 91 64 3 11 32 41 62 41 16 17 8 42 57 85 19 48 59 8 78 79 82 12 23 92 34 71 99 17 15 28 51 67 79 61 52 84 53 17 89 11 25 37 79 90 32 64 23 53
71 23 31 52 53 91 79 9 79 42 46 75 33 60 79 9 96 96 83 27 22 9 97 30 41 0 11 17 13 55 50 92 67 15 67 40 86 64 24 38 47 16 18 75 20 60 42 68 49 45 40 14 49 66 1 84 1 23 9 82 7 28 54 88 76 61 87 6 26 85 55 9 16 83 86 96 54 79 50 33 38 99 54 59 71 64 91 65 68 86 96 62 98 1 32 80 96 58 98 2
25 88 8 27 74 46 2 36 61 9 26 51 49 33 72 86 24 95 58 5 82 65 39 97 94 11 0 91 42 1 70 14 32 80 84 33 30 32 30 17 31 53 29 71 39 4 32 83 40 2 35 26 12 18 85 60 1 56 4 14 89 51 54 11 5 20 75 90 59 34 66 49 66 41 92 51 22 35 66 76 91 74 72 39 65 53 58 25 39 49 52 2 41 43 24 52 5 8 95 41
51 64 30 13 62 68 92 72 67 35 79 32 22 53 39 73 80 40 4 12 15 89 49 44 73 17 91 0 77 97 46 3 54 18 53 18 46 61 27 11 5 69 26 4 80 12 87 93 41 91 72 18 69 67 60 56 39 55 38 56 42 49 86 7 5 3 99 86 20 36 66 20 29 70 40 9 54 60 70 68 5 3 9 51 82 25 85 37 47 91 14 22 90 29 36 9 52 12 43 34
16 77 54 9 28 74 65 24 7 89 99 47 54 99 2 10 90 15 12 24 28 87 49 78 11 13 42 77 0 58 33 50 62 59 48 26 82 32 96 46 47 85 93 67 54 64 48 48 39 89 33 43 100 61 54 33 49 74 84 87 70 93 42 45 23 90 18 81 66 2 47 20 19 35 73 32 36 84 85 96 86 6 8 96 76 72 24 16 87 86 98 96 90 49 40 86 16 6 80 97
17 6 3 94 24 18 57 19 30 6 12 33 67 10 68 40 49 79 36 4 67 67 49 60 7 55 1 97 58 0 84 77 83 93 51 4 26 42 32 12 92 22 19 19 65 83 64 4 90 67 18 13 95 27 20 43 44 32 44 99 18 10 75 30 20 65 75 95 97 33 15 67 54 66 37 81 80 2 97 18 91 50 70 74 16 92 99 83 36 77 7 78 25 97 32 11 91 76 21 80
45 37 1 6 18 68 13 100 100 83 4 82 58 6 36 7 60 17 86 96 6 15 100 57 35 50 70 46 33 84 0 16 57 20 12 45 20 75 64 63 76 36 57 73 46 27 96 49 74 85 49 18 82 74 93 80 87 15 32 30 17 60 67 26 1 96 39 51 92 33 32 69 44 58 40 30 98 72 69 63 32 14 74 56 96 96 93 58 64 70 27 28 13 63 9 26 88 27 38 93
68 28 88 39 67 25 9 46 67 96 1 59 18 91 100 77 86 53 2 38 32 14 15 6 74 92 14 3 50 77 16 0 61 74 66 52 34 46 26 52 37 18 75 81 5 8 54 4 56 52 19 19 31 57 84 92 54 46 78 90 40 56 57 62 70 54 9 8 93 95 94 47 70 37 65 17 60 71 38 98 1 33 85 41 49 10 70 65 5 93 40 79 32 14 65 50 86 7 98 17
2 44 91 11 76 39 83 77 75 2 78 48 48 12 47 99 95 4 44 22 100 48 61 15 86 67 32 54 62 83 57 61 0 52 7 76 36 37 30 92 27 89 36 75 65 64 42 93 72 86 2 13 38 60 69 45 61 76 89 40 5 38 22 35 54 28 5 30 51 85 70 48 47 92 3 39 40 58 9 28 74 7 47 74 43 67 57 81 77 8 66 4 95 76 12 10 76 77 30 91
95 47 61 25 77 92 63 4 46 32 59 36 99 91 9 88 88 90 71 48 91 19 90 67 31 15 80 18 59 93 20 74 52 0 30 49 74 3 86 87 68 50 77 6 12 50 39 78 67 31 95 22 68 62 15 39 89 1 91 82 25 98 86 79 57 19 14 87 12 35 45 52 54 70 20 97 90 59 58 24 27 55 26 31 40 21 53 84 64 59 35 28 56 63 89 3 51 98 90 74
13 61 92 15 22 3 11 33 96 47 7 4 10 7 75 20 17 27 74 100 14 56 72 53 69 67 84 53 48 51 12 66 7 30 0 94 88 48 35 93 3 40 88 57 7 57 91 41 82 27 11 39 10 79 85 65 92 41 51 26 73 46 49 18 67 76 32 83 25 80 82 70 99 71 30 73 99 63 70 82 22 28 82 57 1 94 62 92 48 12 9 29 41 29 50 18 56 32 66 91
75 47 84 97 17 83 31 70 52 48 61 97 55 20 76 11 45 37 54 88 97 3 63 69 58 40 33 18 26 4 45 52 76 49 94 0 74 22 5 15 35 70 38 2 64 93 49 9 80 48 89 92 13 47 25 72 57 61 54 50 37 5 88 29 80 71 95 19 69 91 75 95 50 73 3 9 64 68 76 91 23 45 9 53 95 53 24 80 59 91 66 41 18 45 48 28 8 31 78 60
12 54 22 94 75 39 26 22 72 34 81 64 41 97 42 14 87 19 30 92 5 6 80 30 37 86 30 46 82 26 20 34 36 74 88 74 0 92 61 23 92 27 87 65 67 91 89 33 67 65 14 56 3 66 50 97 32 61 95 22 86 73 67 31 26 70 5 52 82 61 96 7 84 40 64 27 29 41 52 42 63 34 99 83 54 82 65 82 17 75 77 48 2 48 77 75 85 80 44 20
46 23 36 20 90 81 6 54 45 96 27 54 75 74 91 33 16 65 20 15 17 98 33 94 76 64 32 61 32 42 75 46 37 3 48 22 92 0 11 69 17 13 28 52 17 52 63 49 50 40 81 51 95 50 22 78 24 11 48 59 1 95 62 14 79 49 68 83 62 52 22 59 20 22 9 3 72 31 88 41 84 67 1 37 7 41 21 28 63 76 73 4 27 15 47 75 56 92 49 23
85 18 44 34 22 23 36 79 18 91 38 54 78 20 100 85 97 52 40 8 9 32 76 37 30 24 30 27 96 32 64 26 30 86 35 5 61 11 0 1 34 97 94 21 9 1 94 13 15 84 21 24 9 44 64 56 20 70 95 18 79 92 52 49 25 20 96 2 27 51 80 85 97 85 24 11 77 34 20 6 21 9 7 72 32 54 8 5 79 91 27 59 13 47 70 9 33 93 58 86
60 15 76 86 72 77 7 32 9 94 81 5 66 84 6 44 52 33 78 44 73 67 86 88 54 38 17 11 46 12 63 52 92 87 93 15 23 69 1 0 39 63 82 54 73 44 7 56 59 34 45 1 56 58 87 67 93 37 92 81 83 3 47 91 97 63 31 89 28 35 55 3 67 18 22 42 91 62 14 46 42 27 42 33 75 13 58 86 99 82 40 9 88 9 7 81 72 27 56 90
59 91 99 61 11 69 91 36 86 48 52 46 42 77 65 65 13 59 39 39 95 98 98 23 83 47 31 5 47 92 76 37 27 68 3 35 92 17 34 39 0 57 43 15 43 47 48 6 70 39 92 54 50 78 41 79 9 29 6 89 47 71 71 60 100 3 85 1 66 88 71 50 13 88 88 56 23 50 10 30 7 4 90 46 92 91 46 71 25 66 37 55 77 93 32 77 57 63 8 24
98 73 64 12 2 18 18 13 85 3 3 82 68 79 55 28 79 39 87 89 64 90 13 100 30 16 53 69 85 22 36 18 89 50 40 70 27 13 97 63 57 0 8 91 32 21 38 87 5 20 93 33 5 65 64 44 15 51 45 8 94 2 71 16 5 94 81 10 19 57 44 31 33 21 35 11 39 63 24 49 93 40 14 71 73 29 6 62 71 88 78 33 19 77 88 41 72 83 77 73
67 43 27 3 95 62 8 58 51 84 12 40 34 47 32 27 84 96 57 51 76 64 69 96 19 18 29 26 93 19 57 75 36 77 88 38 87 28 94 82 43 8 0 80 53 28 73 58 75 33 75 62 94 60 52 67 83 59 64 74 65 62 88 26 19 71 80 76 86 54 39 99 13 6 79 39 23 84 79 21 18 75 83 45 61 42 59 70 85 27 94 70 74 48 55 84 24 62 64 17
72 58 18 18 30 55 70 73 80 16 7 80 88 40 73 82 69 15 66 43 87 58 69 19 52 75 71 4 67 19 73 81 75 6 57 2 65 52 21 54 15 91 80 0 52 32 77 63 79 10 85 93 11 83 84 88 84 69 6 58 82 92 70 57 78 20 12 74 57 8 66 38 96 69 68 56 93 94 13 98 64 9 26 56 69 48 79 6 6 90 65 21 75 11 17 5 21 31 76 66
84 34 1 48 95 14 48 12 7 39 22 63 42 42 65 8 100 65 42 4 38 57 95 61 16 20 39 80 54 65 46 5 65 12 7 64 67 17 9 73 43 32 53 52 0 63 33 32 63 27 78 68 62 12 17 49 30 6 2 68 2 21 67 42 80 92 18 39 50 35 27 39 77 23 10 17 13 28 70 95 6 25 62 50 30 22 80 62 81 33 81 83 46 77 10 44 40 44 31 24
2 45 82 6 99 4 19 81 50 52 81 36 31 61 52 45 24 82 50 61 26 92 77 100 75 60 4 12 64 83 27 8 64 50 57 93 91 52 1 44 47 21 28 32 63 0 74 56 37 29 76 38 44 1 7 70 24 19 30 87 96 89 64 85 72 39 20 1 86 84 55 97 53 25 27 68 10 37 2 68 5 20 72 89 24 98 43 61 92 79 17 80 92 3 3 42 65 11 74 34
31 29 60 25 41 74 46 72 35 16 44 75 56 84 77 30 38 66 88 30 54 54 31 97 54 42 32 87 48 64 96 54 42 39 91 49 89 63 94 7 48 38 73 77 33 74 0 76 37 2 82 77 57 27 9 51 50 45 21 1 57 57 65 79 53 45 54 49 65 92 91 43 76 32 78 62 74 23 8 91 38 13 68 75 97 31 44 44 10 67 74 12 95 4 65 43 2 88 78 24
98 60 83 78 87 48 88 80 91 34 5 27 22 64 12 17 25 75 20 47 66 13 19 44 19 68 83 93 48 4 49 4 93 78 41 9 33 49 13 56 6 87 58 63 32 56 76 0 85 26 73 83 32 30 45 20 6 20 88 69 48 24 1 15 87 90 11 72 80 16 51 99 45 53 46 51 27 22 59 94 66 5 85 85 53 55 56 98 24 74 10 49 69 75 51 12 76 18 20 19
20 97 73 73 78 16 7 89 48 75 28 46 63 14 46 88 15 2 57 9 90 33 48 36 31 49 40 41 39 90 74 56 72 67 82 80 67 50 15 59 70 5 75 79 63 37 37 85 0 53 45 2 87 33 4 29 75 49 92 73 56 9 30 97 29 80 18 99 55 94 16 78 62 18 36 18 84 39 2 80 63 87 64 82 23 68 43 98 75 36 96 76 38 70 73 66 91 52 2 35
83 20 20 33 20 95 86 32 1 66 52 61 66 7 30 1 34 42 28 89 54 58 83 10 46 45 2 91 89 67 85 52 86 31 27 48 65 40 84 34 39 20 33 10 27 29 2 26 53 0 15 92 23 93 1 54 7 96 66 2 62 68 79 17 11 21 91 100 93 52 23 83 28 46 28 76 45 29 29 67 47 2 48 13 28 40 16 42 78 84 19 47 19 67 23 32 53 27 88 10
29 19 23 70 54 53 28 24 53 53 15 54 64 58 6 49 69 87 36 92 55 90 97 87 3 40 35 72 33 18 49 19 2 95 11 89 14 81 21 45 92 93 75 85 78 76 82 73 45 15 0 46 2 49 37 100 39 64 16 98 24 43 100 2 53 18 36 96 41 44 66 13 95 30 44 24 45 79 3 75 48 78 39 75 46 57 64 78 8 90 10 39 58 94 86 38 46 93 45 3
91 73 80 72 88 44 53 37 37 88 23 57 76 1 73 12 73 60 54 50 78 97 80 62 10 14 26 18 43 13 18 19 13 22 39 92 56 51 24 1 54 33 62 93 68 38 77 83 2 92 46 0 29 28 67 99 74 29 85 89 25 76 97 4 91 82 18 31 97 29 74 49 60 28 42 93 14 26 83 51 68 66 33 34 69 22 6 78 30 26 35 65 28 10 36 47 16 11 93 9
74 13 80 76 95 91 42 79 29 76 45 75 70 62 94 98 88 38 91 95 7 81 35 48 91 49 12 69 100 95 82 31 38 68 10 13 3 95 9 56 50 5 94 11 62 44 57 32 87 23 2 29 0 62 11 90 35 75 34 73 1 2 97 57 72 31 44 16 6 71 71 61 35 66 70 44 51 46 4 38 36 20 3 31 56 68 80 12 44 86 6 9 53 37 23 24 23 42 49 14
35 11 34 45 49 7 87 18 14 55 54 68 86 64 25 86 71 23 43 63 88 36 26 26 64 66 18 67 61 27 74 57 60 62 79 47 66 50 44 58 78 65 60 83 12 1 27 30 33 93 49 28 62 0 10 47 78 22 12 22 17 52 54 24 76 34 94 15 67 2 9 12 77 1 66 37 82 10 3 34 75 18 92 9 49 87 17 24 38 52 72 78 60 45 10 1 18 84 32 61
35 50 62 30 3 6 7 81 58 73 97 62 82 67 66 29 1 56 91 40 100 15 49 11 3 1 85 60 54 20 93 84 69 15 85 25 50 22 64 87 41 64 52 84 17 7 9 45 4 1 37 67 11 10 0 14 62 33 67 64 19 20 43 83 20 19 100 97 83 62 90 70 39 87 34 93 57 86 13 76 88 28 89 36 35 83 83 82 93 67 71 36 83 12 48 89 43 66 66 21
95 85 43 6 55 5 17 86 15 20 52 79 98 78 60 54 41 57 45 98 50 8 3 78 11 84 60 56 33 43 80 92 45 39 65 72 97 78 56 67 79 44 67 88 49 70 51 20 29 54 100 99 90 47 14 0 48 95 16 14 43 3 19 11 31 22 95 3 7 64 88 85 73 4 28 45 68 27 30 77 25 64 92 20 84 48 97 44 54 95 88 93 36 57 5 84 19 76 45 86
32 41 43 65 76 79 17 61 7 41 80 76 77 75 52 31 61 58 15 50 24 64 77 68 32 1 1 39 49 44 87 54 61 89 92 57 32 24 20 93 9 15 83 84 30 24 50 6 75 7 39 74 35 78 62 48 0 61 81 10 91 76 22 22 49 100 93 55 7 21 46 10 37 28 41 92 67 25 57 70 35 35 4 38 90 40 10 22 43 32 61 79 81 41 77 7 44 56 20 22
93 87 90 11 53 26 42 23 27 46 35 30 67 94 20 19 8 52 17 43 2 78 41 45 41 23 56 55 74 32 15 46 76 1 41 61 61 11 70 37 29 51 59 69 6 19 45 20 49 96 64 29 75 22 33 95 61 0 92 83 62 94 88 95 78 66 74 86 93 59 45 50 6 46 67 81 4 58 41 12 87 74 35 56 60 57 50 7 66 65 44 56 79 99 27 26 41 77 41 15
81 78 90 38 16 100 18 48 63 2 51 69 56 17 29 41 14 74 32 50 35 12 83 10 62 9 4 38 84 44 32 78 89 91 51 54 95 48 95 92 6 45 64 6 2 30 21 88 92 66 16 85 34 12 67 16 81 92 0 60 18 61 39 38 87 94 64 1 33 54 88 15 75 89 34 38 100 52 67 91 10 74 95 29 21 44 47 58 39 34 81 66 91 27 19 12 29 61 58 39
5 23 9 49 76 15 36 70 15 84 33 41 7 38 2 44 80 81 5 15 35 3 40 68 41 82 14 56 87 99 30 90 40 82 26 50 22 59 18 81 89 8 74 58 68 87 1 69 73 2 98 89 73 22 64 14 10 83 60 0 79 60 65 72 71 64 91 85 17 83 28 69 46 67 81 96 12 44 75 90 53 28 28 17 30 39 92 81 1 70 56 99 32 92 94 22 47 13 57 54
49 71 19 18 100 31 94 90 27 5 12 89 59 30 25 38 93 50 3 32 80 65 29 62 16 7 89 42 70 18 17 40 5 25 73 37 86 1 79 83 47 94 65 82 2 96 57 48 56 62 24 25 1 17 19 43 91 62 18 79 0 33 86 5 10 52 20 13 41 4 43 80 14 86 76 13 33 97 34 22 19 15 42 99 62 42 64 24 7 66 6 4 68 50 77 80 5 95 54 80
12 2 5 21 20 55 68 21 77 31 48 76 83 14 43 36 34 39 7 16 26 95 58 30 17 28 51 49 93 10 60 56 38 98 46 5 73 95 92 3 71 2 62 92 21 89 57 24 9 68 43 76 2 52 20 3 76 94 61 60 33 0 94 58 62 58 78 16 100 54 100 77 21 70 67 94 51 93 69 76 48 64 43 28 7 27 76 29 38 67 21 29 13 100 71 55 11 22 68 28
1 52 19 9 97 59 28 9 72 9 51 67 95 21 98 41 43 9 80 2 25 100 81 37 8 54 54 86 42 75 67 57 22 86 49 88 67 62 52 47 71 71 88 70 67 64 65 1 30 79 100 97 97 54 43 19 22 88 39 65 86 94 0 73 82 70 63 46 59 51 38 18 58 61 12 100 22 3 35 56 35 64 9 97 56 72 80 68 35 72 97 42 57 14 80 21 33 25 39 16
1 56 99 11 25 2 35 69 15 54 34 58 59 57 81 89 32 73 86 17 43 27 75 72 42 88 11 7 45 30 26 62 35 79 18 29 31 14 49 91 60 16 26 57 42 85 79 15 97 17 2 4 57 24 83 11 22 95 38 72 5 58 73 0 22 43 69 62 17 90 55 45 33 18 32 58 67 96 5 19 73 38 16 93 16 85 30 13 5 97 7 13 24 80 45 92 37 81 62 83
59 94 84 93 79 33 61 92 6 8 52 24 19 3 56 58 17 86 35 5 65 42 63 83 57 76 5 5 23 20 1 70 54 57 67 80 26 79 25 97 100 5 19 78 80 72 53 87 29 11 53 91 72 76 20 31 49 78 87 71 10 62 82 22 0 28 25 91 21 26 3 19 68 85 69 80 82 73 44 88 6 65 20 15 57 8 83 66 97 12 71 38 50 63 18 87 17 38 97 66
21 18 76 11 36 14 45 29 13 77 18 74 95 77 1 64 25 46 69 58 49 14 70 40 85 61 20 3 90 65 96 54 28 19 76 71 70 49 20 63 3 94 71 20 92 39 45 90 80 21 18 82 31 34 19 22 100 66 94 64 52 58 70 43 28 0 69 22 74 81 60 21 17 72 79 95 36 74 18 61 63 45 93 40 28 11 99 31 57 32 64 61 27 39 48 56 15 5 35 75
58 40 92 7 40 74 38 70 61 87 87 14 98 93 92 23 99 7 74 28 7 15 81 11 19 87 75 99 18 75 39 9 5 14 32 95 5 68 96 31 85 81 80 12 18 20 54 11 18 91 36 18 44 94 100 95 93 74 64 91 20 78 63 69 25 69 0 5 48 70 99 44 88 63 44 35 24 100 39 86 45 29 25 16 61 37 25 18 52 24 27 66 95 75 44 74 32 16 16 22
21 84 57 82 56 84 59 34 20 7 88 24 83 51 98 47 21 32 66 39 56 83 63 98 48 6 90 86 81 95 51 8 30 87 83 19 52 83 2 89 1 10 76 74 39 1 49 72 99 100 96 31 16 15 97 3 55 86 1 85 13 16 46 62 91 22 5 0 8 31 55 40 18 75 26 58 38 46 38 66 19 49 7 23 48 44 100 26 80 20 31 58 22 41 28 86 34 96 93 20
94 14 18 30 7 62 83 78 35 17 23 38 50 56 86 50 24 42 97 20 61 14 51 51 59 26 59 20 66 97 92 93 51 12 25 69 82 62 27 28 66 19 86 57 50 86 65 80 55 93 41 97 6 67 83 7 7 93 33 17 41 100 59 17 21 74 48 8 0 85 9 64 90 65 74 18 39 71 55 95 22 6 99 57 80 2 62 87 100 40 5 45 82 88 36 87 60 64 47 89
51 90 77 14 34 15 86 52 93 25 39 22 91 3 50 74 10 43 43 57 86 84 57 88 8 85 34 36 2 33 33 95 85 35 80 91 61 52 51 35 88 57 54 8 35 84 92 16 94 52 44 29 71 2 62 64 21 59 54 83 4 54 51 90 26 81 70 31 85 0 78 12 59 28 21 48 59 49 89 50 51 96 48 34 69 10 45 81 20 79 74 93 53 39 66 42 59 63 35 61
24 69 87 37 63 51 65 92 97 2 63 65 77 10 76 17 11 93 75 19 25 83 69 93 78 55 66 66 47 15 32 94 70 45 82 75 96 22 80 55 71 44 39 66 27 55 91 51 16 23 66 74 71 9 90 88 46 45 88 28 43 100 38 55 3 60 99 55 9 78 0 65 53 81 28 25 94 26 78 33 32 12 60 70 89 39 15 39 39 61 73 87 43 34 50 37 75 99 56 92
27 71 31 33 61 29 46 4 94 100 82 2 69 69 19 12 14 85 67 42 85 24 35 7 79 9 49 20 20 67 69 47 48 52 70 95 7 59 85 3 50 31 99 38 39 97 43 99 78 83 13 49 61 12 70 85 10 50 15 69 80 77 18 45 19 21 44 40 64 12 65 0 58 81 57 73 38 52 22 67 12 72 22 14 38 75 3 46 8 37 60 5 52 96 69 57 68 25 78 46
77 20 96 61 42 11 61 14 55 53 56 92 98 26 85 90 33 49 99 77 45 52 54 11 82 16 66 29 19 54 44 70 47 54 99 50 84 20 97 67 13 33 13 96 77 53 76 45 62 28 95 60 35 77 39 73 37 6 75 46 14 21 58 33 68 17 88 18 90 59 53 58 0 12 63 10 83 20 40 32 49 86 62 44 72 67 82 90 62 71 10 41 90 34 67 80 55 26 21 15
94 49 54 80 84 98 58 17 11 41 76 78 64 4 34 21 50 96 84 7 44 15 87 82 12 83 41 70 35 66 58 37 92 70 71 73 40 22 85 18 88 21 6 69 23 25 32 53 18 46 30 28 66 1 87 4 28 46 89 67 86 70 61 18 85 72 63 75 65 28 81 81 12 0 37 94 91 53 100 83 61 71 98 80 41 100 75 24 2 90 35 34 3 66 67 46 56 85 5 56
41 17 24 51 91 57 93 63 44 24 69 11 95 42 22 7 78 9 90 32 31 95 26 61 23 86 92 40 73 37 40 65 3 20 30 3 64 9 24 22 88 35 79 68 10 27 78 46 36 28 44 42 70 66 34 28 41 67 34 81 76 67 12 32 69 79 44 26 74 21 28 57 63 37 0 56 94 38 96 100 50 6 17 54 64 43 36 39 14 40 60 21 62 91 8 15 90 9 40 10
33 38 37 85 37 60 20 10 1 38 48 96 90 81 68 31 78 63 33 21 75 82 13 21 92 96 51 9 32 81 30 17 39 97 73 9 27 3 11 42 56 11 39 56 17 68 62 51 18 76 24 93 44 37 93 45 92 81 38 96 13 94 100 58 80 95 35 58 18 48 25 73 10 94 56 0 54 42 9 50 55 37 88 80 58 67 72 100 90 52 81 92 46 36 81 32 3 33 71 56
70 93 29 93 24 23 80 29 45 77 66 49 69 19 86 53 99 85 39 41 56 100 60 80 34 54 22 54 36 80 98 60 40 90 99 64 29 72 77 91 23 39 23 93 13 10 74 27 84 45 45 14 51 82 57 68 67 4 100 12 33 51 22 67 82 36 24 38 39 59 94 38 83 91 94 54 0 65 52 1 78 39 40 37 42 63 18 42 14 57 28 24 74 86 66 53 84 30 21 32
94 29 16 58 39 57 94 35 1 77 22 45 45 55 90 13 71 44 95 11 87 99 5 19 71 79 35 60 84 2 72 71 58 59 63 68 41 31 34 62 50 63 84 94 28 37 23 22 39 29 79 26 46 10 86 27 25 58 52 44 97 93 3 96 73 74 100 46 71 49 26 52 20 53 38 42 65 0 11 35 62 11 43 34 31 14 37 90 46 16 93 97 31 12 21 13 83 34 53 26
22 44 13 74 61 14 48 65 44 94 64 85 83 42 37 35 2 89 89 96 41 7 38 32 99 50 66 70 85 97 69 38 9 58 70 76 52 88 20 14 10 24 79 13 70 2 8 59 2 29 3 83 4 3 13 30 57 41 67 75 34 69 35 5 44 18 39 38 55 89 78 22 40 100 96 9 52 11 0 52 83 86 24 100 22 81 49 6 94 77 1 18 5 72 57 5 75 83 97 75
100 25 16 61 66 80 1 61 91 55 12 23 66 10 44 62 20 32 13 15 79 52 45 30 17 33 76 68 96 18 63 98 28 24 82 91 42 41 6 46 30 49 21 98 95 68 91 94 80 67 75 51 38 34 76 77 70 12 91 90 22 76 56 19 88 61 86 66 95 50 33 67 32 83 100 50 1 35 52 0 55 80 23 11 1 57 42 38 37 95 65 69 89 76 32 6 28 36 99 33
5 24 78 5 9 96 99 24 39 29 73 60 57 94 77 45 32 16 94 19 41 64 76 6 15 38 91 5 86 91 32 1 74 27 22 23 63 84 21 42 7 93 18 64 6 5 38 66 63 47 48 68 36 75 88 25 35 87 10 53 19 48 35 73 6 63 45 19 22 51 32 12 49 61 50 55 78 62 83 55 0 1 32 70 60 65 28 54 26 15 97 7 65 11 75 14 13 57 91 50
80 83 75 72 98 90 41 35 90 8 73 6 49 37 47 10 98 71 41 19 52 38 69 75 28 99 74 3 6 50 14 33 7 55 28 45 34 67 9 27 4 40 75 9 25 20 13 5 87 2 78 66 20 18 28 64 35 74 74 28 15 64 64 38 65 45 29 49 6 96 12 72 86 71 6 37 39 11 86 80 1 0 58 6 38 26 53 92 49 5 77 39 96 55 71 73 49 24 29 20
18 55 16 60 95 44 8 27 84 5 55 55 69 78 32 36 85 76 39 56 82 69 97 10 51 54 72 9 8 70 74 85 47 26 82 9 99 1 7 42 90 14 83 26 62 72 68 85 64 48 39 33 3 92 89 92 4 35 95 28 42 43 9 16 20 93 25 7 99 48 60 22 62 98 17 88 40 43 24 23 32 58 0 7 30 28 25 4 5 83 60 70 62 54 64 85 39 23 69 54
93 48 51 72 75 92 40 79 48 19 76 97 8 65 13 83 36 38 36 55 6 58 50 80 67 59 39 51 96 74 56 41 74 31 57 53 83 37 72 33 46 71 45 56 50 89 75 85 82 13 75 34 31 9 36 20 38 56 29 17 99 28 97 93 15 40 16 23 57 34 70 14 44 80 54 80 37 34 100 11 70 6 7 0 87 79 69 26 60 56 5 16 68 31 14 91 74 80 85 89
95 42 18 41 9 82 26 89 84 66 54 11 18 32 52 95 74 55 52 43 84 33 59 24 79 71 65 82 76 16 96 49 43 40 1 95 54 7 32 75 92 73 61 69 30 24 97 53 23 28 46 69 56 49 35 84 90 60 21 30 62 7 56 16 57 28 61 48 80 69 89 38 72 41 64 58 42 31 22 1 60 38 30 87 0 88 66 75 85 83 37 72 52 11 100 31 61 68 83 12
22 48 92 51 32 79 88 58 28 34 45 65 96 73 4 53 77 49 95 84 11 91 97 49 61 64 53 25 72 92 96 10 67 21 94 53 82 41 54 13 91 29 42 48 22 98 31 55 68 40 57 22 68 87 83 48 40 57 44 39 42 27 72 85 8 11 37 44 2 10 39 75 67 100 43 67 63 14 81 57 65 26 28 79 88 0 14 2 60 46 19 57 7 76 65 65 91 95 39 61
72 68 90 62 47 31 40 13 25 63 35 97 30 72 9 68 49 99 7 86 5 44 74 41 52 91 58 85 24 99 93 70 57 53 62 24 65 21 8 58 46 6 59 79 80 43 44 56 43 16 64 6 80 17 83 97 10 50 47 92 64 76 80 30 83 99 25 100 62 45 15 3 82 75 36 72 18 37 49 42 28 53 25 69 66 14 0 60 65 44 3 43 50 51 38 88 8 20 9 84
100 56 23 61 78 24 71 22 87 52 54 100 37 89 37 81 1 6 52 50 43 2 32 19 84 65 25 37 16 83 58 65 81 84 92 80 82 28 5 86 71 62 70 6 62 61 44 98 98 42 78 78 12 24 82 44 22 7 58 81 24 29 68 13 66 31 18 26 87 81 39 46 90 24 39 100 42 90 6 38 54 92 4 26 75 2 60 0 72 75 40 37 29 65 43 95 8 55 86 35
60 92 46 80 67 33 81 38 23 42 41 96 26 24 66 10 81 43 16 33 38 55 28 92 53 68 39 47 87 36 64 5 77 64 48 59 17 63 79 99 25 71 85 6 81 92 10 24 75 78 8 30 44 38 93 54 43 66 39 1 7 38 35 5 97 57 52 80 100 20 39 8 62 2 14 90 14 46 94 37 26 49 5 60 85 60 65 72 0 7 41 77 85 34 55 26 22 2 60 31
58 86 40 17 6 70 83 92 5 62 61 85 25 27 16 6 48 99 86 19 89 28 8 9 17 86 49 91 86 77 70 93 8 59 12 91 75 76 91 82 66 88 27 90 33 79 67 74 36 84 90 26 86 52 67 95 32 65 34 70 66 67 72 97 12 32 24 20 40 79 61 37 71 90 40 52 57 16 77 95 15 5 83 56 83 46 44 75 7 0 11 14 87 34 100 36 66 30 42 68
43 8 78 35 35 35 87 96 87 43 74 94 91 19 45 90 20 54 53 91 46 64 60 26 89 96 52 14 98 7 27 40 66 35 9 66 77 73 27 40 37 78 94 65 81 17 74 10 96 19 10 35 6 72 71 88 61 44 81 56 6 21 97 7 71 64 27 31 5 74 73 60 10 35 60 81 28 93 1 65 97 77 60 5 37 19 3 40 41 11 0 64 67 100 11 19 40 100 81 78
71 3 76 22 53 2 88 23 24 33 2 46 7 2 48 41 2 94 44 72 45 99 100 12 11 62 2 22 96 78 28 79 4 28 29 41 48 4 59 9 55 33 70 21 83 80 12 49 76 47 39 65 9 78 36 93 79 56 66 99 4 29 42 13 38 61 66 58 45 93 87 5 41 34 21 92 24 97 18 69 7 39 70 16 72 57 43 37 77 14 64 0 1 17 72 82 71 49 57 43
19 31 64 7 45 61 19 27 19 22 78 67 94 55 39 98 67 83 86 38 97 56 88 65 25 98 41 90 90 25 13 32 95 56 41 18 2 27 13 88 77 19 74 75 46 92 95 69 38 19 58 28 53 60 83 36 81 79 91 32 68 13 57 24 50 27 95 22 82 53 43 52 90 3 62 46 74 31 5 89 65 96 62 68 52 7 50 29 85 87 67 1 0 81 80 56 92 38 80 49
41 3 54 96 100 84 77 76 22 46 7 9 63 94 59 39 76 21 6 46 49 22 88 17 37 1 43 29 49 97 63 14 76 63 29 45 48 15 47 9 93 77 48 11 77 3 4 75 70 67 94 10 37 45 12 57 41 99 27 92 50 100 14 80 63 39 75 41 88 39 34 96 34 66 91 36 86 12 72 76 11 55 54 31 11 76 51 65 34 34 100 17 81 0 15 35 93 61 96 77
24 74 36 58 57 47 81 42 76 83 22 2 79 92 7 4 51 31 65 13 2 81 59 44 79 32 24 36 40 32 9 65 12 89 50 48 77 47 70 7 32 88 55 17 10 3 65 51 73 23 86 36 23 10 48 5 77 27 19 94 77 71 80 45 18 48 44 28 36 66 50 69 67 67 8 81 66 21 57 32 75 71 64 14 100 65 38 43 55 100 11 72 80 15 0 19 62 48 44 71
15 14 37 64 96 84 1 23 97 47 38 42 48 67 30 59 94 48 9 81 23 88 92 16 90 80 52 9 86 11 26 50 10 3 18 28 75 75 9 81 77 41 84 5 44 42 43 12 66 32 38 47 24 1 89 84 7 26 12 22 80 55 21 92 87 56 74 86 87 42 37 57 80 46 15 32 53 13 5 6 14 73 85 91 31 65 88 95 26 36 19 82 56 35 19 0 3 34 25 27
99 69 42 22 43 45 57 11 26 92 35 8 89 65 61 66 47 53 6 5 24 53 47 67 32 96 5 52 16 91 88 86 76 51 56 8 85 56 33 72 57 72 24 21 40 65 2 76 91 53 46 16 23 18 43 19 44 41 29 47 5 11 33 37 17 15 32 34 60 59 75 68 55 56 90 3 84 83 75 28 13 49 39 74 61 91 8 8 22 66 40 71 92 93 62 3 0 4 17 47
22 48 72 46 2 47 50 3 62 10 27 48 100 90 17 14 91 11 78 60 10 83 31 66 64 58 8 12 6 76 27 7 77 98 32 31 80 92 93 27 63 83 62 31 44 11 88 18 52 27 93 11 42 84 66 76 56 77 61 13 95 22 25 81 38 5 16 96 64 63 99 25 26 85 9 33 30 34 83 36 57 24 23 80 68 95 20 55 2 30 100 49 38 61 48 34 4 0 12 92
39 86 99 16 50 56 51 93 28 11 17 3 30 65 5 80 65 48 99 36 98 86 30 24 23 98 95 43 80 21 38 98 30 90 66 78 44 49 58 56 8 77 64 76 31 74 78 20 2 88 45 93 49 32 66 45 20 41 58 57 54 68 39 62 97 35 16 93 47 35 56 78 21 5 40 71 21 53 97 99 91 29 69 85 83 39 9 86 60 42 81 57 80 96 44 25 17 12 0 59
46 25 89 72 29 12 32 34 31 25 61 50 74 53 80 79 19 79 15 76 65 39 4 99 53 2 41 34 97 80 93 17 91 74 91 60 20 23 86 90 24 73 17 66 24 34 24 19 35 10 3 9 14 61 21 86 22 15 39 54 80 28 16 83 66 75 22 20 89 61 92 46 15 56 10 56 32 26 75 33 50 20 54 89 12 61 84 35 31 68 78 43 49 77 71 27 47 92 59 0
