100
10
0 3 9 78 54 3 79 59 64 68 82 82 88 7 9 48 16 92 35 5 21 4 90 68 8 71 100 77 34 76 72 85 38 29 25 11 98 35 37 50 56 77 3 18 17 80 9 12 65 56 6 75 79 24 73 62 58 62 91 15 89 25 28 63 26 94 80 99 76 98 57 47 14 51 24 91 68 66 86 72 31 4 38 59 68 4 75 1 76 84 60 77 27 34 9 22 64 13 73 5
3 0 47 3 4 41 34 68 72 12 15 97 64 22 36 18 29 64 42 99 28 52 90 51 57 42 33 61 69 35 41 5 96 5 100 66 78 38 72 8 80 90 69 1 58 44 10 4 92 8 36 46 20 80 53 98 17 40 73 55 41 63 57 5 53 19 14 47 81 80 84 88 28 88 23 11 3 98 41 51 89 18 72 43 32 5 83 66 90 3 65 44 56 97 13 67 35 21 4 44
9 47 0 41 97 6 93 15 75 77 83 36 38 70 72 65 39 48 19 69 56 50 21 56 72 41 1 24 56 22 68 43 43 33 81 69 58 60 23 56 11 55 99 68 31 71 5 97 92 78 18 99 47 92 57 74 72 50 46 10 18 95 8 81 4 33 8 69 81 41 70 45 66 98 90 4 83 49 39 73 74 51 54 90 24 71 96 92 60 82 47 46 83 42 32 31 97 92 21 29
78 3 41 0 39 22 20 4 82 26 11 30 95 24 72 97 23 16 93 14 57 42 66 98 48 24 45 48 71 15 5 85 14 23 2 12 35 89 81 27 72 32 46 75 81 71 21 34 23 69 7 59 39 80 92 7 10 17 97 52 39 50 98 48 98 96 12 47 85 39 35 37 27 7 70 37 44 64 38 27 69 90 58 26 68 11 65 73 20 10 85 92 38 10 88 50 48 96 6 30
54 4 97 39 0 9 55 7 25 79 40 83 35 2 5 46 40 27 85 67 31 10 20 64 64 62 75 4 24 68 67 52 24 10 50 3 19 2 65 90 17 2 31 86 61 23 9 22 64 5 96 53 40 86 83 46 58 74 15 40 32 88 34 49 43 36 26 85 89 22 14 41 47 48 77 43 89 18 19 71 34 17 21 35 27 46 51 56 18 12 66 83 58 50 66 86 3 81 42 80
3 41 6 22 9 0 55 87 28 98 13 71 87 83 22 30 16 28 51 19 68 27 78 46 31 16 59 35 91 23 5 64 30 47 77 77 42 89 39 16 64 20 89 18 94 58 73 56 78 30 77 3 54 54 89 51 70 99 81 93 41 27 69 11 54 36 89 44 81 87 49 77 26 82 70 58 48 79 24 10 34 64 85 46 69 14 94 71 70 91 71 66 24 66 77 9 76 4 10 17
79 34 93 20 55 55 0 54 35 97 26 97 33 81 75 58 36 70 65 7 81 86 66 41 18 16 51 45 24 36 57 23 22 44 32 39 83 62 93 50 62 67 13 61 58 61 52 46 85 82 97 22 37 76 38 82 48 54 54 19 82 12 29 70 40 10 14 44 5 61 53 6 60 9 20 2 90 7 10 69 37 30 51 88 68 96 80 66 80 3 44 29 1 27 5 81 47 57 48 54
59 68 15 4 7 87 54 0 72 20 35 6 5 57 43 88 48 62 26 82 66 28 99 65 58 53 82 77 70 87 49 71 43 57 21 69 55 23 86 75 73 43 60 12 57 66 1 42 66 81 58 80 2 58 58 75 84 78 15 50 4 82 86 16 88 100 78 55 84 82 60 2 35 32 6 35 89 88 70 84 72 68 5 31 91 33 78 71 62 59 13 42 79 81 59 51 72 66 82 40
64 72 75 82 25 28 35 72 0 6 41 24 4 60 30 29 3 50 14 51 20 71 95 96 64 7 49 44 47 60 52 23 13 68 22 15 81 42 34 88 92 57 51 45 44 54 65 17 32 82 79 72 17 75 91 33 34 50 71 49 68 38 5 84 17 83 58 60 15 2 42 78 38 10 40 72 6 7 40 80 95 9 99 49 12 46 74 25 52 75 71 43 22 84 19 4 72 6 74 30
68 12 77 26 79 98 97 20 6 0 84 71 24 83 51 90 68 5 50 2 29 55 99 39 63 11 95 26 40 28 15 6 27 18 85 2 37 86 46 15 32 71 6 15 73 29 86 99 20 14 77 45 88 72 45 52 98 77 60 63 91 91 26 30 25 10 69 37 72 14 56 68 33 86 62 67 68 43 22 96 9 95 85 76 75 13 49 67 82 91 10 70 88 22 13 72 28 95 21 33
82 15 83 11 40 13 26 35 41 84 0 6 27 7 55 72 12 45 54 24 95 47 61 36 54 95 30 52 75 20 3 85 23 33 74 51 3 17 41 19 57 73 24 84 12 11 12 51 6 40 22 33 80 10 77 51 43 39 12 46 13 70 69 35 69 49 20 81 62 10 25 83 90 73 41 3 2 45 64 23 90 18 71 3 56 62 15 35 6 8 8 67 18 97 70 65 94 29 86 36
82 97 36 30 83 71 97 6 24 71 6 0 82 100 2 16 42 32 2 61 27 8 61 32 50 16 37 92 17 49 77 80 82 84 90 7 11 3 11 68 27 23 99 23 55 35 7 30 20 73 90 66 85 50 33 10 78 42 27 4 86 10 15 12 5 69 100 57 61 58 18 95 74 90 12 19 73 4 22 64 84 20 28 24 87 5 100 38 64 83 96 20 18 61 23 40 49 62 92 98
88 64 38 95 35 87 33 5 4 24 27 82 0 83 78 49 59 22 31 45 59 70 59 29 64 71 89 72 44 72 92 11 87 22 85 69 13 74 1 58 31 91 93 49 45 70 11 51 32 89 79 26 74 22 62 14 53 32 64 13 98 36 29 85 87 12 30 77 99 98 88 6 42 44 3 13 2 34 9 53 80 39 40 2 77 97 53 89 86 28 92 67 59 2 38 82 69 2 35 42
7 22 70 24 2 83 81 57 60 83 7 100 83 0 70 75 62 86 39 69 54 58 64 82 42 95 12 53 28 100 5 16 75 98 84 41 77 74 6 20 21 52 23 44 47 19 61 6 49 95 10 57 14 44 71 27 54 42 50 46 99 69 69 35 80 57 30 29 11 96 15 99 28 87 74 33 23 93 75 79 77 33 80 84 14 28 22 65 84 42 47 86 3 27 89 29 55 94 75 86
9 36 72 72 5 22 75 43 30 51 55 2 78 70 0 49 17 11 94 42 12 94 3 94 51 47 9 5 62 25 3 51 41 93 38 99 85 50 33 60 10 72 70 84 19 28 9 92 13 42 71 21 70 11 93 42 78 30 2 4 75 11 18 84 16 40 7 61 13 18 97 24 17 33 59 69 50 81 10 52 98 11 45 96 55 98 4 1 58 15 29 46 5 93 89 98 74 67 86 43
48 18 65 97 46 30 58 88 29 90 72 16 49 75 49 0 6 52 65 3 97 60 69 33 39 99 61 34 45 99 89 18 35 9 7 38 32 50 19 14 50 74 83 65 68 3 32 85 88 99 23 29 69 3 8 55 9 56 10 15 12 64 64 57 13 79 99 59 1 43 27 63 73 78 50 24 60 50 88 66 47 63 6 14 92 91 29 63 40 35 90 11 51 4 93 98 50 42 17 75
16 29 39 23 40 16 36 48 3 68 12 42 59 62 17 6 0 55 37 37 94 48 95 93 98 4 97 41 76 57 96 5 3 51 7 90 52 85 91 12 48 85 4 93 26 42 53 4 92 88 46 1 51 68 38 85 24 76 80 27 95 36 42 14 2 37 96 50 18 74 75 54 95 72 91 49 22 81 20 37 49 78 92 1 84 46 19 85 85 99 84 10 6 27 38 21 23 91 20 30
92 64 48 16 27 28 70 62 50 5 45 32 22 86 11 52 55 0 54 97 30 46 18 67 46 98 17 74 36 10 67 94 48 76 96 39 98 91 57 20 45 93 80 28 94 45 5 75 78 34 60 28 16 56 45 29 90 2 48 37 78 23 94 82 60 7 8 80 41 2 41 1 9 72 76 49 75 58 93 17 57 88 88 17 37 96 39 61 39 64 86 63 48 76 1 11 34 23 4 38
35 42 19 93 85 51 65 26 14 50 54 2 31 39 94 65 37 54 0 54 87 44 30 78 12 56 41 68 15 5 94 90 68 60 62 68 64 68 5 56 54 61 78 94 85 63 9 33 83 65 94 69 28 55 34 74 73 38 86 15 54 81 29 75 13 57 42 13 10 45 44 99 56 80 16 70 98 28 27 84 12 72 71 57 1 96 46 63 85 52 26 25 56 60 60 82 70 84 83 81
5 99 69 14 67 19 7 82 51 2 24 61 45 69 42 3 37 97 54 0 28 5 27 93 64 55 94 30 73 61 97 60 42 73 61 49 96 53 25 72 11 89 51 74 85 15 41 1 6 62 26 19 62 97 87 80 38 90 27 5 24 58 22 98 47 52 28 94 85 22 58 62 52 99 92 99 9 16 8 4 21 32 71 24 9 68 70 10 28 92 26 47 21 35 69 86 92 77 79 4
21 28 56 57 31 68 81 66 20 29 95 27 59 54 12 97 94 30 87 28 0 84 53 76 37 39 97 32 50 62 44 70 2 3 9 71 48 50 27 13 18 75 12 50 27 55 17 60 46 95 53 7 74 94 65 3 57 46 1 85 27 85 58 87 76 44 9 9 41 24 34 87 98 94 80 99 87 68 87 41 31 47 78 20 77 73 90 87 30 47 87 62 76 86 29 72 49 20 54 72
4 52 50 42 10 27 86 28 71 55 47 8 70 58 94 60 48 46 44 5 84 0 11 48 50 2 97 10 7 7 86 86 58 3 62 48 41 22 17 1 78 29 84 60 39 35 36 50 32 14 24 8 6 29 73 81 4 34 37 90 57 26 73 57 2 7 74 5 17 15 87 14 82 46 25 13 97 78 47 97 30 37 55 12 45 57 71 62 18 6 18 72 94 94 68 58 66 13 20 53
90 90 21 66 20 78 66 99 95 99 61 61 59 64 3 69 95 18 30 27 53 11 0 92 23 61 50 59 87 48 35 77 62 9 100 85 21 95 78 77 92 33 97 60 24 34 9 20 34 5 1 64 4 12 48 16 82 100 4 43 85 48 51 39 8 51 12 36 77 37 47 97 43 15 45 48 8 88 84 26 45 7 4 29 68 67 94 42 11 23 45 46 80 66 56 22 84 22 31 49
68 51 56 98 64 46 41 65 96 39 36 32 29 82 94 33 93 67 78 93 76 48 92 0 44 32 13 97 50 67 92 53 6 37 16 75 66 64 28 88 38 73 13 70 66 48 92 75 20 15 5 67 76 40 23 15 55 8 62 32 32 6 68 89 67 89 51 17 3 46 14 10 97 100 9 49 64 33 56 95 64 78 62 11 74 75 25 26 36 84 91 66 22 20 89 55 32 99 79 50
8 57 72 48 64 31 18 58 64 63 54 50 64 42 51 39 98 46 12 64 37 50 23 44 0 89 93 83 77 58 27 88 11 69 55 66 72 92 21 52 32 11 83 45 96 48 46 72 18 33 68 67 47 28 48 73 68 23 60 20 11 21 44 92 79 39 55 11 75 1 1 27 16 17 91 76 92 9 26 2 86 24 18 31 42 72 67 92 67 35 90 77 71 92 99 26 67 100 75 84
71 42 41 24 62 16 16 53 7 11 95 16 71 95 47 99 4 98 56 55 39 2 61 32 89 0 15 14 94 75 79 78 61 19 52 8 75 46 11 5 13 51 26 63 42 65 20 10 65 55 61 90 67 89 72 86 96 74 85 59 85 46 55 11 92 87 77 26 100 98 23 64 36 5 87 7 53 76 26 36 64 83 20 65 10 92 27 49 48 27 26 4 14 88 53 28 87 41 60 19
100 33 1 45 75 59 51 82 49 95 30 37 89 12 9 61 97 17 41 94 97 97 50 13 93 15 0 60 14 22 7 99 17 69 45 19 70 93 64 50 34 74 95 35 57 6 47 56 79 54 91 80 21 10 85 56 2 72 6 39 37 11 31 39 65 65 17 25 65 49 32 55 71 33 43 89 98 70 59 76 72 60 86 91 66 81 25 6 93 80 18 55 69 31 68 58 33 6 71 20
77 61 24 48 4 35 45 77 44 26 52 92 72 53 5 34 41 74 68 30 32 10 59 97 83 14 60 0 92 44 36 96 24 59 11 87 30 42 71 10 25 85 5 44 54 100 76 41 35 87 19 43 91 19 6 89 47 7 98 90 63 67 97 56 6 32 98 12 55 71 79 18 45 82 61 74 25 32 36 93 40 56 58 42 62 19 54 43 33 85 63 53 2 60 8 95 30 96 87 11
34 69 56 71 24 91 24 70 47 40 75 17 44 28 62 45 76 36 15 73 50 7 87 50 77 94 14 92 0 18 15 7 85 72 27 38 80 85 33 80 92 30 69 95 1 8 74 26 98 84 49 93 100 22 91 29 87 52 46 24 9 79 60 87 43 93 17 94 16 52 47 67 99 28 1 59 8 23 40 23 75 35 95 61 26 23 89 89 91 73 5 96 37 15 1 45 40 34 66 70
76 35 22 15 68 23 36 87 60 28 20 49 72 100 25 99 57 10 5 61 62 7 48 67 58 75 22 44 18 0 69 30 41 5 10 53 66 1 56 49 91 29 47 59 94 80 34 75 64 91 1 38 37 52 4 6 22 14 21 45 22 27 55 4 53 18 24 55 77 9 92 18 67 33 68 23 68 53 29 80 84 77 45 94 74 77 39 41 95 62 58 51 37 79 100 5 4 59 96 18
72 41 68 5 67 5 57 49 52 15 3 77 92 5 3 89 96 67 94 97 44 86 35 92 27 79 7 36 15 69 0 57 1 13 79 63 70 78 59 66 38 62 47 6 17 87 43 21 88 94 60 25 64 4 76 90 42 69 31 82 99 90 41 52 26 5 7 60 42 59 83 38 97 64 5 58 18 42 2 60 12 62 40 98 77 40 43 85 9 63 97 28 100 27 72 40 62 69 23 99
85 5 43 85 52 64 23 71 23 6 85 80 11 16 51 18 5 94 90 60 70 86 77 53 88 78 99 96 7 30 57 0 22 10 70 44 28 53 20 6 92 64 20 59 16 17 45 64 94 76 25 68 3 82 100 78 56 39 48 76 73 43 56 96 11 49 29 64 37 18 81 27 41 10 80 74 65 79 90 85 17 70 13 13 76 66 88 54 68 78 94 21 93 28 64 53 9 90 74 40
38 96 43 14 24 30 22 43 13 27 23 82 87 75 41 35 3 48 68 42 2 58 62 6 11 61 17 24 85 41 1 22 0 87 67 72 55 99 37 30 39 83 21 13 82 69 61 96 36 43 80 16 87 14 20 6 23 37 7 58 53 67 21 13 53 64 19 55 58 76 97 62 87 29 46 76 95 13 4 95 42 52 64 54 17 95 10 36 63 87 29 59 9 55 16 98 64 29 85 95
29 5 33 23 10 47 44 57 68 18 33 84 22 98 93 9 51 76 60 73 3 3 9 37 69 19 69 59 72 5 13 10 87 0 50 56 71 26 8 92 63 52 14 79 91 47 77 86 95 48 51 49 36 7 58 13 51 100 68 77 81 82 80 70 11 39 54 25 92 20 34 1 13 69 40 87 18 82 74 21 69 34 51 26 17 93 99 90 42 59 59 97 38 71 39 66 72 20 55 53
25 100 81 2 50 77 32 21 22 85 74 90 85 84 38 7 7 96 62 61 9 62 100 16 55 52 45 11 27 10 79 70 67 50 0 72 95 32 27 52 72 96 93 46 39 22 78 1 59 10 42 46 86 58 1 58 27 44 45 9 12 21 47 79 62 30 81 17 26 92 28 34 68 75 14 4 93 76 61 23 46 46 40 81 77 59 49 42 22 90 57 82 98 12 98 47 43 100 42 63
11 66 69 12 3 77 39 69 15 2 51 7 69 41 99 38 90 39 68 49 71 48 85 75 66 8 19 87 38 53 63 44 72 56 72 0 4 30 15 33 54 41 100 9 47 41 72 90 76 8 96 1 9 74 49 41 68 96 56 71 12 61 2 78 22 40 62 96 99 55 76 49 70 87 65 9 54 12 91 28 25 73 24 94 70 44 51 91 62 64 13 78 84 15 16 50 9 90 88 10
98 78 58 35 19 42 83 55 81 37 3 11 13 77 85 32 52 98 64 96 48 41 21 66 72 75 70 30 80 66 70 28 55 71 95 4 0 92 12 79 52 48 34 38 59 98 31 49 72 28 34 30 46 73 85 80 35 10 51 43 99 98 53 34 52 70 4 19 65 13 61 20 32 32 35 63 49 41 90 6 85 71 9 39 88 23 2 78 18 77 50 64 35 87 56 90 6 44 74 77
35 38 60 89 2 89 62 23 42 86 17 3 74 74 50 50 85 91 68 53 50 22 95 64 92 46 93 42 85 1 78 53 99 26 32 30 92 0 41 50 17 29 28 71 81 41 55 67 94 69 79 37 33 99 49 44 100 38 34 43 73 52 19 65 33 74 77 61 5 27 64 86 56 64 51 12 29 87 100 96 35 48 15 5 58 64 33 37 68 81 64 66 33 66 6 76 73 51 23 47
37 72 23 81 65 39 93 86 34 46 41 11 1 6 33 19 91 57 5 25 27 17 78 28 21 11 64 71 33 56 59 20 37 8 27 15 12 41 0 10 72 93 63 46 42 95 31 29 56 75 96 96 53 61 74 89 4 60 59 74 76 20 10 3 57 72 67 13 11 85 57 3 92 18 32 63 98 10 87 75 11 84 89 64 26 88 68 57 43 29 90 39 94 30 29 81 75 69 3 14
50 8 56 27 90 16 50 75 88 15 19 68 58 20 60 14 12 20 56 72 13 1 77 88 52 5 50 10 80 49 66 6 30 92 52 33 79 50 10 0 100 25 78 35 41 47 1 83 12 69 74 24 100 58 94 78 100 22 57 26 39 83 73 43 56 48 99 13 7 89 13 47 98 5 54 23 64 71 26 63 4 15 74 7 15 21 99 70 58 23 19 53 65 22 9 10 43 74 27 29
56 80 11 72 17 64 62 73 92 32 57 27 31 21 10 50 48 45 54 11 18 78 92 38 32 13 34 25 92 91 38 92 39 63 72 54 52 17 72 100 0 70 44 60 34 51 61 39 6 25 62 25 86 33 99 26 95 57 79 23 37 63 16 95 79 2 80 45 12 75 99 59 49 42 32 47 28 56 97 96 28 13 74 79 9 42 13 25 28 47 48 77 89 61 78 82 8 9 6 84
77 90 55 32 2 20 67 43 57 71 73 23 91 52 72 74 85 93 61 89 75 29 33 73 11 51 74 85 30 29 62 64 83 52 96 41 48 29 93 25 70 0 28 56 37 72 76 12 32 38 14 91 59 7 32 95 57 71 60 74 13 40 4 59 16 90 93 62 85 89 57 8 10 52 24 73 1 53 89 4 72 27 35 26 80 59 2 90 98 32 48 16 60 88 45 23 84 22 88 35
3 69 99 46 31 89 13 60 51 6 24 99 93 23 70 83 4 80 78 51 12 84 97 13 83 26 95 5 69 47 47 20 21 14 93 100 34 28 63 78 44 28 0 51 74 5 49 42 2 89 60 6 96 39 7 46 72 38 64 16 39 1 16 5 52 71 99 60 4 28 7 76 89 41 44 19 87 48 98 70 65 60 63 80 90 16 25 6 61 32 49 20 46 54 45 78 92 30 65 34
18 1 68 75 86 18 61 12 45 15 84 23 49 44 84 65 93 28 94 74 50 60 60 70 45 63 35 44 95 59 6 59 13 79 46 9 38 71 46 35 60 56 51 0 87 48 45 97 55 95 8 79 41 92 57 8 25 67 98 45 62 84 11 49 44 53 86 46 46 53 13 49 43 38 54 18 14 68 25 70 67 13 52 62 26 17 8 62 19 16 86 69 61 94 21 33 91 59 24 12
17 58 31 81 61 94 58 57 44 73 12 55 45 47 19 68 26 94 85 85 27 39 24 66 96 42 57 54 1 94 17 16 82 91 39 47 59 81 42 41 34 37 74 87 0 36 22 65 15 29 76 37 1 40 1 48 69 83 40 79 63 57 52 36 61 86 31 17 38 33 97 97 86 37 90 47 47 35 52 100 25 17 34 99 14 38 90 37 41 66 80 1 74 52 46 18 14 12 20 54
80 44 71 71 23 58 61 66 54 29 11 35 70 19 28 3 42 45 63 15 55 35 34 48 48 65 6 100 8 80 87 17 69 47 22 41 98 41 95 47 51 72 5 48 36 0 86 86 36 87 80 94 52 25 52 77 27 96 69 93 65 80 41 53 88 65 19 59 19 76 28 16 65 70 92 74 2 67 63 70 22 46 95 64 77 52 84 96 18 2 61 13 7 26 20 7 99 25 64 63
9 10 5 21 9 73 52 1 65 86 12 7 11 61 9 32 53 5 9 41 17 36 9 92 46 20 47 76 74 34 43 45 61 77 78 72 31 55 31 1 61 76 49 45 22 86 0 35 99 26 24 9 27 91 1 23 41 97 90 80 63 94 28 57 86 9 7 58 16 48 11 15 17 33 40 86 84 93 49 70 14 52 12 85 79 26 30 28 98 69 45 5 95 35 98 44 66 92 32 81
12 4 97 34 22 56 46 42 17 99 51 30 51 6 92 85 4 75 33 1 60 50 20 75 72 10 56 41 26 75 21 64 96 86 1 90 49 67 29 83 39 12 42 97 65 86 35 0 64 82 36 12 9 86 80 10 83 11 50 32 58 87 38 44 42 33 92 16 23 100 55 20 33 3 56 96 56 94 95 45 65 32 58 7 70 82 44 41 44 55 93 80 100 49 1 28 36 31 68 2
65 92 92 23 64 78 85 66 32 20 6 20 32 49 13 88 92 78 83 6 46 32 34 20 18 65 79 35 98 64 88 94 36 95 59 76 72 94 56 12 6 32 2 55 15 36 99 64 0 99 54 60 78 65 66 21 55 84 38 29 15 56 34 22 23 46 68 75 44 86 12 23 8 27 24 28 11 47 81 50 82 28 67 32 39 81 59 20 34 85 35 53 51 49 19 15 6 1 99 26
56 8 78 69 5 30 82 81 82 14 40 73 89 95 42 99 88 34 65 62 95 14 5 15 33 55 54 87 84 91 94 76 43 48 10 8 28 69 75 69 25 38 89 95 29 87 26 82 99 0 47 60 72 88 12 47 81 85 65 23 68 18 16 92 80 20 18 3 65 42 12 53 39 62 84 10 37 49 28 54 63 76 77 69 5 95 66 20 46 89 11 61 75 20 69 68 43 4 78 23
6 36 18 7 96 77 97 58 79 77 22 90 79 10 71 23 46 60 94 26 53 24 1 5 68 61 91 19 49 1 60 25 80 51 42 96 34 79 96 74 62 14 60 8 76 80 24 36 54 47 0 14 34 65 66 17 18 72 76 16 6 72 46 78 16 56 87 27 59 60 39 63 6 74 62 47 94 11 44 33 11 42 80 29 75 22 9 79 69 11 49 90 66 24 76 42 66 30 18 19
75 46 99 59 53 3 22 80 72 45 33 66 26 57 21 29 1 28 69 19 7 8 64 67 67 90 80 43 93 38 25 68 16 49 46 1 30 37 96 24 25 91 6 79 37 94 9 12 60 60 14 0 10 13 17 15 44 51 87 39 66 16 5 57 91 22 20 16 45 77 45 9 64 90 64 91 17 51 50 35 100 39 92 47 32 90 80 2 96 54 5 6 95 39 89 35 87 60 62 68
79 20 47 39 40 54 37 2 17 88 80 85 74 14 70 69 51 16 28 62 74 6 4 76 47 67 21 91 100 37 64 3 87 36 86 9 46 33 53 100 86 59 96 41 1 52 27 9 78 72 34 10 0 8 51 88 89 50 14 13 54 28 15 27 81 99 18 99 34 80 64 45 41 81 5 21 81 76 5 39 100 81 22 39 48 77 34 83 59 10 100 9 87 2 20 53 70 5 58 56
24 80 92 80 86 54 76 58 75 72 10 50 22 44 11 3 68 56 55 97 94 29 12 40 28 89 10 19 22 52 4 82 14 7 58 74 73 99 61 58 33 7 39 92 40 25 91 86 65 88 65 13 8 0 6 26 80 86 32 51 39 59 29 85 42 13 84 100 88 89 45 20 97 63 7 59 7 32 16 41 85 40 46 93 6 21 97 42 73 27 15 3 23 2 14 50 90 94 7 85
73 53 57 92 83 89 38 58 91 45 77 33 62 71 93 8 38 45 34 87 65 73 48 23 48 72 85 6 91 4 76 100 20 58 1 49 85 49 74 94 99 32 7 57 1 52 1 80 66 12 66 17 51 6 0 33 59 86 65 18 91 75 93 63 30 81 73 61 49 90 18 93 91 28 66 84 26 46 46 87 96 63 85 11 92 59 41 52 33 78 40 56 62 49 35 88 32 64 6 60
62 98 74 7 46 51 82 75 33 52 51 10 14 27 42 55 85 29 74 80 3 81 16 15 73 86 56 89 29 6 90 78 6 13 58 41 80 44 89 78 26 95 46 8 48 77 23 10 21 47 17 15 88 26 33 0 54 11 8 58 34 6 92 86 64 13 98 4 94 23 31 84 18 10 97 15 87 8 67 91 62 62 47 35 5 66 99 41 5 12 90 97 58 35 60 7 51 52 95 22
58 17 72 10 58 70 48 84 34 98 43 78 53 54 78 9 24 90 73 38 57 4 82 55 68 96 2 47 87 22 42 56 23 51 27 68 35 100 4 100 95 57 72 25 69 27 41 83 55 81 18 44 89 80 59 54 0 95 93 90 88 21 51 81 83 79 51 27 66 14 6 12 28 29 67 33 10 47 78 5 70 92 97 95 10 35 89 38 7 71 36 52 17 30 29 86 49 89 40 90
62 40 50 17 74 99 54 78 50 77 39 42 32 42 30 56 76 2 38 90 46 34 100 8 23 74 72 7 52 14 69 39 37 100 44 96 10 38 60 22 57 71 38 67 83 96 97 11 84 85 72 51 50 86 86 11 95 0 80 51 25 54 25 68 67 10 99 14 33 52 14 42 98 14 73 16 73 68 19 84 6 10 50 82 68 32 40 29 32 66 4 94 50 60 51 48 70 72 90 53
91 73 46 97 15 81 54 15 71 60 12 27 64 50 2 10 80 48 86 27 1 37 4 62 60 85 6 98 46 21 31 48 7 68 45 56 51 34 59 57 79 60 64 98 40 69 90 50 38 65 76 87 14 32 65 8 93 80 0 70 80 42 31 77 37 16 9 46 17 6 53 12 32 85 28 74 13 63 39 85 86 6 91 37 19 59 67 67 81 78 24 17 76 73 95 60 79 71 19 74
15 55 10 52 40 93 19 50 49 63 46 4 13 46 4 15 27 37 15 5 85 90 43 32 20 59 39 90 24 45 82 76 58 77 9 71 43 43 74 26 23 74 16 45 79 93 80 32 29 23 16 39 13 51 18 58 90 51 70 0 40 19 17 35 59 100 15 83 9 35 1 71 95 69 60 19 64 83 69 97 25 96 13 23 85 66 30 67 68 73 5 63 85 72 94 19 44 53 8 80
89 41 18 39 32 41 82 4 68 91 13 86 98 99 75 12 95 78 54 24 27 57 85 32 11 85 37 63 9 22 99 73 53 81 12 12 99 73 76 39 37 13 39 62 63 65 63 58 15 68 6 66 54 39 91 34 88 25 80 40 0 34 28 26 2 43 81 47 34 66 52 56 28 91 3 54 58 32 95 96 17 16 88 25 14 70 20 22 6 77 79 30 60 4 47 65 61 60 54 30
25 63 95 50 88 27 12 82 38 91 70 10 36 69 11 64 36 23 81 58 85 26 48 6 21 46 11 67 79 27 90 43 67 82 21 61 98 52 20 83 63 40 1 84 57 80 94 87 56 18 72 16 28 59 75 6 21 54 42 19 34 0 58 94 46 19 18 68 60 8 99 54 81 35 55 90 86 41 63 10 59 28 30 19 56 79 91 76 73 21 62 7 70 72 87 66 69 25 87 75
28 57 8 98 34 69 29 86 5 26 69 15 29 69 18 64 42 94 29 22 58 73 51 68 44 55 31 97 60 55 41 56 21 80 47 2 53 19 10 73 16 4 16 11 52 41 28 38 34 16 46 5 15 29 93 92 51 25 31 17 28 58 0 60 50 43 80 48 17 36 40 47 97 66 37 67 27 99 52 72 71 9 69 39 58 83 47 83 21 68 93 80 92 61 43 57 52 94 6 45
63 5 81 48 49 11 70 16 84 30 35 12 85 35 84 57 14 82 75 98 87 57 39 89 92 11 39 56 87 4 52 96 13 70 79 78 34 65 3 43 95 59 5 49 36 53 57 44 22 92 78 57 27 85 63 86 81 68 77 35 26 94 60 0 51 10 44 53 51 91 93 12 34 23 25 2 80 82 30 83 100 38 44 88 84 5 77 69 22 10 94 4 51 98 6 65 39 59 76 54
26 53 4 98 43 54 40 88 17 25 69 5 87 80 16 13 2 60 13 47 76 2 8 67 79 92 65 6 43 53 26 11 53 11 62 22 52 33 57 56 79 16 52 44 61 88 86 42 23 80 16 91 81 42 30 64 83 67 37 59 2 46 50 51 0 79 60 3 34 29 90 75 6 58 49 74 38 95 26 54 64 18 38 42 81 6 56 72 10 23 61 51 42 14 32 45 85 25 71 54
94 19 33 96 36 36 10 100 83 10 49 69 12 57 40 79 37 7 57 52 44 7 51 89 39 87 65 32 93 18 5 49 64 39 30 40 70 74 72 48 2 90 71 53 86 65 9 33 46 20 56 22 99 13 81 13 79 10 16 100 43 19 43 10 79 0 25 13 18 54 34 68 40 96 16 32 15 20 40 10 9 75 59 53 45 74 78 23 78 44 3 88 99 77 65 6 78 51 33 50
80 14 8 12 26 89 14 78 58 69 20 100 30 30 7 99 96 8 42 28 9 74 12 51 55 77 17 98 17 24 7 29 19 54 81 62 4 77 67 99 80 93 99 86 31 19 7 92 68 18 87 20 18 84 73 98 51 99 9 15 81 18 80 44 60 25 0 94 67 7 89 73 25 1 23 65 26 19 16 100 29 77 90 53 89 5 95 9 80 94 74 77 91 19 4 31 38 46 49 29
99 47 69 47 85 44 44 55 60 37 81 57 77 29 61 59 50 80 13 94 9 5 36 17 11 26 25 12 94 55 60 64 55 25 17 96 19 61 13 13 45 62 60 46 17 59 58 16 75 3 27 16 99 100 61 4 27 14 46 83 47 68 48 53 3 13 94 0 82 47 69 89 77 5 31 5 79 81 88 79 30 29 4 94 99 74 27 33 42 85 5 38 7 98 40 7 8 45 53 90
76 81 81 85 89 81 5 84 15 72 62 61 99 11 13 1 18 41 10 85 41 17 77 3 75 100 65 55 16 77 42 37 58 92 26 99 65 5 11 7 12 85 4 46 38 19 16 23 44 65 59 45 34 88 49 94 66 33 17 9 34 60 17 51 34 18 67 82 0 53 49 61 60 76 94 87 70 34 36 38 11 43 14 87 44 9 25 43 51 2 31 36 80 78 38 53 14 84 17 52
98 80 41 39 22 87 61 82 2 14 10 58 98 96 18 43 74 2 45 22 24 15 37 46 1 98 49 71 52 9 59 18 76 20 92 55 13 27 85 89 75 89 28 53 33 76 48 100 86 42 60 77 80 89 90 23 14 52 6 35 66 8 36 91 29 54 7 47 53 0 67 20 80 69 25 54 45 22 63 16 6 60 5 93 70 74 16 15 12 85 58 80 37 42 31 17 14 31 14 37
57 84 70 35 14 49 53 60 42 56 25 18 88 15 97 27 75 41 44 58 34 87 47 14 1 23 32 79 47 92 83 81 97 34 28 76 61 64 57 13 99 57 7 13 97 28 11 55 12 12 39 45 64 45 18 31 6 14 53 1 52 99 40 93 90 34 89 69 49 67 0 99 76 38 33 52 61 69 31 14 23 86 64 94 1 89 92 10 42 14 43 16 28 62 61 64 30 41 57 98
47 88 45 37 41 77 6 2 78 68 83 95 6 99 24 63 54 1 99 62 87 14 97 10 27 64 55 18 67 18 38 27 62 1 34 49 20 86 3 47 59 8 76 49 97 16 15 20 23 53 63 9 45 20 93 84 12 42 12 71 56 54 47 12 75 68 73 89 61 20 99 0 6 8 54 80 30 65 38 43 90 50 90 41 62 21 21 47 98 53 55 74 85 10 90 54 24 16 6 18
14 28 66 27 47 26 60 35 38 33 90 74 42 28 17 73 95 9 56 52 98 82 43 97 16 36 71 45 99 67 97 41 87 13 68 70 32 56 92 98 49 10 89 43 86 65 17 33 8 39 6 64 41 97 91 18 28 98 32 95 28 81 97 34 6 40 25 77 60 80 76 6 0 12 4 19 35 8 62 55 56 43 18 17 26 44 30 73 43 72 83 34 74 32 80 16 20 5 64 99
51 88 98 7 48 82 9 32 10 86 73 90 44 87 33 78 72 72 80 99 94 46 15 100 17 5 33 82 28 33 64 10 29 69 75 87 32 64 18 5 42 52 41 38 37 70 33 3 27 62 74 90 81 63 28 10 29 14 85 69 91 35 66 23 58 96 1 5 76 69 38 8 12 0 90 23 78 12 20 70 30 68 64 20 33 13 68 12 97 79 38 45 4 25 9 33 87 79 89 95
24 23 90 70 77 70 20 6 40 62 41 12 3 74 59 50 91 76 16 92 80 25 45 9 91 87 43 61 1 68 5 80 46 40 14 65 35 51 32 54 32 24 44 54 90 92 40 56 24 84 62 64 5 7 66 97 67 73 28 60 3 55 37 25 49 16 23 31 94 25 33 54 4 90 0 17 66 79 49 77 59 27 51 81 54 93 42 43 91 35 46 86 24 44 41 20 32 95 21 66
91 11 4 37 43 58 2 35 72 67 3 19 13 33 69 24 49 49 70 99 99 13 48 49 76 7 89 74 59 23 58 74 76 87 4 9 63 12 63 23 47 73 19 18 47 74 86 96 28 10 47 91 21 59 84 15 33 16 74 19 54 90 67 2 74 32 65 5 87 54 52 80 19 23 17 0 87 89 47 74 79 30 67 45 47 50 19 51 81 52 20 80 28 6 60 8 12 62 5 53
68 3 83 44 89 48 90 89 6 68 2 73 2 23 50 60 22 75 98 9 87 97 8 64 92 53 98 25 8 68 18 65 95 18 93 54 49 29 98 64 28 1 87 14 47 2 84 56 11 37 94 17 81 7 26 87 10 73 13 64 58 86 27 80 38 15 26 79 70 45 61 30 35 78 66 87 0 96 41 92 24 30 43 40 76 56 64 48 10 86 44 64 29 62 22 94 97 8 7 24
66 98 49 64 18 79 7 88 7 43 45 4 34 93 81 50 81 58 28 16 68 78 88 33 9 76 70 32 23 53 42 79 13 82 76 12 41 87 10 71 56 53 48 68 35 67 93 94 47 49 11 51 76 32 46 8 47 68 63 83 32 41 99 82 95 20 19 81 34 22 69 65 8 12 79 89 96 0 21 92 61 8 14 15 68 90 7 15 65 28 48 53 67 73 22 90 71 64 14 40
86 41 39 38 19 24 10 70 40 22 64 22 9 75 10 88 20 93 27 8 87 47 84 56 26 26 59 36 40 29 2 90 4 74 61 91 90 100 87 26 97 89 98 25 52 63 49 95 81 28 44 50 5 16 46 67 78 19 39 69 95 63 52 30 26 40 16 88 36 63 31 38 62 20 49 47 41 21 0 66 22 75 67 43 22 74 97 16 6 39 49 42 77 97 4 28 3 1 27 54
72 51 73 27 71 10 69 84 80 96 23 64 53 79 52 66 37 17 84 4 41 97 26 95 2 36 76 93 23 80 60 85 95 21 23 28 6 96 75 63 96 4 70 70 100 70 70 45 50 54 33 35 39 41 87 91 5 84 85 97 96 10 72 83 54 10 100 79 38 16 14 43 55 70 77 74 92 92 66 0 64 62 96 1 27 73 26 4 50 30 56 80 51 87 91 74 91 25 98 91
31 89 74 69 34 34 37 72 95 9 90 84 80 77 98 47 49 57 12 21 31 30 45 64 86 64 72 40 75 84 12 17 42 69 46 25 85 35 11 4 28 72 65 67 25 22 14 65 82 63 11 100 100 85 96 62 70 6 86 25 17 59 71 100 64 9 29 30 11 6 23 90 56 30 59 79 24 61 22 64 0 85 5 60 22 29 44 71 50 89 71 16 61 50 87 29 81 71 63 23
4 18 51 90 17 64 30 68 9 95 18 20 39 33 11 63 78 88 72 32 47 37 7 78 24 83 60 56 35 77 62 70 52 34 46 73 71 48 84 15 13 27 60 13 17 46 52 32 28 76 42 39 81 40 63 62 92 10 6 96 16 28 9 38 18 75 77 29 43 60 86 50 43 68 27 30 30 8 75 62 85 0 20 34 99 30 60 20 33 89 19 45 98 67 73 66 46 71 41 94
38 72 54 58 21 85 51 5 99 85 71 28 40 80 45 6 92 88 71 71 78 55 4 62 18 20 86 58 95 45 40 13 64 51 40 24 9 15 89 74 74 35 63 52 34 95 12 58 67 77 80 92 22 46 85 47 97 50 91 13 88 30 69 44 38 59 90 4 14 5 64 90 18 64 51 67 43 14 67 96 5 20 0 59 95 13 35 89 7 75 50 15 71 47 89 9 17 82 1 98
59 43 90 26 35 46 88 31 49 76 3 24 2 84 96 14 1 17 57 24 20 12 29 11 31 65 91 42 61 94 98 13 54 26 81 94 39 5 64 7 79 26 80 62 99 64 85 7 32 69 29 47 39 93 11 35 95 82 37 23 25 19 39 88 42 53 53 94 87 93 94 41 17 20 81 45 40 15 43 1 60 34 59 0 30 95 76 51 100 71 48 42 94 70 31 98 22 5 94 86
68 32 24 68 27 69 68 91 12 75 56 87 77 14 55 92 84 37 1 9 77 45 68 74 42 10 66 62 26 74 77 76 17 17 77 70 88 58 26 15 9 80 90 26 14 77 79 70 39 5 75 32 48 6 92 5 10 68 19 85 14 56 58 84 81 45 89 99 44 70 1 62 26 33 54 47 76 68 22 27 22 99 95 30 0 87 70 8 25 19 97 25 100 80 84 34 9 3 82 9
4 5 71 11 46 14 96 33 46 13 62 5 97 28 98 91 46 96 96 68 73 57 67 75 72 92 81 19 23 77 40 66 95 93 59 44 23 64 88 21 42 59 16 17 38 52 26 82 81 95 22 90 77 21 59 66 35 32 59 66 70 79 83 5 6 74 5 74 9 74 89 21 44 13 93 50 56 90 74 73 29 30 13 95 87 0 72 9 46 51 94 90 27 64 97 76 67 63 1 47
75 83 96 65 51 94 80 78 74 49 15 100 53 22 4 29 19 39 46 70 90 71 94 25 67 27 25 54 89 39 43 88 10 99 49 51 2 33 68 99 13 2 25 8 90 84 30 44 59 66 9 80 34 97 41 99 89 40 67 30 20 91 47 77 56 78 95 27 25 16 92 21 30 68 42 19 64 7 97 26 44 60 35 76 70 72 0 33 43 55 81 53 38 74 31 59 97 41 14 78
1 66 92 73 56 71 66 71 25 67 35 38 89 65 1 63 85 61 63 10 87 62 42 26 92 49 6 43 89 41 85 54 36 90 42 91 78 37 57 70 25 90 6 62 37 96 28 41 20 20 79 2 83 42 52 41 38 29 67 67 22 76 83 69 72 23 9 33 43 15 10 47 73 12 43 51 48 15 16 4 71 20 89 51 8 9 33 0 24 39 95 4 77 4 36 76 39 71 80 42
76 90 60 20 18 70 80 62 52 82 6 64 86 84 58 40 85 39 85 28 30 18 11 36 67 48 93 33 91 95 9 68 63 42 22 62 18 68 43 58 28 98 61 19 41 18 98 44 34 46 69 96 59 73 33 5 7 32 81 68 6 73 21 22 10 78 80 42 51 12 42 98 43 97 91 81 10 65 6 50 50 33 7 100 25 46 43 24 0 85 43 21 7 37 87 56 16 64 20 68
84 3 82 10 12 91 3 59 75 91 8 83 28 42 15 35 99 64 52 92 47 6 23 84 35 27 80 85 73 62 63 78 87 59 90 64 77 81 29 23 47 32 32 16 66 2 69 55 85 89 11 54 10 27 78 12 71 66 78 73 77 21 68 10 23 44 94 85 2 85 14 53 72 79 35 52 86 28 39 30 89 89 75 71 19 51 55 39 85 0 69 42 1 6 40 51 55 100 57 9
60 65 47 85 66 71 44 13 71 10 8 96 92 47 29 90 84 86 26 26 87 18 45 91 90 26 18 63 5 58 97 94 29 59 57 13 50 64 90 19 48 48 49 86 80 61 45 93 35 11 49 5 100 15 40 90 36 4 24 5 79 62 93 94 61 3 74 5 31 58 43 55 83 38 46 20 44 48 49 56 71 19 50 48 97 94 81 95 43 69 0 53 56 71 22 37 38 88 81 96
77 44 46 92 83 66 29 42 43 70 67 20 67 86 46 11 10 63 25 47 62 72 46 66 77 4 55 53 96 51 28 21 59 97 82 78 64 66 39 53 77 16 20 69 1 13 5 80 53 61 90 6 9 3 56 97 52 94 17 63 30 7 80 4 51 88 77 38 36 80 16 74 34 45 86 80 64 53 42 80 16 45 15 42 25 90 53 4 21 42 53 0 26 45 1 33 5 85 72 98
27 56 83 38 58 24 1 79 22 88 18 18 59 3 5 51 6 48 56 21 76 94 80 22 71 14 69 2 37 37 100 93 9 38 98 84 35 33 94 65 89 60 46 61 74 7 95 100 51 75 66 95 87 23 62 58 17 50 76 85 60 70 92 51 42 99 91 7 80 37 28 85 74 4 24 28 29 67 77 51 61 98 71 94 100 27 38 77 7 1 56 26 0 60 23 65 17 94 67 42
34 97 42 10 50 66 27 81 84 22 97 61 2 27 93 4 27 76 60 35 86 94 66 20 92 88 31 60 15 79 27 28 55 71 12 15 87 66 30 22 61 88 54 94 52 26 35 49 49 20 24 39 2 2 49 35 30 60 73 72 4 72 61 98 14 77 19 98 78 42 62 10 32 25 44 6 62 73 97 87 50 67 47 70 80 64 74 4 37 6 71 45 60 0 59 21 34 3 62 92
9 13 32 88 66 77 5 59 19 13 70 23 38 89 89 93 38 1 60 69 29 68 56 89 99 53 68 8 1 100 72 64 16 39 98 16 56 6 29 9 78 45 45 21 46 20 98 1 19 69 76 89 20 14 35 60 29 51 95 94 47 87 43 6 32 65 4 40 38 31 61 90 80 9 41 60 22 22 4 91 87 73 89 31 84 97 31 36 87 40 22 1 23 59 0 79 87 94 80 33
22 67 31 50 86 9 81 51 4 72 65 40 82 29 98 98 21 11 82 86 72 58 22 55 26 28 58 95 45 5 40 53 98 66 47 50 90 76 81 10 82 23 78 33 18 7 44 28 15 68 42 35 53 50 88 7 86 48 60 19 65 66 57 65 45 6 31 7 53 17 64 54 16 33 20 8 94 90 28 74 29 66 9 98 34 76 59 76 56 51 37 33 65 21 79 0 78 38 97 92
64 35 97 48 3 76 47 72 72 28 94 49 69 55 74 50 23 34 70 92 49 66 84 32 67 87 33 30 40 4 62 9 64 72 43 9 6 73 75 43 8 84 92 91 14 99 66 36 6 43 66 87 70 90 32 51 49 70 79 44 61 69 52 39 85 78 38 8 14 14 30 24 20 87 32 12 97 71 3 91 81 46 17 22 9 67 97 39 16 55 38 5 17 34 87 78 0 1 7 78
13 21 92 96 81 4 57 66 6 95 29 62 2 94 67 42 91 23 84 77 20 13 22 99 100 41 6 96 34 59 69 90 29 20 100 90 44 51 69 74 9 22 30 59 12 25 92 31 1 4 30 60 5 94 64 52 89 72 71 53 60 25 94 59 25 51 46 45 84 31 41 16 5 79 95 62 8 64 1 25 71 71 82 5 3 63 41 71 64 100 88 85 94 3 94 38 1 0 24 16
73 4 21 6 42 10 48 82 74 21 86 92 35 75 86 17 20 4 83 79 54 20 31 79 75 60 71 87 66 96 23 74 85 55 42 88 74 23 3 27 6 88 65 24 20 64 32 68 99 78 18 62 58 7 6 95 40 90 19 8 54 87 6 76 71 33 49 53 17 14 57 6 64 89 21 5 7 14 27 98 63 41 1 94 82 1 14 80 20 57 81 72 67 62 80 97 7 24 0 61
5 44 29 30 80 17 54 40 30 33 36 98 42 86 43 75 30 38 81 4 72 53 49 50 84 19 20 11 70 18 99 40 95 53 63 10 77 47 14 29 84 35 34 12 54 63 81 2 26 23 19 68 56 85 60 22 90 53 74 80 30 75 45 54 54 50 29 90 52 37 98 18 99 95 66 53 24 40 54 91 23 94 98 86 9 47 78 42 68 9 96 98 42 92 33 92 78 16 61 0
