100
10
0 28 58 70 16 92 64 54 65 79 4 85 13 95 92 100 2 80 51 41 93 7 3 16 23 20 75 75 27 51 73 25 70 97 75 14 35 19 36 19 75 66 16 37 76 76 71 69 49 55 94 47 87 28 63 21 69 14 34 90 91 32 91 50 49 94 88 70 21 5 21 65 85 55 20 54 99 86 85 43 67 26 91 6 54 95 46 59 31 59 8 71 97 13 56 53 25 90 19 100
28 0 20 56 74 76 31 82 96 57 71 69 45 33 34 54 82 61 60 55 1 77 95 37 29 88 91 45 67 7 1 53 82 31 92 86 68 25 68 25 83 97 28 98 11 50 22 47 68 33 99 24 13 96 6 48 99 48 23 5 43 19 83 11 57 69 79 24 13 75 31 73 13 37 90 93 31 54 50 32 62 15 26 43 51 81 6 71 99 13 43 91 16 18 43 20 8 32 76 62
58 20 0 37 43 80 57 26 58 43 78 49 50 10 78 66 70 99 71 92 68 50 18 9 1 71 99 31 42 50 57 36 92 58 58 86 70 85 52 45 1 99 78 47 26 3 93 2 27 34 97 15 53 68 75 68 14 93 31 85 4 8 20 45 82 46 27 5 37 16 19 87 32 95 45 83 39 76 67 29 76 83 39 9 71 83 15 42 26 57 71 99 94 68 20 74 17 73 51 62
70 56 37 0 22 79 38 10 23 35 23 33 43 60 67 14 84 85 64 93 9 93 25 68 91 79 70 82 30 34 40 44 32 30 9 49 78 12 37 13 43 73 35 100 90 59 18 6 59 28 23 39 58 99 66 69 85 84 65 21 97 37 10 87 2 61 41 77 28 40 78 6 79 86 35 34 75 87 32 20 86 65 95 23 98 76 12 10 60 83 28 7 15 71 7 46 5 76 17 20
16 74 43 22 0 54 55 24 7 50 53 54 97 93 4 98 64 13 22 27 18 13 81 67 82 71 86 21 55 99 87 6 39 27 43 27 47 39 15 15 87 37 8 70 88 63 62 50 74 44 66 92 90 32 94 99 67 33 53 46 81 76 77 12 91 13 49 89 92 26 83 14 49 83 52 71 2 73 22 47 90 93 39 38 95 66 28 64 38 32 94 20 44 14 34 3 44 78 76 48
92 76 80 79 54 0 94 6 23 72 65 33 39 40 64 71 20 13 11 8 13 57 27 87 64 65 41 49 20 25 14 39 72 82 55 32 93 45 59 100 28 49 35 64 17 1 60 16 82 91 72 46 17 18 48 56 25 78 46 27 63 97 44 53 37 45 90 45 93 86 70 49 100 32 19 43 99 6 88 65 52 37 16 91 33 12 67 11 74 47 66 79 5 98 72 94 71 86 38 48
64 31 57 38 55 94 0 67 77 95 26 42 35 29 42 7 46 81 51 47 97 76 64 6 18 83 83 95 69 80 48 93 74 9 88 80 33 100 48 62 60 25 33 8 88 87 89 8 18 44 3 65 53 52 77 73 50 1 1 95 86 79 62 73 59 88 52 29 80 30 19 75 27 54 14 87 72 86 35 78 99 7 22 47 75 10 100 73 84 90 38 81 89 59 30 62 92 36 36 11
54 82 26 10 24 6 67 0 20 19 31 86 21 34 98 81 88 89 13 69 30 13 59 83 21 91 52 42 26 94 66 16 26 22 85 1 25 26 90 61 83 12 81 39 90 72 23 4 68 3 71 4 100 81 65 36 14 100 72 83 18 64 57 61 98 27 10 61 51 86 54 69 64 42 10 25 80 32 74 89 32 90 67 3 67 60 40 41 51 71 53 49 95 83 87 53 76 24 76 1
65 96 58 23 7 23 77 20 0 65 77 77 68 69 58 8 83 80 3 81 80 22 47 93 18 18 39 83 38 80 16 15 86 24 33 54 34 95 46 52 92 87 36 4 53 7 51 75 45 13 82 24 65 80 50 73 68 63 15 86 28 40 90 52 77 9 13 69 80 75 11 35 30 57 97 98 22 33 38 36 12 21 92 16 41 8 84 76 59 35 74 85 57 89 4 23 72 57 19 12
79 57 43 35 50 72 95 19 65 0 76 83 65 81 18 1 36 21 61 10 13 3 57 40 79 40 99 65 43 68 90 94 3 31 57 63 39 56 47 50 15 55 51 7 22 68 44 90 84 77 71 5 17 45 36 82 48 69 46 86 65 83 40 6 16 22 84 79 39 88 84 90 22 4 74 78 42 80 92 94 53 87 53 10 64 43 12 98 68 46 46 53 70 11 57 83 64 90 25 59
4 71 78 23 53 65 26 31 77 76 0 92 21 59 75 100 44 49 8 70 97 32 40 74 39 68 65 22 48 96 33 74 46 96 1 12 57 76 94 8 52 58 24 72 17 98 71 53 12 10 22 86 43 65 26 41 36 98 76 22 32 94 2 47 2 52 20 10 20 96 71 94 95 10 67 44 61 39 72 4 93 14 13 18 25 55 69 37 12 9 1 64 87 8 70 10 99 57 1 28
85 69 49 33 54 33 42 86 77 83 92 0 15 34 53 25 53 4 56 73 29 10 66 51 57 53 83 13 30 46 80 56 18 97 24 56 52 78 90 86 33 70 46 22 54 57 54 98 63 32 36 16 86 24 65 2 21 27 45 84 18 50 82 75 68 31 85 5 29 18 62 75 97 23 45 58 51 35 34 56 41 31 83 81 48 90 62 19 65 9 79 1 78 56 6 49 92 58 28 15
13 45 50 43 97 39 35 21 68 65 21 15 0 89 26 64 12 98 55 49 15 69 39 76 45 76 3 68 42 95 91 77 39 83 28 2 96 44 5 84 17 64 9 4 28 10 69 63 10 76 64 10 54 58 46 64 91 76 71 64 57 34 83 91 39 62 65 16 50 10 40 51 82 13 28 74 73 81 9 68 18 74 98 93 2 80 89 32 38 19 88 4 27 94 61 32 16 10 15 73
95 33 10 60 93 40 29 34 69 81 59 34 89 0 80 78 88 46 11 49 31 84 63 66 56 40 26 17 33 26 4 53 75 28 100 49 6 52 70 80 8 24 4 3 21 58 53 6 43 47 40 27 68 41 98 10 16 9 44 90 86 75 70 53 53 61 44 72 84 2 53 52 69 32 56 46 93 63 36 3 82 10 16 60 85 36 77 75 24 19 48 31 80 96 100 71 88 69 42 73
92 34 78 67 4 64 42 98 58 18 75 53 26 80 0 12 10 26 17 96 85 85 91 20 19 66 24 29 82 33 30 75 12 68 20 22 30 57 87 81 86 65 53 43 81 91 48 15 94 6 69 4 15 99 79 23 71 16 8 58 32 16 76 95 74 48 72 23 14 92 40 80 36 72 88 91 35 63 43 3 19 37 60 7 60 94 60 62 7 24 40 3 83 9 97 96 7 68 39 68
100 54 66 14 98 71 7 81 8 1 100 25 64 78 12 0 93 21 31 72 20 89 99 81 27 35 67 42 57 33 69 55 95 23 54 96 9 76 40 79 99 99 91 31 61 30 36 61 52 9 87 68 58 39 11 27 39 24 25 30 7 61 89 87 42 66 19 65 65 96 46 72 32 35 76 99 13 22 76 62 75 74 89 35 18 85 4 11 10 24 20 47 58 85 78 65 19 35 83 31
2 82 70 84 64 20 46 88 83 36 44 53 12 88 10 93 0 98 3 18 80 26 17 13 88 19 8 51 33 88 72 31 11 100 24 31 29 23 1 32 100 28 26 55 63 89 9 8 49 77 66 66 11 48 7 68 14 85 76 46 8 37 62 47 52 95 47 24 29 14 9 97 49 45 48 33 46 87 100 60 98 10 18 93 89 38 80 16 80 54 94 88 21 87 98 88 38 81 16 82
80 61 99 85 13 13 81 89 80 21 49 4 98 46 26 21 98 0 74 57 76 16 80 53 10 50 69 70 74 45 68 33 64 84 80 15 18 98 3 46 4 69 74 84 91 48 39 40 45 15 2 75 16 23 88 55 88 76 79 56 27 44 22 88 76 24 40 86 87 95 23 91 83 41 71 81 93 99 79 41 58 22 41 93 68 45 32 56 50 96 68 79 100 50 18 64 36 52 93 36
51 60 71 64 22 11 51 13 3 61 8 56 55 11 17 31 3 74 0 20 71 33 37 9 94 14 97 93 81 79 45 78 100 50 54 29 68 67 1 79 4 18 11 2 46 50 93 30 18 38 17 71 58 30 25 44 40 84 62 6 40 8 33 18 38 26 99 80 76 61 30 76 10 97 98 3 75 14 73 84 79 26 85 72 25 25 9 70 77 80 37 41 66 21 45 65 94 48 43 91
41 55 92 93 27 8 47 69 81 10 70 73 49 49 96 72 18 57 20 0 42 27 2 41 55 27 19 25 29 46 80 89 67 23 40 7 86 12 16 63 12 16 49 60 24 62 54 27 48 28 1 36 15 3 19 24 23 42 27 87 10 30 94 37 66 93 90 9 40 61 87 66 51 91 68 84 70 94 10 61 89 84 55 81 68 21 58 22 48 70 55 6 94 52 61 88 70 41 88 80
93 1 68 9 18 13 97 30 80 13 97 29 15 31 85 20 80 76 71 42 0 99 95 68 17 36 32 61 41 89 28 64 48 70 80 31 58 91 67 64 9 24 97 73 74 49 20 49 60 63 85 77 65 34 35 89 88 11 25 74 98 47 82 67 61 32 48 50 81 71 73 40 40 66 31 63 83 19 23 61 40 63 64 24 11 52 57 16 47 14 94 26 92 5 14 50 94 73 78 98
7 77 50 93 13 57 76 13 22 3 32 10 69 84 85 89 26 16 33 27 99 0 84 68 82 60 8 3 3 81 48 91 9 37 55 73 4 95 77 7 62 54 27 56 17 29 13 66 26 62 89 54 66 2 2 45 53 83 40 76 82 4 67 77 85 85 54 82 5 38 92 77 34 99 45 96 99 20 76 63 87 77 23 80 16 44 31 80 82 39 18 82 64 45 61 66 96 50 76 87
3 95 18 25 81 27 64 59 47 57 40 66 39 63 91 99 17 80 37 2 95 84 0 80 57 5 1 40 39 80 83 18 51 58 100 46 84 22 14 100 58 98 22 14 43 63 74 1 35 16 41 21 77 86 42 22 35 4 77 10 61 71 90 73 97 76 48 72 29 84 84 5 11 96 51 33 45 56 82 60 79 4 52 47 28 50 13 91 67 51 26 4 12 97 47 31 20 38 97 19
16 37 9 68 67 87 6 83 93 40 74 51 76 66 20 81 13 53 9 41 68 68 80 0 90 42 47 35 33 48 57 79 71 69 28 45 74 37 19 4 15 70 61 66 97 28 34 81 68 21 17 88 65 2 100 81 74 49 74 97 71 93 95 97 60 67 75 66 40 33 37 58 32 46 85 60 61 32 98 44 88 19 11 29 38 15 63 85 51 16 48 4 42 83 47 50 90 96 31 73
23 29 1 91 82 64 18 21 18 79 39 57 45 56 19 27 88 10 94 55 17 82 57 90 0 96 1 40 41 45 32 70 95 33 19 50 97 88 34 36 34 39 44 14 60 59 47 69 37 36 78 52 68 76 10 73 74 54 84 62 2 60 96 100 61 26 59 57 59 7 97 27 87 81 54 72 43 1 33 99 14 46 100 62 99 66 90 77 46 47 58 43 57 100 47 40 21 74 82 27
20 88 71 79 71 65 83 91 18 40 68 53 76 40 66 35 19 50 14 27 36 60 5 42 96 0 33 31 75 64 35 29 93 76 27 93 50 24 45 22 38 87 38 9 18 7 18 90 1 31 2 40 42 42 22 71 32 56 2 64 57 54 47 36 26 41 36 74 69 77 55 69 33 8 78 39 97 99 5 97 9 16 94 63 50 76 30 36 76 67 29 94 75 27 77 5 7 6 52 21
75 91 99 70 86 41 83 52 39 99 65 83 3 26 24 67 8 69 97 19 32 8 1 47 1 33 0 3 81 55 22 99 61 78 51 7 84 34 25 71 36 37 28 49 88 68 54 87 3 6 32 37 92 9 14 33 28 69 57 62 16 72 8 58 27 9 74 59 87 78 98 49 82 67 1 77 15 82 46 6 30 47 55 11 69 68 15 61 38 56 81 78 95 56 95 22 47 72 99 45
75 45 31 82 21 49 95 42 83 65 22 13 68 17 29 42 51 70 93 25 61 3 40 35 40 31 3 0 60 72 63 70 79 31 85 14 82 8 78 88 19 27 82 90 57 18 56 21 55 96 92 18 10 84 35 6 86 70 2 71 74 6 92 67 55 44 47 9 83 33 30 57 58 17 5 72 30 84 86 79 68 56 21 96 40 93 64 83 79 67 63 7 26 47 5 65 48 9 33 71
27 67 42 30 55 20 69 26 38 43 48 30 42 33 82 57 33 74 81 29 41 3 39 33 41 75 81 60 0 60 90 47 11 50 6 71 87 63 2 70 47 40 3 81 12 57 47 3 2 99 75 18 25 37 74 24 60 62 57 92 97 52 86 1 44 45 27 72 93 62 67 32 41 42 65 61 11 40 48 69 94 29 34 71 39 43 74 87 24 96 59 80 99 97 71 83 78 3 42 84
51 7 50 34 99 25 80 94 80 68 96 46 95 26 33 33 88 45 79 46 89 81 80 48 45 64 55 72 60 0 97 58 42 50 100 9 33 78 31 50 4 95 47 77 34 9 33 5 90 75 80 88 42 30 69 96 78 74 13 36 100 75 2 27 69 36 61 89 78 48 57 5 60 66 33 1 32 1 1 27 62 12 39 91 64 94 70 22 62 23 41 38 22 32 99 94 8 99 31 8
73 1 57 40 87 14 48 66 16 90 33 80 91 4 30 69 72 68 45 80 28 48 83 57 32 35 22 63 90 97 0 93 90 46 10 81 21 53 83 13 38 82 97 19 80 11 6 51 74 27 75 46 34 50 80 74 34 76 64 78 96 44 41 59 2 93 1 63 66 50 35 35 8 37 13 19 36 63 17 94 69 38 50 42 36 18 29 84 22 87 42 100 68 82 21 12 97 21 78 76
25 53 36 44 6 39 93 16 15 94 74 56 77 53 75 55 31 33 78 89 64 91 18 79 70 29 99 70 47 58 93 0 68 94 73 36 95 81 79 31 24 13 28 5 13 24 50 37 80 34 82 31 53 22 21 80 47 17 74 44 84 16 81 92 38 46 69 40 40 76 14 60 21 71 79 71 71 19 24 36 62 7 39 16 50 70 68 69 100 61 48 65 6 92 73 82 83 21 83 94
70 82 92 32 39 72 74 26 86 3 46 18 39 75 12 95 11 64 100 67 48 9 51 71 95 93 61 79 11 42 90 68 0 37 38 24 76 70 59 100 35 14 64 8 44 69 67 6 96 63 19 57 45 56 37 25 21 24 76 17 26 39 26 39 55 74 25 63 5 33 2 40 33 96 100 70 10 55 99 96 90 24 67 72 26 78 85 32 2 81 35 37 58 22 43 70 58 30 92 49
97 31 58 30 27 82 9 22 24 31 96 97 83 28 68 23 100 84 50 23 70 37 58 69 33 76 78 31 50 50 46 94 37 0 85 96 61 72 92 7 18 36 36 99 11 92 54 2 60 58 98 6 75 7 34 91 47 23 100 48 67 22 88 88 89 13 78 22 21 75 70 11 59 55 37 15 76 20 39 92 40 40 6 40 24 25 54 87 74 42 86 90 44 59 58 39 12 28 58 35
75 92 58 9 43 55 88 85 33 57 1 24 28 100 20 54 24 80 54 40 80 55 100 28 19 27 51 85 6 100 10 73 38 85 0 65 4 78 65 82 50 38 24 47 45 59 29 6 53 5 74 71 94 36 22 14 8 62 69 33 56 78 54 98 6 44 37 10 76 21 61 52 83 9 59 52 59 37 57 56 26 29 70 2 78 67 67 42 8 94 31 4 10 47 21 80 87 93 53 70
14 86 86 49 27 32 80 1 54 63 12 56 2 49 22 96 31 15 29 7 31 73 46 45 50 93 7 14 71 9 81 36 24 96 65 0 16 21 98 60 6 79 31 21 56 57 16 57 13 82 19 19 67 25 34 10 97 70 53 18 44 81 57 59 51 29 46 60 64 97 42 54 71 37 21 48 14 79 10 15 47 10 10 76 13 84 65 81 14 60 21 18 40 39 96 3 17 69 93 38
35 68 70 78 47 93 33 25 34 39 57 52 96 6 30 9 29 18 68 86 58 4 84 74 97 50 84 82 87 33 21 95 76 61 4 16 0 70 52 47 32 20 64 79 39 70 74 76 59 68 43 99 14 8 11 56 8 100 2 15 6 50 64 64 53 44 68 5 44 64 52 41 73 32 67 71 49 77 15 70 97 69 81 32 94 88 38 10 13 68 13 29 89 37 1 40 91 9 47 11
19 25 85 12 39 45 100 26 95 56 76 78 44 52 57 76 23 98 67 12 91 95 22 37 88 24 34 8 63 78 53 81 70 72 78 21 70 0 51 23 83 82 89 15 70 33 14 3 89 98 97 86 25 52 33 37 6 59 33 87 29 8 43 69 45 45 63 2 79 34 87 37 14 23 98 34 92 68 86 6 99 28 87 42 7 25 4 61 28 80 11 98 33 78 23 11 25 25 3 91
36 68 52 37 15 59 48 90 46 47 94 90 5 70 87 40 1 3 1 16 67 77 14 19 34 45 25 78 2 31 83 79 59 92 65 98 52 51 0 7 77 27 50 43 73 7 59 15 1 87 65 37 22 64 25 12 10 93 21 51 42 3 70 14 39 74 97 51 61 5 49 46 25 70 28 44 87 58 48 89 73 26 78 50 24 83 66 38 32 87 83 67 31 49 65 80 75 70 74 64
19 25 45 13 15 100 62 61 52 50 8 86 84 80 81 79 32 46 79 63 64 7 100 4 36 22 71 88 70 50 13 31 100 7 82 60 47 23 7 0 46 61 75 36 34 23 47 95 25 17 93 4 24 34 9 45 24 89 81 100 33 34 47 79 82 64 61 50 57 33 17 95 54 100 93 69 43 99 35 72 89 38 31 11 46 47 53 23 81 13 26 84 85 66 5 59 93 1 26 89
75 83 1 43 87 28 60 83 92 15 52 33 17 8 86 99 100 4 4 12 9 62 58 15 34 38 36 19 47 4 38 24 35 18 50 6 32 83 77 46 0 22 59 47 6 78 20 14 99 38 77 9 83 29 37 34 81 99 55 90 76 87 45 40 88 52 26 16 71 19 1 85 64 94 99 40 4 94 3 42 64 82 68 17 36 49 38 73 11 34 59 59 42 78 38 78 17 90 98 57
66 97 99 73 37 49 25 12 87 55 58 70 64 24 65 99 28 69 18 16 24 54 98 70 39 87 37 27 40 95 82 13 14 36 38 79 20 82 27 61 22 0 99 47 91 58 65 18 94 3 30 70 11 74 18 99 14 28 37 50 33 98 16 66 81 56 76 94 18 76 6 52 40 19 91 40 29 80 59 81 48 17 71 75 69 22 14 41 71 7 61 25 71 27 56 24 75 99 16 56
16 28 78 35 8 35 33 81 36 51 24 46 9 4 53 91 26 74 11 49 97 27 22 61 44 38 28 82 3 47 97 28 64 36 24 31 64 89 50 75 59 99 0 42 11 85 34 30 86 65 43 65 70 22 74 59 87 32 50 91 83 8 25 93 38 20 27 50 49 19 52 36 70 56 31 27 40 64 95 37 71 71 48 7 9 19 33 59 38 43 43 52 99 93 15 73 14 49 80 88
37 98 47 100 70 64 8 39 4 7 72 22 4 3 43 31 55 84 2 60 73 56 14 66 14 9 49 90 81 77 19 5 8 99 47 21 79 15 43 36 47 47 42 0 66 80 36 67 91 52 28 90 16 8 81 39 34 74 6 62 90 76 60 43 32 86 38 62 12 87 21 38 6 19 6 27 93 12 39 50 12 15 34 58 48 67 86 27 46 38 61 29 58 87 78 77 34 94 28 99
76 11 26 90 88 17 88 90 53 22 17 54 28 21 81 61 63 91 46 24 74 17 43 97 60 18 88 57 12 34 80 13 44 11 45 56 39 70 73 34 6 91 11 66 0 19 23 62 86 41 75 54 18 56 18 40 29 65 27 3 95 36 12 74 31 55 94 12 14 31 45 56 36 78 83 75 27 47 24 90 9 14 62 33 54 37 80 7 24 49 36 73 20 96 50 70 68 81 53 37
76 50 3 59 63 1 87 72 7 68 98 57 10 58 91 30 89 48 50 62 49 29 63 28 59 7 68 18 57 9 11 24 69 92 59 57 70 33 7 23 78 58 85 80 19 0 12 57 18 52 27 5 23 57 19 2 85 47 54 66 36 16 72 36 54 4 18 91 50 11 98 34 35 61 60 78 9 48 51 28 32 32 29 20 49 28 14 93 6 1 86 29 34 6 80 42 93 99 18 23
71 22 93 18 62 60 89 23 51 44 71 54 69 53 48 36 9 39 93 54 20 13 74 34 47 18 54 56 47 33 6 50 67 54 29 16 74 14 59 47 20 65 34 36 23 12 0 30 84 68 33 97 82 22 26 43 69 81 29 17 53 97 89 10 28 15 31 63 76 51 95 87 50 41 68 20 97 99 52 17 32 81 78 13 90 95 17 43 10 27 92 78 30 7 4 27 57 17 59 87
69 47 2 6 50 16 8 4 75 90 53 98 63 6 15 61 8 40 30 27 49 66 1 81 69 90 87 21 3 5 51 37 6 2 6 57 76 3 15 95 14 18 30 67 62 57 30 0 53 56 12 41 10 23 65 76 43 26 10 78 73 49 96 61 27 93 66 87 88 31 75 77 59 62 96 7 41 96 8 17 42 15 96 62 52 80 8 93 47 93 26 10 53 44 83 22 59 5 67 86
49 68 27 59 74 82 18 68 45 84 12 63 10 43 94 52 49 45 18 48 60 26 35 68 37 1 3 55 2 90 74 80 96 60 53 13 59 89 1 25 99 94 86 91 86 18 84 53 0 20 49 27 52 31 88 57 52 22 38 74 8 30 81 49 59 99 90 26 70 68 64 1 30 89 33 90 40 92 39 23 79 53 15 3 16 97 18 84 55 42 18 76 84 11 65 96 99 99 37 32
55 33 34 28 44 91 44 3 13 77 10 32 76 47 6 9 77 15 38 28 63 62 16 21 36 31 6 96 99 75 27 34 63 58 5 82 68 98 87 17 38 3 65 52 41 52 68 56 20 0 50 27 82 90 33 95 75 36 40 48 62 46 56 69 95 39 13 86 33 4 27 77 90 44 38 15 21 73 42 66 85 90 18 57 76 84 37 81 84 43 20 95 78 83 27 68 38 4 13 59
94 99 97 23 66 72 3 71 82 71 22 36 64 40 69 87 66 2 17 1 85 89 41 17 78 2 32 92 75 80 75 82 19 98 74 19 43 97 65 93 77 30 43 28 75 27 33 12 49 50 0 95 80 39 95 11 80 79 86 49 5 69 55 94 24 86 57 88 79 2 46 91 90 61 84 60 12 82 20 40 8 44 29 30 40 23 97 23 18 82 28 27 61 99 35 99 71 91 33 92
47 24 15 39 92 46 65 4 24 5 86 16 10 27 4 68 66 75 71 36 77 54 21 88 52 40 37 18 18 88 46 31 57 6 71 19 99 86 37 4 9 70 65 90 54 5 97 41 27 27 95 0 78 2 37 78 49 25 97 54 51 4 66 23 95 82 66 1 66 57 3 57 3 21 41 77 72 10 50 37 30 75 64 56 3 33 6 63 44 7 18 43 70 69 100 80 66 66 16 51
87 13 53 58 90 17 53 100 65 17 43 86 54 68 15 58 11 16 58 15 65 66 77 65 68 42 92 10 25 42 34 53 45 75 94 67 14 25 22 24 83 11 70 16 18 23 82 10 52 82 80 78 0 94 77 74 61 96 72 41 99 39 28 26 17 90 94 23 62 89 77 81 63 7 77 33 38 79 40 10 46 16 64 29 7 49 72 73 61 11 97 70 18 91 22 87 84 39 61 65
28 96 68 99 32 18 52 81 80 45 65 24 58 41 99 39 48 23 30 3 34 2 86 2 76 42 9 84 37 30 50 22 56 7 36 25 8 52 64 34 29 74 22 8 56 57 22 23 31 90 39 2 94 0 95 24 50 28 17 81 84 64 25 21 75 51 29 17 96 99 63 95 58 100 3 72 20 8 16 26 88 90 24 20 63 9 43 55 59 40 18 61 58 28 14 8 32 27 6 31
63 6 75 66 94 48 77 65 50 36 26 65 46 98 79 11 7 88 25 19 35 2 42 100 10 22 14 35 74 69 80 21 37 34 22 34 11 33 25 9 37 18 74 81 18 19 26 65 88 33 95 37 77 95 0 84 73 7 75 87 94 96 19 32 28 65 94 4 28 69 63 33 73 5 8 75 51 89 26 96 85 40 10 33 9 57 19 16 41 11 37 34 7 15 46 81 82 84 51 42
21 48 68 69 99 56 73 36 73 82 41 2 64 10 23 27 68 55 44 24 89 45 22 81 73 71 33 6 24 96 74 80 25 91 14 10 56 37 12 45 34 99 59 39 40 2 43 76 57 95 11 78 74 24 84 0 33 13 83 82 65 13 17 72 40 67 88 29 31 93 8 28 1 47 15 76 52 9 92 38 28 36 74 62 49 7 84 57 25 84 92 7 78 46 77 74 12 16 69 51
69 99 14 85 67 25 50 14 68 48 36 21 91 16 71 39 14 88 40 23 88 53 35 74 74 32 28 86 60 78 34 47 21 47 8 97 8 6 10 24 81 14 87 34 29 85 69 43 52 75 80 49 61 50 73 33 0 43 49 73 79 50 79 63 3 23 4 21 53 99 68 38 94 61 44 94 16 68 83 53 71 35 8 21 80 6 76 17 92 82 62 78 52 82 24 2 34 87 62 59
14 48 93 84 33 78 1 100 63 69 98 27 76 9 16 24 85 76 84 42 11 83 4 49 54 56 69 70 62 74 76 17 24 23 62 70 100 59 93 89 99 28 32 74 65 47 81 26 22 36 79 25 96 28 7 13 43 0 61 86 24 39 81 77 78 70 1 30 76 56 5 56 2 98 7 4 53 24 20 11 37 17 72 11 39 43 8 51 36 27 99 24 63 91 29 91 15 20 88 4
34 23 31 65 53 46 1 72 15 46 76 45 71 44 8 25 76 79 62 27 25 40 77 74 84 2 57 2 57 13 64 74 76 100 69 53 2 33 21 81 55 37 50 6 27 54 29 10 38 40 86 97 72 17 75 83 49 61 0 74 95 52 42 3 2 24 81 13 95 60 77 52 98 41 23 46 57 6 11 83 17 53 99 29 44 86 72 50 46 59 91 97 91 97 59 50 36 48 34 13
90 5 85 21 46 27 95 83 86 86 22 84 64 90 58 30 46 56 6 87 74 76 10 97 62 64 62 71 92 36 78 44 17 48 33 18 15 87 51 100 90 50 91 62 3 66 17 78 74 48 49 54 41 81 87 82 73 86 74 0 81 96 69 75 52 24 18 33 2 96 16 81 12 1 5 47 30 30 66 43 81 65 94 95 78 62 32 82 75 23 50 38 37 64 32 12 42 19 14 77
91 43 4 97 81 63 86 18 28 65 32 18 57 86 32 7 8 27 40 10 98 82 61 71 2 57 16 74 97 100 96 84 26 67 56 44 6 29 42 33 76 33 83 90 95 36 53 73 8 62 5 51 99 84 94 65 79 24 95 81 0 22 14 57 81 33 36 43 27 11 93 96 64 8 88 25 79 3 60 5 28 35 81 42 72 58 3 30 14 19 28 32 65 97 32 7 80 78 96 20
32 19 8 37 76 97 79 64 40 83 94 50 34 75 16 61 37 44 8 30 47 4 71 93 60 54 72 6 52 75 44 16 39 22 78 81 50 8 3 34 87 98 8 76 36 16 97 49 30 46 69 4 39 64 96 13 50 39 52 96 22 0 96 67 94 45 7 6 35 94 83 89 76 52 22 49 63 67 48 13 55 49 40 97 87 75 8 91 69 38 98 59 71 56 86 21 6 47 77 78
91 83 20 10 77 44 62 57 90 40 2 82 83 70 76 89 62 22 33 94 82 67 90 95 96 47 8 92 86 2 41 81 26 88 54 57 64 43 70 47 45 16 25 60 12 72 89 96 81 56 55 66 28 25 19 17 79 81 42 69 14 96 0 89 83 74 49 83 63 67 17 57 12 68 2 47 79 79 14 67 90 72 7 85 73 80 30 5 61 81 93 33 3 2 32 99 95 19 98 85
50 11 45 87 12 53 73 61 52 6 47 75 91 53 95 87 47 88 18 37 67 77 73 97 100 36 58 67 1 27 59 92 39 88 98 59 64 69 14 79 40 66 93 43 74 36 10 61 49 69 94 23 26 21 32 72 63 77 3 75 57 67 89 0 20 63 65 86 60 94 86 53 99 37 2 96 7 24 3 1 88 31 66 69 44 79 3 63 49 55 24 76 56 46 74 31 42 30 58 88
49 57 82 2 91 37 59 98 77 16 2 68 39 53 74 42 52 76 38 66 61 85 97 60 61 26 27 55 44 69 2 38 55 89 6 51 53 45 39 82 88 81 38 32 31 54 28 27 59 95 24 95 17 75 28 40 3 78 2 52 81 94 83 20 0 61 76 39 2 82 92 7 49 41 9 94 24 21 5 42 13 21 65 2 11 6 76 47 71 8 48 85 81 61 48 11 49 9 22 91
94 69 46 61 13 45 88 27 9 22 52 31 62 61 48 66 95 24 26 93 32 85 76 67 26 41 9 44 45 36 93 46 74 13 44 29 44 45 74 64 52 56 20 86 55 4 15 93 99 39 86 82 90 51 65 67 23 70 24 24 33 45 74 63 61 0 95 58 5 22 68 84 97 88 31 53 91 11 82 82 17 78 83 99 37 80 58 51 20 58 44 60 28 69 15 43 98 23 70 64
88 79 27 41 49 90 52 10 13 84 20 85 65 44 72 19 47 40 99 90 48 54 48 75 59 36 74 47 27 61 1 69 25 78 37 46 68 63 97 61 26 76 27 38 94 18 31 66 90 13 57 66 94 29 94 88 4 1 81 18 36 7 49 65 76 95 0 92 60 23 67 77 56 92 42 39 69 73 25 36 65 96 86 37 31 7 6 29 5 67 25 67 3 4 12 50 1 69 91 63
70 24 5 77 89 45 29 61 69 79 10 5 16 72 23 65 24 86 80 9 50 82 72 66 57 74 59 9 72 89 63 40 63 22 10 60 5 2 51 50 16 94 50 62 12 91 63 87 26 86 88 1 23 17 4 29 21 30 13 33 43 6 83 86 39 58 92 0 91 67 81 58 40 79 30 43 71 74 65 41 97 70 10 91 94 40 51 32 99 82 1 45 1 48 69 78 100 9 35 29
21 13 37 28 92 93 80 51 80 39 20 29 50 84 14 65 29 87 76 40 81 5 29 40 59 69 87 83 93 78 66 40 5 21 76 64 44 79 61 57 71 18 49 12 14 50 76 88 70 33 79 66 62 96 28 31 53 76 95 2 27 35 63 60 2 5 60 91 0 45 16 54 92 58 59 94 75 89 46 15 17 89 57 51 12 35 6 36 83 18 99 44 32 88 39 97 72 74 43 63
5 75 16 40 26 86 30 86 75 88 96 18 10 2 92 96 14 95 61 61 71 38 84 33 7 77 78 33 62 48 50 76 33 75 21 97 64 34 5 33 19 76 19 87 31 11 51 31 68 4 2 57 89 99 69 93 99 56 60 96 11 94 67 94 82 22 23 67 45 0 73 21 60 41 31 32 12 42 97 36 80 41 92 73 72 27 81 62 77 53 56 24 1 9 90 9 21 74 24 73
21 31 19 78 83 70 19 54 11 84 71 62 40 53 40 46 9 23 30 87 73 92 84 37 97 55 98 30 67 57 35 14 2 70 61 42 52 87 49 17 1 6 52 21 45 98 95 75 64 27 46 3 77 63 63 8 68 5 77 16 93 83 17 86 92 68 67 81 16 73 0 61 13 30 41 19 89 63 89 23 66 39 65 47 82 45 89 74 74 42 44 78 5 45 91 56 76 82 20 98
65 73 87 6 14 49 75 69 35 90 94 75 51 52 80 72 97 91 76 66 40 77 5 58 27 69 49 57 32 5 35 60 40 11 52 54 41 37 46 95 85 52 36 38 56 34 87 77 1 77 91 57 81 95 33 28 38 56 52 81 96 89 57 53 7 84 77 58 54 21 61 0 40 4 58 19 52 57 28 50 39 62 49 94 29 8 39 21 1 82 83 57 24 7 45 9 96 30 68 38
85 13 32 79 49 100 27 64 30 22 95 97 82 69 36 32 49 83 10 51 40 34 11 32 87 33 82 58 41 60 8 21 33 59 83 71 73 14 25 54 64 40 70 6 36 35 50 59 30 90 90 3 63 58 73 1 94 2 98 12 64 76 12 99 49 97 56 40 92 60 13 40 0 93 68 69 52 44 99 28 92 56 5 27 42 28 8 88 18 58 60 60 28 79 91 70 56 74 47 49
55 37 95 86 83 32 54 42 57 4 10 23 13 32 72 35 45 41 97 91 66 99 96 46 81 8 67 17 42 66 37 71 96 55 9 37 32 23 70 100 94 19 56 19 78 61 41 62 89 44 61 21 7 100 5 47 61 98 41 1 8 52 68 37 41 88 92 79 58 41 30 4 93 0 96 99 59 15 77 92 29 31 75 67 62 67 63 8 94 41 50 3 19 22 76 46 47 1 39 4
20 90 45 35 52 19 14 10 97 74 67 45 28 56 88 76 48 71 98 68 31 45 51 85 54 78 1 5 65 33 13 79 100 37 59 21 67 98 28 93 99 91 31 6 83 60 68 96 33 38 84 41 77 3 8 15 44 7 23 5 88 22 2 2 9 31 42 30 59 31 41 58 68 96 0 75 59 77 20 39 82 100 13 14 50 63 42 4 92 71 14 80 93 83 47 42 27 28 27 29
54 93 83 34 71 43 87 25 98 78 44 58 74 46 91 99 33 81 3 84 63 96 33 60 72 39 77 72 61 1 19 71 70 15 52 48 71 34 44 69 40 40 27 27 75 78 20 7 90 15 60 77 33 72 75 76 94 4 46 47 25 49 47 96 94 53 39 43 94 32 19 19 69 99 75 0 94 38 9 71 93 95 13 82 28 87 59 64 61 36 26 84 2 99 93 31 29 11 54 75
99 31 39 75 2 99 72 80 22 42 61 51 73 93 35 13 46 93 75 70 83 99 45 61 43 97 15 30 11 32 36 71 10 76 59 14 49 92 87 43 4 29 40 93 27 9 97 41 40 21 12 72 38 20 51 52 16 53 57 30 79 63 79 7 24 91 69 71 75 12 89 52 52 59 59 94 0 41 14 28 14 81 65 94 99 19 87 24 31 79 43 38 97 63 26 44 64 93 34 59
86 54 76 87 73 6 86 32 33 80 39 35 81 63 63 22 87 99 14 94 19 20 56 32 1 99 82 84 40 1 63 19 55 20 37 79 77 68 58 99 94 80 64 12 47 48 99 96 92 73 82 10 79 8 89 9 68 24 6 30 3 67 79 24 21 11 73 74 89 42 63 57 44 15 77 38 41 0 79 29 24 98 83 4 16 18 96 25 11 83 72 71 62 74 52 94 45 97 37 66
85 50 67 32 22 88 35 74 38 92 72 34 9 36 43 76 100 79 73 10 23 76 82 98 33 5 46 86 48 1 17 24 99 39 57 10 15 86 48 35 3 59 95 39 24 51 52 8 39 42 20 50 40 16 26 92 83 20 11 66 60 48 14 3 5 82 25 65 46 97 89 28 99 77 20 9 14 79 0 53 44 26 76 36 1 3 77 94 58 58 34 6 15 42 65 48 11 34 1 96
43 32 29 20 47 65 78 89 36 94 4 56 68 3 3 62 60 41 84 61 61 63 60 44 99 97 6 79 69 27 94 36 96 92 56 15 70 6 89 72 42 81 37 50 90 28 17 17 23 66 40 37 10 26 96 38 53 11 83 43 5 13 67 1 42 82 36 41 15 36 23 50 28 92 39 71 28 29 53 0 9 30 11 69 51 10 21 18 13 39 60 100 49 46 18 73 57 18 96 72
67 62 76 86 90 52 99 32 12 53 93 41 18 82 19 75 98 58 79 89 40 87 79 88 14 9 30 68 94 62 69 62 90 40 26 47 97 99 73 89 64 48 71 12 9 32 32 42 79 85 8 30 46 88 85 28 71 37 17 81 28 55 90 88 13 17 65 97 17 80 66 39 92 29 82 93 14 24 44 9 0 76 53 67 61 4 29 61 35 34 64 26 56 10 7 53 97 78 2 63
26 15 83 65 93 37 7 90 21 87 14 31 74 10 37 74 10 22 26 84 63 77 4 19 46 16 47 56 29 12 38 7 24 40 29 10 69 28 26 38 82 17 71 15 14 32 81 15 53 90 44 75 16 90 40 36 35 17 53 65 35 49 72 31 21 78 96 70 89 41 39 62 56 31 100 95 81 98 26 30 76 0 32 98 28 23 92 25 38 50 58 77 23 85 23 48 59 75 72 45
91 26 39 95 39 16 22 67 92 53 13 83 98 16 60 89 18 41 85 55 64 23 52 11 100 94 55 21 34 39 50 39 67 6 70 10 81 87 78 31 68 71 48 34 62 29 78 96 15 18 29 64 64 24 10 74 8 72 99 94 81 40 7 66 65 83 86 10 57 92 65 49 5 75 13 13 65 83 76 11 53 32 0 44 65 63 95 66 15 38 73 99 38 52 86 66 28 84 70 69
6 43 9 23 38 91 47 3 16 10 18 81 93 60 7 35 93 93 72 81 24 80 47 29 62 63 11 96 71 91 42 16 72 40 2 76 32 42 50 11 17 75 7 58 33 20 13 62 3 57 30 56 29 20 33 62 21 11 29 95 42 97 85 69 2 99 37 91 51 73 47 94 27 67 14 82 94 4 36 69 67 98 44 0 58 88 18 99 6 34 2 26 99 15 46 10 75 94 54 56
54 51 71 98 95 33 75 67 41 64 25 48 2 85 60 18 89 68 25 68 11 16 28 38 99 50 69 40 39 64 36 50 26 24 78 13 94 7 24 46 36 69 9 48 54 49 90 52 16 76 40 3 7 63 9 49 80 39 44 78 72 87 73 44 11 37 31 94 12 72 82 29 42 62 50 28 99 16 1 51 61 28 65 58 0 11 1 32 15 74 63 52 89 29 48 48 31 40 25 16
95 81 83 76 66 12 10 60 8 43 55 90 80 36 94 85 38 45 25 21 52 44 50 15 66 76 68 93 43 94 18 70 78 25 67 84 88 25 83 47 49 22 19 67 37 28 95 80 97 84 23 33 49 9 57 7 6 43 86 62 58 75 80 79 6 80 7 40 35 27 45 8 28 67 63 87 19 18 3 10 4 23 63 88 11 0 91 97 60 33 2 8 27 38 10 100 6 96 67 53
46 6 15 12 28 67 100 40 84 12 69 62 89 77 60 4 80 32 9 58 57 31 13 63 90 30 15 64 74 70 29 68 85 54 67 65 38 4 66 53 38 14 33 86 80 14 17 8 18 37 97 6 72 43 19 84 76 8 72 32 3 8 30 3 76 58 6 51 6 81 89 39 8 63 42 59 87 96 77 21 29 92 95 18 1 91 0 51 47 1 47 50 48 64 27 77 51 95 41 84
59 71 42 10 64 11 73 41 76 98 37 19 32 75 62 11 16 56 70 22 16 80 91 85 77 36 61 83 87 22 84 69 32 87 42 81 10 61 38 23 73 41 59 27 7 93 43 93 84 81 23 63 73 55 16 57 17 51 50 82 30 91 5 63 47 51 29 32 36 62 74 21 88 8 4 64 24 25 94 18 61 25 66 99 32 97 51 0 40 8 43 78 34 71 40 62 31 73 98 21
31 99 26 60 38 74 84 51 59 68 12 65 38 24 7 10 80 50 77 48 47 82 67 51 46 76 38 79 24 62 22 100 2 74 8 14 13 28 32 81 11 71 38 46 24 6 10 47 55 84 18 44 61 59 41 25 92 36 46 75 14 69 61 49 71 20 5 99 83 77 74 1 18 94 92 61 31 11 58 13 35 38 15 6 15 60 47 40 0 24 68 46 24 68 29 86 6 29 50 29
59 13 57 83 32 47 90 71 35 46 9 9 19 19 24 24 54 96 80 70 14 39 51 16 47 67 56 67 96 23 87 61 81 42 94 60 68 80 87 13 34 7 43 38 49 1 27 93 42 43 82 7 11 40 11 84 82 27 59 23 19 38 81 55 8 58 67 82 18 53 42 82 58 41 71 36 79 83 58 39 34 50 38 34 74 33 1 8 24 0 55 20 81 64 13 9 13 67 51 35
8 43 71 28 94 66 38 53 74 46 1 79 88 48 40 20 94 68 37 55 94 18 26 48 58 29 81 63 59 41 42 48 35 86 31 21 13 11 83 26 59 61 43 61 36 86 92 26 18 20 28 18 97 18 37 92 62 99 91 50 28 98 93 24 48 44 25 1 99 56 44 83 60 50 14 26 43 72 34 60 64 58 73 2 63 2 47 43 68 55 0 55 3 64 73 34 99 12 15 67
71 91 99 7 20 79 81 49 85 53 64 1 4 31 3 47 88 79 41 6 26 82 4 4 43 94 78 7 80 38 100 65 37 90 4 18 29 98 67 84 59 25 52 29 73 29 78 10 76 95 27 43 70 61 34 7 78 24 97 38 32 59 33 76 85 60 67 45 44 24 78 57 60 3 80 84 38 71 6 100 26 77 99 26 52 8 50 78 46 20 55 0 78 3 40 2 7 16 70 29
97 16 94 15 44 5 89 95 57 70 87 78 27 80 83 58 21 100 66 94 92 64 12 42 57 75 95 26 99 22 68 6 58 44 10 40 89 33 31 85 42 71 99 58 20 34 30 53 84 78 61 70 18 58 7 78 52 63 91 37 65 71 3 56 81 28 3 1 32 1 5 24 28 19 93 2 97 62 15 49 56 23 38 99 89 27 48 34 24 81 3 78 0 15 34 1 12 61 22 32
13 18 68 71 14 98 59 83 89 11 8 56 94 96 9 85 87 50 21 52 5 45 97 83 100 27 56 47 97 32 82 92 22 59 47 39 37 78 49 66 78 27 93 87 96 6 7 44 11 83 99 69 91 28 15 46 82 91 97 64 97 56 2 46 61 69 4 48 88 9 45 7 79 22 83 99 63 74 42 46 10 85 52 15 29 38 64 71 68 64 64 3 15 0 21 93 57 21 59 62
56 43 20 7 34 72 30 87 4 57 70 6 61 100 97 78 98 18 45 61 14 61 47 47 47 77 95 5 71 99 21 73 43 58 21 96 1 23 65 5 38 56 15 78 50 80 4 83 65 27 35 100 22 14 46 77 24 29 59 32 32 86 32 74 48 15 12 69 39 90 91 45 91 76 47 93 26 52 65 18 7 23 86 46 48 10 27 40 29 13 73 40 34 21 0 43 4 22 55 19
53 20 74 46 3 94 62 53 23 83 10 49 32 71 96 65 88 64 65 88 50 66 31 50 40 5 22 65 83 94 12 82 70 39 80 3 40 11 80 59 78 24 73 77 70 42 27 22 96 68 99 80 87 8 81 74 2 91 50 12 7 21 99 31 11 43 50 78 97 9 56 9 70 46 42 31 44 94 48 73 53 48 66 10 48 100 77 62 86 9 34 2 1 93 43 0 51 61 31 37
25 8 17 5 44 71 92 76 72 64 99 92 16 88 7 19 38 36 94 70 94 96 20 90 21 7 47 48 78 8 97 83 58 12 87 17 91 25 75 93 17 75 14 34 68 93 57 59 99 38 71 66 84 32 82 12 34 15 36 42 80 6 95 42 49 98 1 100 72 21 76 96 56 47 27 29 64 45 11 57 97 59 28 75 31 6 51 31 6 13 99 7 12 57 4 51 0 15 48 98
90 32 73 76 78 86 36 24 57 90 57 58 10 69 68 35 81 52 48 41 73 50 38 96 74 6 72 9 3 99 21 21 30 28 93 69 9 25 70 1 90 99 49 94 81 99 17 5 99 4 91 66 39 27 84 16 87 20 48 19 78 47 19 30 9 23 69 9 74 74 82 30 74 1 28 11 93 97 34 18 78 75 84 94 40 96 95 73 29 67 12 16 61 21 22 61 15 0 41 41
19 76 51 17 76 38 36 76 19 25 1 28 15 42 39 83 16 93 43 88 78 76 97 31 82 52 99 33 42 31 78 83 92 58 53 93 47 3 74 26 98 16 80 28 53 18 59 67 37 13 33 16 61 6 51 69 62 88 34 14 96 77 98 58 22 70 91 35 43 24 20 68 47 39 27 54 34 37 1 96 2 72 70 54 25 67 41 98 50 51 15 70 22 59 55 31 48 41 0 9
100 62 62 20 48 48 11 1 12 59 28 15 73 73 68 31 82 36 91 80 98 87 19 73 27 21 45 71 84 8 76 94 49 35 70 38 11 91 64 89 57 56 88 99 37 23 87 86 32 59 92 51 65 31 42 51 59 4 13 77 20 78 85 88 91 64 63 29 63 73 98 38 49 4 29 75 59 66 96 72 63 45 69 56 16 53 84 21 29 35 67 29 32 62 19 37 98 41 9 0
