100
10
0 50 66 20 42 96 42 58 43 21 87 35 89 64 91 67 84 22 31 89 51 23 10 80 65 77 6 45 78 51 86 73 9 34 24 40 61 83 2 96 42 91 52 92 65 59 53 54 37 53 21 16 38 36 50 8 8 77 30 42 78 40 86 49 39 73 83 91 19 36 7 4 26 57 8 70 19 43 62 56 41 84 100 14 96 90 48 72 35 2 17 57 28 91 42 82 11 88 36 32
50 0 10 62 68 17 59 62 28 50 34 31 41 67 50 92 93 47 96 14 100 70 51 63 41 94 62 95 88 21 97 11 48 81 96 17 32 3 75 38 1 29 51 90 6 60 9 28 61 7 41 15 89 22 12 51 30 92 97 89 52 1 42 33 100 18 99 90 4 100 48 8 39 41 76 98 82 46 12 1 34 32 94 50 32 84 69 93 81 31 99 28 53 43 49 85 23 75 74 18
66 10 0 7 50 23 26 36 51 29 94 42 24 16 10 25 50 54 3 93 8 46 25 37 30 32 60 33 87 2 51 80 65 26 89 60 77 54 5 63 59 93 62 96 90 86 71 12 20 67 54 91 26 33 63 78 100 88 24 23 5 58 83 46 99 71 73 95 99 15 48 58 54 34 22 75 68 99 97 92 36 93 91 47 19 81 84 84 100 24 4 85 25 17 92 41 45 18 95 93
20 62 7 0 10 72 75 38 79 2 54 8 45 33 8 26 92 62 89 46 12 56 25 98 21 90 32 24 51 36 44 80 94 30 71 10 97 16 17 20 5 9 2 61 54 82 20 28 11 65 97 85 48 4 83 57 52 16 85 8 77 37 52 37 86 29 30 26 46 33 87 96 2 55 27 78 32 25 62 39 8 85 87 77 4 31 65 42 98 99 26 29 61 23 70 68 44 87 74 50
42 68 50 10 0 66 83 38 13 90 38 73 54 5 71 93 75 14 59 52 44 22 44 41 87 60 19 57 44 51 14 89 20 34 24 84 20 35 14 71 27 8 71 81 87 83 100 74 41 97 72 57 22 94 49 47 50 2 16 60 99 76 17 49 58 34 12 86 28 45 89 78 96 37 43 53 5 65 61 66 18 81 42 23 41 9 33 90 17 9 83 4 26 6 61 73 67 39 80 94
96 17 23 72 66 0 3 16 82 81 76 19 18 85 20 8 78 88 1 87 13 2 40 53 94 7 3 87 66 77 82 62 96 95 93 40 72 51 9 13 1 65 94 97 64 74 5 3 93 54 79 2 91 43 45 22 45 56 7 68 70 25 11 70 91 74 61 63 46 38 71 91 26 59 66 84 70 2 85 66 60 14 63 11 62 61 36 25 10 65 71 77 9 6 60 25 89 95 94 80
42 59 26 75 83 3 0 16 43 59 5 62 1 73 41 15 16 36 49 79 32 73 20 96 10 37 89 72 72 65 52 62 32 61 25 72 88 12 66 79 99 67 24 60 32 40 51 7 46 41 38 83 35 96 8 18 83 73 90 93 59 91 16 96 86 50 70 35 20 75 58 22 55 87 77 88 62 23 29 73 60 44 86 56 66 2 19 80 66 70 15 10 24 72 38 69 54 52 19 21
58 62 36 38 38 16 16 0 83 99 73 57 100 83 7 19 11 18 60 19 100 80 76 61 49 49 64 67 41 44 7 95 49 23 71 84 37 48 57 21 41 89 66 17 87 19 70 37 38 52 98 12 14 9 12 89 98 55 18 30 65 15 36 77 73 30 19 58 91 91 87 54 46 41 27 35 20 46 38 33 41 100 56 82 9 1 18 69 18 57 91 47 76 58 44 21 95 45 14 40
43 28 51 79 13 82 43 83 0 87 50 15 25 57 10 10 58 97 52 91 41 10 22 83 35 78 56 61 8 57 50 81 92 86 86 63 90 69 86 32 74 71 34 10 15 20 52 33 67 85 22 29 47 21 40 89 96 35 7 94 68 61 30 61 33 38 16 88 96 43 88 6 90 31 62 78 49 78 33 38 44 48 44 30 37 33 9 59 18 80 26 29 96 37 26 20 60 56 52 72
21 50 29 2 90 81 59 99 87 0 17 99 71 42 24 8 1 61 56 65 70 15 61 41 51 22 69 35 67 99 60 78 27 21 2 8 73 78 12 35 97 70 58 10 77 28 42 100 11 85 15 10 28 41 52 51 14 51 71 54 96 30 100 47 77 2 68 98 56 3 49 23 92 37 39 46 57 99 8 99 87 9 83 68 16 28 60 61 59 90 54 27 23 17 95 28 35 11 16 28
87 34 94 54 38 76 5 73 50 17 0 42 34 72 25 39 25 71 46 66 82 85 70 12 57 22 33 3 12 53 14 9 47 83 65 20 58 25 34 6 56 97 99 8 64 14 95 80 34 83 44 7 100 22 56 63 47 19 38 61 80 53 2 42 42 44 91 52 78 41 22 8 88 29 3 99 42 92 63 90 62 23 28 21 24 18 14 84 48 55 24 2 33 27 16 51 88 51 3 3
35 31 42 8 73 19 62 57 15 99 42 0 82 62 67 64 23 49 43 16 61 48 91 39 1 27 27 87 49 56 20 33 21 2 83 61 25 18 72 63 12 37 9 72 77 8 69 30 41 61 100 53 9 71 54 27 15 1 75 34 90 58 48 51 32 64 82 99 64 83 71 40 74 53 2 8 35 15 73 60 24 20 93 8 48 22 1 77 92 60 38 19 10 92 58 73 50 24 1 98
89 41 24 45 54 18 1 100 25 71 34 82 0 30 49 70 11 56 73 23 8 35 17 56 84 95 97 78 71 28 80 66 76 36 48 43 56 3 65 2 20 61 80 31 54 51 82 72 94 56 66 13 93 16 78 81 90 9 33 27 91 19 41 2 73 86 41 9 53 63 25 87 2 78 20 55 18 95 30 57 69 26 5 96 28 8 49 22 17 54 29 92 5 7 21 78 74 53 80 78
64 67 16 33 5 85 73 83 57 42 72 62 30 0 71 1 66 95 88 48 79 83 74 52 32 98 22 91 21 90 75 89 1 61 1 49 20 16 17 45 71 38 55 10 60 58 60 11 49 80 80 92 24 62 32 56 32 40 55 67 24 78 40 22 4 2 25 92 46 96 76 87 55 21 12 56 41 78 30 66 66 39 19 6 38 94 99 82 73 89 82 64 50 68 98 42 40 56 64 52
91 50 10 8 71 20 41 7 10 24 25 67 49 71 0 79 68 78 9 67 95 69 30 95 38 65 58 81 75 66 2 11 56 95 63 54 43 23 56 42 59 1 69 82 93 4 1 100 53 56 6 38 42 4 99 6 70 36 1 43 16 4 75 35 21 38 34 5 39 58 54 55 81 20 9 81 92 41 86 50 68 88 33 3 90 71 75 78 73 51 53 67 7 37 89 31 88 34 45 20
67 92 25 26 93 8 15 19 10 8 39 64 70 1 79 0 1 72 22 22 26 75 72 56 51 29 86 38 99 57 23 7 8 55 21 10 7 13 84 79 2 61 79 26 30 84 72 68 56 73 59 8 42 49 56 5 44 43 91 82 7 58 75 20 32 90 58 57 87 78 32 6 94 27 60 84 18 21 96 94 85 85 82 80 24 44 4 93 11 43 81 1 19 17 45 36 26 48 72 43
84 93 50 92 75 78 16 11 58 1 25 23 11 66 68 1 0 25 100 10 92 88 45 51 16 10 35 84 26 94 14 96 6 16 79 78 52 8 12 47 96 90 66 30 67 32 26 92 22 57 2 25 19 19 45 80 10 70 58 76 44 27 34 28 18 24 46 55 74 45 10 53 44 67 18 79 48 50 47 39 86 28 66 9 26 59 38 59 91 52 27 4 52 8 30 66 74 4 25 94
22 47 54 62 14 88 36 18 97 61 71 49 56 95 78 72 25 0 44 4 95 57 65 72 75 67 46 56 86 34 22 71 72 39 82 28 17 55 72 1 21 79 23 9 24 100 20 74 77 11 100 21 97 100 60 66 12 10 23 21 95 64 59 68 57 86 43 86 95 90 55 94 48 46 77 27 85 79 49 93 56 75 27 79 34 80 89 84 33 82 19 22 16 98 80 13 70 41 35 32
31 96 3 89 59 1 49 60 52 56 46 43 73 88 9 22 100 44 0 12 35 12 88 77 51 95 59 37 52 39 62 50 53 41 63 54 24 83 100 37 53 62 99 50 89 99 13 63 85 44 82 71 63 7 38 29 55 10 56 5 76 6 8 35 2 32 7 56 46 76 57 96 54 26 65 75 85 8 51 78 74 8 71 74 66 64 52 58 76 53 6 62 100 65 30 72 81 32 77 29
89 14 93 46 52 87 79 19 91 65 66 16 23 48 67 22 10 4 12 0 49 28 17 82 19 55 63 78 47 12 74 80 65 89 44 87 86 24 96 11 15 2 32 79 38 89 96 33 91 2 43 51 94 47 68 41 77 73 57 65 47 87 82 43 89 56 22 99 52 25 10 44 4 21 48 35 23 27 44 91 89 35 53 3 73 82 90 68 95 95 92 45 33 34 89 81 99 60 55 94
51 100 8 12 44 13 32 100 41 70 82 61 8 79 95 26 92 95 35 49 0 72 23 15 7 38 77 61 80 41 62 23 66 4 8 75 42 42 36 5 75 80 88 88 12 45 20 41 6 4 97 44 77 59 57 54 45 75 60 31 36 1 69 16 19 20 35 11 38 11 17 74 50 32 14 43 10 25 7 51 44 34 74 87 26 95 72 18 45 36 35 32 36 92 42 81 20 74 32 36
23 70 46 56 22 2 73 80 10 15 85 48 35 83 69 75 88 57 12 28 72 0 33 13 23 89 9 47 19 31 79 23 7 48 82 12 67 97 60 25 20 30 70 61 81 76 94 67 67 54 17 62 18 72 56 19 96 58 97 84 13 38 12 43 5 48 14 80 70 25 34 94 70 54 55 19 58 28 89 29 92 37 66 58 56 83 64 50 59 43 41 95 93 52 39 14 48 88 85 84
10 51 25 25 44 40 20 76 22 61 70 91 17 74 30 72 45 65 88 17 23 33 0 75 77 99 70 45 55 36 7 1 69 94 11 33 86 67 62 39 85 19 57 61 47 69 54 100 43 51 64 66 32 56 33 93 44 90 74 55 53 98 98 26 50 76 50 91 25 53 34 94 20 33 92 52 14 93 79 84 15 49 96 28 64 7 69 77 27 52 68 93 87 90 30 73 73 19 67 4
80 63 37 98 41 53 96 61 83 41 12 39 56 52 95 56 51 72 77 82 15 13 75 0 44 44 29 32 36 49 39 25 21 43 60 9 80 69 37 50 84 94 94 82 36 72 8 18 79 23 8 65 70 25 19 17 3 38 64 9 8 41 67 47 82 47 48 61 67 74 42 81 80 9 82 28 50 33 93 65 87 72 17 32 3 30 59 18 68 56 55 23 42 78 80 95 81 7 32 10
65 41 30 21 87 94 10 49 35 51 57 1 84 32 38 51 16 75 51 19 7 23 77 44 0 46 73 86 90 19 79 51 82 70 94 87 38 82 75 33 6 5 11 88 90 16 13 77 95 87 26 3 76 68 85 67 73 60 25 80 34 1 13 61 31 21 26 5 51 60 65 86 57 33 43 63 1 45 31 60 83 94 32 24 67 43 45 80 14 97 47 63 46 42 35 93 57 44 71 18
77 94 32 90 60 7 37 49 78 22 22 27 95 98 65 29 10 67 95 55 38 89 99 44 46 0 99 19 37 59 15 85 84 33 4 7 89 92 66 8 36 2 78 31 45 8 67 63 35 36 33 83 68 93 14 75 48 90 89 73 62 49 43 66 70 34 11 14 25 47 51 39 8 66 28 59 5 47 70 20 80 70 95 25 6 68 66 1 57 78 69 13 38 55 56 17 40 77 13 53
6 62 60 32 19 3 89 64 56 69 33 27 97 22 58 86 35 46 59 63 77 9 70 29 73 99 0 57 91 72 9 23 28 7 96 6 96 6 84 52 31 84 40 67 54 75 11 32 43 26 19 79 73 42 76 75 40 22 62 7 28 61 64 98 95 69 91 96 96 42 79 62 75 18 62 90 50 94 4 84 99 63 89 30 48 33 74 58 52 35 41 61 33 58 60 47 2 87 22 37
45 95 33 24 57 87 72 67 61 35 3 87 78 91 81 38 84 56 37 78 61 47 45 32 86 19 57 0 73 52 47 2 84 88 36 80 41 2 50 90 62 81 38 95 42 56 27 4 42 50 65 48 36 36 65 88 72 59 98 9 97 100 76 55 14 58 46 29 10 37 79 36 44 70 27 56 89 1 25 56 38 24 21 5 36 59 98 63 89 63 59 1 89 99 64 35 63 11 63 29
78 88 87 51 44 66 72 41 8 67 12 49 71 21 75 99 26 86 52 47 80 19 55 36 90 37 91 73 0 30 100 91 69 35 57 34 72 56 96 58 39 23 36 58 15 38 78 70 51 20 95 56 33 62 49 89 87 67 9 46 82 72 24 47 97 79 37 92 88 44 12 93 24 84 77 99 94 24 76 58 9 58 42 74 82 57 85 88 61 87 94 87 22 47 38 88 47 32 29 99
51 21 2 36 51 77 65 44 57 99 53 56 28 90 66 57 94 34 39 12 41 31 36 49 19 59 72 52 30 0 38 66 44 92 61 89 72 21 97 88 11 80 49 23 44 55 68 6 89 64 58 98 5 72 63 48 19 56 66 21 93 97 19 11 49 3 77 19 56 52 36 12 27 28 84 48 39 75 16 66 85 68 87 18 10 4 76 6 52 29 83 59 98 6 10 89 95 76 75 72
86 97 51 44 14 82 52 7 50 60 14 20 80 75 2 23 14 22 62 74 62 79 7 39 79 15 9 47 100 38 0 17 92 88 51 4 15 1 16 64 79 57 45 37 67 79 26 54 26 73 36 43 61 48 51 1 27 35 57 67 24 88 99 64 49 11 81 29 88 8 93 8 36 10 58 26 95 89 20 48 51 50 16 87 77 83 58 75 97 37 15 23 66 56 20 88 92 19 62 50
73 11 80 80 89 62 62 95 81 78 9 33 66 89 11 7 96 71 50 80 23 23 1 25 51 85 23 2 91 66 17 0 39 79 19 94 39 13 73 83 85 98 61 92 84 98 40 12 39 33 88 45 40 17 92 51 23 71 46 48 93 93 49 50 95 62 41 67 38 76 36 40 47 93 51 15 12 65 26 98 28 73 79 60 61 67 68 91 90 39 7 80 100 1 78 44 10 44 60 80
9 48 65 94 20 96 32 49 92 27 47 21 76 1 56 8 6 72 53 65 66 7 69 21 82 84 28 84 69 44 92 39 0 6 14 61 91 48 100 68 85 91 8 92 83 6 80 74 4 18 64 84 3 60 36 8 50 76 2 71 32 1 61 21 11 21 6 47 85 13 44 5 46 12 35 12 55 84 40 15 81 9 22 15 76 95 72 89 88 7 69 67 38 100 14 58 26 57 93 65
34 81 26 30 34 95 61 23 86 21 83 2 36 61 95 55 16 39 41 89 4 48 94 43 70 33 7 88 35 92 88 79 6 0 24 1 2 95 25 29 68 61 86 2 1 98 87 22 34 33 24 36 59 14 70 22 42 22 20 86 41 63 51 47 46 10 53 91 56 53 38 88 48 94 75 13 54 54 51 36 1 26 12 17 48 2 89 84 40 71 54 39 23 67 82 53 97 39 6 87
24 96 89 71 24 93 25 71 86 2 65 83 48 1 63 21 79 82 63 44 8 82 11 60 94 4 96 36 57 61 51 19 14 24 0 44 73 81 99 67 27 85 89 67 40 96 22 7 53 95 89 61 78 47 92 68 27 85 26 99 58 47 46 74 72 9 99 75 94 93 56 38 85 30 45 91 80 43 46 23 23 5 32 79 41 13 37 41 76 1 20 72 74 71 27 21 17 48 85 41
40 17 60 10 84 40 72 84 63 8 20 61 43 49 54 10 78 28 54 87 75 12 33 9 87 7 6 80 34 89 4 94 61 1 44 0 99 51 71 82 57 39 12 52 32 82 46 20 65 50 7 12 64 80 7 76 80 80 58 6 12 71 39 67 7 71 93 48 7 78 18 18 1 73 92 66 60 9 52 75 45 64 20 85 1 47 72 39 34 49 49 40 100 53 19 27 62 49 5 96
61 32 77 97 20 72 88 37 90 73 58 25 56 20 43 7 52 17 24 86 42 67 86 80 38 89 96 41 72 72 15 39 91 2 73 99 0 5 83 90 47 85 98 78 12 5 99 96 49 1 30 91 5 69 18 99 61 60 64 25 8 37 11 15 49 91 62 89 51 63 52 4 96 2 55 73 61 22 92 59 16 98 41 17 45 33 50 60 65 44 11 45 16 56 38 71 98 98 50 73
83 3 54 16 35 51 12 48 69 78 25 18 3 16 23 13 8 55 83 24 42 97 67 69 82 92 6 2 56 21 1 13 48 95 81 51 5 0 3 56 4 43 2 1 10 90 19 55 75 35 99 59 7 40 6 68 52 52 65 1 20 82 99 89 57 17 2 50 95 3 97 23 12 45 42 82 27 69 54 75 53 60 41 1 7 40 52 84 46 38 78 98 1 97 43 95 87 67 18 42
2 75 5 17 14 9 66 57 86 12 34 72 65 17 56 84 12 72 100 96 36 60 62 37 75 66 84 50 96 97 16 73 100 25 99 71 83 3 0 21 88 22 4 72 71 87 26 77 11 16 18 13 73 50 93 14 13 33 31 56 45 13 47 26 51 88 71 78 22 49 33 69 32 54 56 65 9 88 87 27 77 60 31 73 77 81 58 14 57 68 29 1 79 50 7 44 3 63 14 11
96 38 63 20 71 13 79 21 32 35 6 63 2 45 42 79 47 1 37 11 5 25 39 50 33 8 52 90 58 88 64 83 68 29 67 82 90 56 21 0 30 73 23 95 39 5 18 14 57 1 63 56 48 59 79 35 24 1 11 2 46 5 76 56 2 51 63 17 19 61 4 29 9 23 27 39 29 75 43 39 4 12 76 60 89 73 12 73 60 5 15 51 71 42 76 28 93 66 89 46
42 1 59 5 27 1 99 41 74 97 56 12 20 71 59 2 96 21 53 15 75 20 85 84 6 36 31 62 39 11 79 85 85 68 27 57 47 4 88 30 0 65 100 100 29 55 27 87 33 73 81 33 73 22 4 75 22 2 21 100 46 12 17 64 13 57 95 88 15 83 49 18 9 51 80 14 80 83 62 23 92 23 17 4 61 31 26 81 43 55 52 6 4 91 81 69 40 88 76 74
91 29 93 9 8 65 67 89 71 70 97 37 61 38 1 61 90 79 62 2 80 30 19 94 5 2 84 81 23 80 57 98 91 61 85 39 85 43 22 73 65 0 67 89 60 31 2 98 19 72 7 96 44 44 99 85 64 51 95 61 34 55 30 58 23 31 63 35 75 26 56 56 54 1 90 63 49 19 17 98 77 38 30 57 77 36 10 46 83 73 79 80 21 76 53 59 48 34 51 85
52 51 62 2 71 94 24 66 34 58 99 9 80 55 69 79 66 23 99 32 88 70 57 94 11 78 40 38 36 49 45 61 8 86 89 12 98 2 4 23 100 67 0 14 10 46 71 66 30 20 6 79 93 58 73 63 69 39 40 37 6 32 91 68 35 51 35 36 2 50 100 27 97 3 99 47 11 49 77 71 30 9 68 12 100 1 80 92 40 70 26 38 36 77 96 54 55 82 34 84
92 90 96 61 81 97 60 17 10 10 8 72 31 10 82 26 30 9 50 79 88 61 61 82 88 31 67 95 58 23 37 92 92 2 67 52 78 1 72 95 100 89 14 0 94 60 72 22 41 36 45 85 22 25 21 81 20 81 62 74 51 67 30 11 29 73 49 86 23 24 66 81 40 67 41 47 50 60 69 67 23 9 59 56 82 48 31 19 5 44 99 49 32 67 96 16 54 39 61 88
65 6 90 54 87 64 32 87 15 77 64 77 54 60 93 30 67 24 89 38 12 81 47 36 90 45 54 42 15 44 67 84 83 1 40 32 12 10 71 39 29 60 10 94 0 14 9 75 61 40 18 61 5 82 14 30 2 27 80 99 10 54 5 90 37 27 81 82 70 73 54 84 24 86 51 45 86 54 97 90 78 63 63 8 27 91 53 64 54 91 41 72 28 15 4 90 57 28 66 17
59 60 86 82 83 74 40 19 20 28 14 8 51 58 4 84 32 100 99 89 45 76 69 72 16 8 75 56 38 55 79 98 6 98 96 82 5 90 87 5 55 31 46 60 14 0 34 69 15 75 55 53 26 97 9 60 51 17 35 13 1 21 32 34 40 21 59 100 17 73 24 20 75 41 17 19 16 78 29 96 74 9 61 13 68 72 63 44 7 45 32 62 17 29 81 23 42 2 57 79
53 9 71 20 100 5 51 70 52 42 95 69 82 60 1 72 26 20 13 96 20 94 54 8 13 67 11 27 78 68 26 40 80 87 22 46 99 19 26 18 27 2 71 72 9 34 0 10 27 96 76 69 65 29 45 76 75 74 30 66 96 38 55 30 46 15 4 2 9 24 50 44 27 9 79 78 60 8 64 48 47 100 4 63 2 47 19 71 78 11 5 36 64 64 33 2 76 43 32 37
54 28 12 28 74 3 7 37 33 100 80 30 72 11 100 68 92 74 63 33 41 67 100 18 77 63 32 4 70 6 54 12 74 22 7 20 96 55 77 14 87 98 66 22 75 69 10 0 8 62 69 97 22 65 42 80 73 46 35 78 20 53 86 3 77 78 6 25 2 96 18 58 56 15 36 88 93 17 66 94 62 10 95 8 47 58 2 3 59 99 86 30 45 75 76 18 98 33 43 74
37 61 20 11 41 93 46 38 67 11 34 41 94 49 53 56 22 77 85 91 6 67 43 79 95 35 43 42 51 89 26 39 4 34 53 65 49 75 11 57 33 19 30 41 61 15 27 8 0 49 84 85 37 11 54 13 99 86 34 63 53 46 12 61 42 79 25 28 67 60 55 20 4 96 27 50 81 90 4 42 78 49 55 62 9 96 33 72 66 16 21 57 100 8 77 89 51 82 72 75
53 7 67 65 97 54 41 52 85 85 83 61 56 80 56 73 57 11 44 2 4 54 51 23 87 36 26 50 20 64 73 33 18 33 95 50 1 35 16 1 73 72 20 36 40 75 96 62 49 0 80 3 41 51 30 31 64 81 50 23 30 55 18 92 89 89 61 83 15 16 48 31 85 62 29 21 85 34 73 28 100 74 68 15 76 27 14 71 29 61 10 77 25 16 3 39 84 89 98 32
21 41 54 97 72 79 38 98 22 15 44 100 66 80 6 59 2 100 82 43 97 17 64 8 26 33 19 65 95 58 36 88 64 24 89 7 30 99 18 63 81 7 6 45 18 55 76 69 84 80 0 43 38 80 29 53 98 18 63 4 11 77 55 51 35 69 22 45 100 78 51 31 68 82 1 62 49 95 28 85 80 93 99 94 62 51 33 22 26 12 91 98 58 87 34 73 13 33 3 18
16 15 91 85 57 2 83 12 29 10 7 53 13 92 38 8 25 21 71 51 44 62 66 65 3 83 79 48 56 98 43 45 84 36 61 12 91 59 13 56 33 96 79 85 61 53 69 97 85 3 43 0 68 73 38 58 44 71 48 68 74 34 93 83 7 21 41 19 32 70 89 79 98 3 97 52 25 33 13 59 53 46 27 53 83 53 50 72 16 21 65 9 28 56 27 55 85 18 67 46
38 89 26 48 22 91 35 14 47 28 100 9 93 24 42 42 19 97 63 94 77 18 32 70 76 68 73 36 33 5 61 40 3 59 78 64 5 7 73 48 73 44 93 22 5 26 65 22 37 41 38 68 0 50 32 58 91 9 89 65 95 56 93 70 41 32 92 99 39 91 46 28 20 28 17 70 87 42 22 24 30 18 63 80 86 94 62 66 41 93 25 9 98 79 51 96 72 75 68 6
36 22 33 4 94 43 96 9 21 41 22 71 16 62 4 49 19 100 7 47 59 72 56 25 68 93 42 36 62 72 48 17 60 14 47 80 69 40 50 59 22 44 58 25 82 97 29 65 11 51 80 73 50 0 83 63 89 90 13 48 17 16 56 20 45 28 68 53 35 37 70 41 72 97 33 56 17 53 34 18 51 73 69 69 15 58 57 99 73 1 2 59 54 57 80 55 57 19 41 7
50 12 63 83 49 45 8 12 40 52 56 54 78 32 99 56 45 60 38 68 57 56 33 19 85 14 76 65 49 63 51 92 36 70 92 7 18 6 93 79 4 99 73 21 14 9 45 42 54 30 29 38 32 83 0 8 15 100 40 30 89 60 35 72 25 35 63 51 24 5 21 79 93 38 79 14 87 69 30 49 9 60 35 1 33 36 56 93 55 44 88 39 11 40 97 73 19 71 46 25
8 51 78 57 47 22 18 89 89 51 63 27 81 56 6 5 80 66 29 41 54 19 93 17 67 75 75 88 89 48 1 51 8 22 68 76 99 68 14 35 75 85 63 81 30 60 76 80 13 31 53 58 58 63 8 0 13 15 30 84 7 49 95 23 75 60 43 96 30 11 89 38 97 34 8 70 80 19 42 63 97 98 95 72 5 1 28 25 45 35 83 32 33 46 48 10 54 38 85 71
8 30 100 52 50 45 83 98 96 14 47 15 90 32 70 44 10 12 55 77 45 96 44 3 73 48 40 72 87 19 27 23 50 42 27 80 61 52 13 24 22 64 69 20 2 51 75 73 99 64 98 44 91 89 15 13 0 16 41 49 7 95 98 15 24 14 42 94 18 50 22 36 73 28 14 67 19 54 40 21 57 79 80 63 33 62 44 95 93 51 25 45 14 26 38 50 92 58 88 71
77 92 88 16 2 56 73 55 35 51 19 1 9 40 36 43 70 10 10 73 75 58 90 38 60 90 22 59 67 56 35 71 76 22 85 80 60 52 33 1 2 51 39 81 27 17 74 46 86 81 18 71 9 90 100 15 16 0 78 19 43 86 18 30 75 8 21 84 4 94 51 80 40 49 65 68 30 99 11 93 92 45 57 94 58 1 38 95 32 88 26 1 43 100 72 84 58 14 66 73
30 97 24 85 16 7 90 18 7 71 38 75 33 55 1 91 58 23 56 57 60 97 74 64 25 89 62 98 9 66 57 46 2 20 26 58 64 65 31 11 21 95 40 62 80 35 30 35 34 50 63 48 89 13 40 30 41 78 0 8 31 74 83 48 44 26 38 71 32 51 74 58 21 90 87 51 71 36 95 11 75 37 25 43 2 13 30 37 51 22 72 25 75 21 64 53 25 12 99 77
42 89 23 8 60 68 93 30 94 54 61 34 27 67 43 82 76 21 5 65 31 84 55 9 80 73 7 9 46 21 67 48 71 86 99 6 25 1 56 2 100 61 37 74 99 13 66 78 63 23 4 68 65 48 30 84 49 19 8 0 69 36 50 5 53 22 46 13 29 42 9 34 2 100 72 74 53 35 50 17 15 60 49 18 2 61 57 59 35 78 29 91 3 87 23 27 73 53 58 8
78 52 5 77 99 70 59 65 68 96 80 90 91 24 16 7 44 95 76 47 36 13 53 8 34 62 28 97 82 93 24 93 32 41 58 12 8 20 45 46 46 34 6 51 10 1 96 20 53 30 11 74 95 17 89 7 7 43 31 69 0 15 51 46 49 80 42 40 14 39 72 23 61 24 92 74 59 99 9 30 83 1 47 11 62 53 65 91 91 23 99 8 68 71 73 78 26 35 11 59
40 1 58 37 76 25 91 15 61 30 53 58 19 78 4 58 27 64 6 87 1 38 98 41 1 49 61 100 72 97 88 93 1 63 47 71 37 82 13 5 12 55 32 67 54 21 38 53 46 55 77 34 56 16 60 49 95 86 74 36 15 0 90 21 65 62 3 100 87 43 87 69 76 16 19 95 10 56 56 97 33 14 21 33 32 86 88 52 58 32 42 38 11 56 88 9 99 95 97 50
86 42 83 52 17 11 16 36 30 100 2 48 41 40 75 75 34 59 8 82 69 12 98 67 13 43 64 76 24 19 99 49 61 51 46 39 11 99 47 76 17 30 91 30 5 32 55 86 12 18 55 93 93 56 35 95 98 18 83 50 51 90 0 47 80 44 45 37 84 76 62 51 30 67 49 3 30 25 36 41 75 96 42 26 70 99 15 41 11 31 22 56 18 44 98 57 91 89 28 49
49 33 46 37 49 70 96 77 61 47 42 51 2 22 35 20 28 68 35 43 16 43 26 47 61 66 98 55 47 11 64 50 21 47 74 67 15 89 26 56 64 58 68 11 90 34 30 3 61 92 51 83 70 20 72 23 15 30 48 5 46 21 47 0 78 57 6 33 50 25 50 46 89 77 69 38 44 54 86 34 100 74 43 38 66 85 64 41 41 32 92 67 47 90 71 7 59 12 65 15
39 100 99 86 58 91 86 73 33 77 42 32 73 4 21 32 18 57 2 89 19 5 50 82 31 70 95 14 97 49 49 95 11 46 72 7 49 57 51 2 13 23 35 29 37 40 46 77 42 89 35 7 41 45 25 75 24 75 44 53 49 65 80 78 0 13 5 30 69 32 83 80 100 6 66 3 17 69 46 55 49 58 83 17 30 25 20 45 23 32 62 49 58 61 63 68 40 84 64 19
73 18 71 29 34 74 50 30 38 2 44 64 86 2 38 90 24 86 32 56 20 48 76 47 21 34 69 58 79 3 11 62 21 10 9 71 91 17 88 51 57 31 51 73 27 21 15 78 79 89 69 21 32 28 35 60 14 8 26 22 80 62 44 57 13 0 88 73 39 96 58 92 37 78 24 5 69 13 94 11 46 43 21 75 43 62 40 40 87 4 79 40 26 70 1 10 66 13 52 94
83 99 73 30 12 61 70 19 16 68 91 82 41 25 34 58 46 43 7 22 35 14 50 48 26 11 91 46 37 77 81 41 6 53 99 93 62 2 71 63 95 63 35 49 81 59 4 6 25 61 22 41 92 68 63 43 42 21 38 46 42 3 45 6 5 88 0 14 12 12 56 42 40 84 14 29 16 77 1 36 40 96 85 84 80 10 56 100 36 45 9 13 66 5 61 39 12 18 28 73
91 90 95 26 86 63 35 58 88 98 52 99 9 92 5 57 55 86 56 99 11 80 91 61 5 14 96 29 92 19 29 67 47 91 75 48 89 50 78 17 88 35 36 86 82 100 2 25 28 83 45 19 99 53 51 96 94 84 71 13 40 100 37 33 30 73 14 0 5 42 72 47 26 32 6 66 6 91 81 21 67 97 3 90 73 54 55 87 28 61 79 55 22 76 60 60 19 72 92 5
19 4 99 46 28 46 20 91 96 56 78 64 53 46 39 87 74 95 46 52 38 70 25 67 51 25 96 10 88 56 88 38 85 56 94 7 51 95 22 19 15 75 2 23 70 17 9 2 67 15 100 32 39 35 24 30 18 4 32 29 14 87 84 50 69 39 12 5 0 91 86 94 63 18 74 100 14 19 92 100 51 97 46 10 78 13 7 88 3 67 58 67 24 93 92 35 23 51 43 19
36 100 15 33 45 38 75 91 43 3 41 83 63 96 58 78 45 90 76 25 11 25 53 74 60 47 42 37 44 52 8 76 13 53 93 78 63 3 49 61 83 26 50 24 73 73 24 96 60 16 78 70 91 37 5 11 50 94 51 42 39 43 76 25 32 96 12 42 91 0 44 72 72 58 19 99 40 44 4 29 2 91 61 26 58 14 100 86 96 70 82 53 98 61 41 28 19 84 95 23
7 48 48 87 89 71 58 87 88 49 22 71 25 76 54 32 10 55 57 10 17 34 34 42 65 51 79 79 12 36 93 36 44 38 56 18 52 97 33 4 49 56 100 66 54 24 50 18 55 48 51 89 46 70 21 89 22 51 74 9 72 87 62 50 83 58 56 72 86 44 0 17 61 37 19 13 24 76 31 88 62 88 76 96 20 100 19 77 20 58 75 28 41 59 92 68 79 83 56 45
4 8 58 96 78 91 22 54 6 23 8 40 87 87 55 6 53 94 96 44 74 94 94 81 86 39 62 36 93 12 8 40 5 88 38 18 4 23 69 29 18 56 27 81 84 20 44 58 20 31 31 79 28 41 79 38 36 80 58 34 23 69 51 46 80 92 42 47 94 72 17 0 41 77 66 28 18 12 33 76 75 5 70 49 43 64 82 79 85 84 9 79 2 9 32 6 65 48 22 10
26 39 54 2 96 26 55 46 90 92 88 74 2 55 81 94 44 48 54 4 50 70 20 80 57 8 75 44 24 27 36 47 46 48 85 1 96 12 32 9 9 54 97 40 24 75 27 56 4 85 68 98 20 72 93 97 73 40 21 2 61 76 30 89 100 37 40 26 63 72 61 41 0 75 23 44 48 96 8 37 69 88 30 2 26 81 41 21 17 49 7 13 40 48 3 21 94 49 36 54
57 41 34 55 37 59 87 41 31 37 29 53 78 21 20 27 67 46 26 21 32 54 33 9 33 66 18 70 84 28 10 93 12 94 30 73 2 45 54 23 51 1 3 67 86 41 9 15 96 62 82 3 28 97 38 34 28 49 90 100 24 16 67 77 6 78 84 32 18 58 37 77 75 0 94 19 76 91 19 68 8 18 41 4 92 44 83 69 70 17 9 63 94 37 40 44 38 27 47 54
8 76 22 27 43 66 77 27 62 39 3 2 20 12 9 60 18 77 65 48 14 55 92 82 43 28 62 27 77 84 58 51 35 75 45 92 55 42 56 27 80 90 99 41 51 17 79 36 27 29 1 97 17 33 79 8 14 65 87 72 92 19 49 69 66 24 14 6 74 19 19 66 23 94 0 80 72 82 12 30 47 8 90 17 41 22 60 47 82 68 5 91 48 47 49 52 27 23 48 93
70 98 75 78 53 84 88 35 78 46 99 8 55 56 81 84 79 27 75 35 43 19 52 28 63 59 90 56 99 48 26 15 12 13 91 66 73 82 65 39 14 63 47 47 45 19 78 88 50 21 62 52 70 56 14 70 67 68 51 74 74 95 3 38 3 5 29 66 100 99 13 28 44 19 80 0 72 58 1 78 53 5 100 30 63 72 56 48 50 98 20 17 41 60 91 43 91 87 67 12
19 82 68 32 5 70 62 20 49 57 42 35 18 41 92 18 48 85 85 23 10 58 14 50 1 5 50 89 94 39 95 12 55 54 80 60 61 27 9 29 80 49 11 50 86 16 60 93 81 85 49 25 87 17 87 80 19 30 71 53 59 10 30 44 17 69 16 6 14 40 24 18 48 76 72 72 0 92 21 89 39 80 51 38 81 11 3 21 47 29 51 32 2 61 93 100 92 43 89 80
43 46 99 25 65 2 23 46 78 99 92 15 95 78 41 21 50 79 8 27 25 28 93 33 45 47 94 1 24 75 89 65 84 54 43 9 22 69 88 75 83 19 49 60 54 78 8 17 90 34 95 33 42 53 69 19 54 99 36 35 99 56 25 54 69 13 77 91 19 44 76 12 96 91 82 58 92 0 82 60 9 14 45 81 90 50 37 30 47 72 86 27 81 100 28 5 15 44 72 32
62 12 97 62 61 85 29 38 33 8 63 73 30 30 86 96 47 49 51 44 7 89 79 93 31 70 4 25 76 16 20 26 40 51 46 52 92 54 87 43 62 17 77 69 97 29 64 66 4 73 28 13 22 34 30 42 40 11 95 50 9 56 36 86 46 94 1 81 92 4 31 33 8 19 12 1 21 82 0 9 71 9 51 47 87 95 1 89 23 38 31 30 16 50 54 87 58 82 75 97
56 1 92 39 66 66 73 33 38 99 90 60 57 66 50 94 39 93 78 91 51 29 84 65 60 20 84 56 58 66 48 98 15 36 23 75 59 75 27 39 23 98 71 67 90 96 48 94 42 28 85 59 24 18 49 63 21 93 11 17 30 97 41 34 55 11 36 21 100 29 88 76 37 68 30 78 89 60 9 0 7 10 56 18 29 54 82 41 33 83 83 11 47 87 26 6 31 81 36 49
41 34 36 8 18 60 60 41 44 87 62 24 69 66 68 85 86 56 74 89 44 92 15 87 83 80 99 38 9 85 51 28 81 1 23 45 16 53 77 4 92 77 30 23 78 74 47 62 78 100 80 53 30 51 9 97 57 92 75 15 83 33 75 100 49 46 40 67 51 2 62 75 69 8 47 53 39 9 71 7 0 36 91 57 77 60 67 44 51 84 25 77 88 73 50 80 58 10 39 65
84 32 93 85 81 14 44 100 48 9 23 20 26 39 88 85 28 75 8 35 34 37 49 72 94 70 63 24 58 68 50 73 9 26 5 64 98 60 60 12 23 38 9 9 63 9 100 10 49 74 93 46 18 73 60 98 79 45 37 60 1 14 96 74 58 43 96 97 97 91 88 5 88 18 8 5 80 14 9 10 36 0 64 62 74 38 74 76 41 58 78 98 77 6 25 44 14 79 83 25
100 94 91 87 42 63 86 56 44 83 28 93 5 19 33 82 66 27 71 53 74 66 96 17 32 95 89 21 42 87 16 79 22 12 32 20 41 41 31 76 17 30 68 59 63 61 4 95 55 68 99 27 63 69 35 95 80 57 25 49 47 21 42 43 83 21 85 3 46 61 76 70 30 41 90 100 51 45 51 56 91 64 0 34 20 65 43 83 11 91 62 25 41 96 74 5 61 32 42 75
14 50 47 77 23 11 56 82 30 68 21 8 96 6 3 80 9 79 74 3 87 58 28 32 24 25 30 5 74 18 87 60 15 17 79 85 17 1 73 60 4 57 12 56 8 13 63 8 62 15 94 53 80 69 1 72 63 94 43 18 11 33 26 38 17 75 84 90 10 26 96 49 2 4 17 30 38 81 47 18 57 62 34 0 99 6 60 35 14 87 63 59 22 25 36 61 11 31 15 34
96 32 19 4 41 62 66 9 37 16 24 48 28 38 90 24 26 34 66 73 26 56 64 3 67 6 48 36 82 10 77 61 76 48 41 1 45 7 77 89 61 77 100 82 27 68 2 47 9 76 62 83 86 15 33 5 33 58 2 2 62 32 70 66 30 43 80 73 78 58 20 43 26 92 41 63 81 90 87 29 77 74 20 99 0 22 92 76 1 95 47 72 30 8 38 54 26 58 12 29
90 84 81 31 9 61 2 1 33 28 18 22 8 94 71 44 59 80 64 82 95 83 7 30 43 68 33 59 57 4 83 67 95 2 13 47 33 40 81 73 31 36 1 48 91 72 47 58 96 27 51 53 94 58 36 1 62 1 13 61 53 86 99 85 25 62 10 54 13 14 100 64 81 44 22 72 11 50 95 54 60 38 65 6 22 0 38 3 13 54 62 85 68 46 90 4 9 98 1 78
48 69 84 65 33 36 19 18 9 60 14 1 49 99 75 4 38 89 52 90 72 64 69 59 45 66 74 98 85 76 58 68 72 89 37 72 50 52 58 12 26 10 80 31 53 63 19 2 33 14 33 50 62 57 56 28 44 38 30 57 65 88 15 64 20 40 56 55 7 100 19 82 41 83 60 56 3 37 1 82 67 74 43 60 92 38 0 75 34 30 81 22 3 80 33 5 55 10 59 86
72 93 84 42 90 25 80 69 59 61 84 77 22 82 78 93 59 84 58 68 18 50 77 18 80 1 58 63 88 6 75 91 89 84 41 39 60 84 14 73 81 46 92 19 64 44 71 3 72 71 22 72 66 99 93 25 95 95 37 59 91 52 41 41 45 40 100 87 88 86 77 79 21 69 47 48 21 30 89 41 44 76 83 35 76 3 75 0 92 52 1 22 19 4 55 99 62 75 49 55
35 81 100 98 17 10 66 18 18 59 48 92 17 73 73 11 91 33 76 95 45 59 27 68 14 57 52 89 61 52 97 90 88 40 76 34 65 46 57 60 43 83 40 5 54 7 78 59 66 29 26 16 41 73 55 45 93 32 51 35 91 58 11 41 23 87 36 28 3 96 20 85 17 70 82 50 47 47 23 33 51 41 11 14 1 13 34 92 0 22 87 72 61 99 36 5 5 5 85 61
2 31 24 99 9 65 70 57 80 90 55 60 54 89 51 43 52 82 53 95 36 43 52 56 97 78 35 63 87 29 37 39 7 71 1 49 44 38 68 5 55 73 70 44 91 45 11 99 16 61 12 21 93 1 44 35 51 88 22 78 23 32 31 32 32 4 45 61 67 70 58 84 49 17 68 98 29 72 38 83 84 58 91 87 95 54 30 52 22 0 47 7 69 37 56 91 66 6 8 70
17 99 4 26 83 71 15 91 26 54 24 38 29 82 53 81 27 19 6 92 35 41 68 55 47 69 41 59 94 83 15 7 69 54 20 49 11 78 29 15 52 79 26 99 41 32 5 86 21 10 91 65 25 2 88 83 25 26 72 29 99 42 22 92 62 79 9 79 58 82 75 9 7 9 5 20 51 86 31 83 25 78 62 63 47 62 81 1 87 47 0 55 34 38 87 64 71 7 42 24
57 28 85 29 4 77 10 47 29 27 2 19 92 64 67 1 4 22 62 45 32 95 93 23 63 13 61 1 87 59 23 80 67 39 72 40 45 98 1 51 6 80 38 49 72 62 36 30 57 77 98 9 9 59 39 32 45 1 25 91 8 38 56 67 49 40 13 55 67 53 28 79 13 63 91 17 32 27 30 11 77 98 25 59 72 85 22 22 72 7 55 0 60 8 88 83 54 11 86 49
28 53 25 61 26 9 24 76 96 23 33 10 5 50 7 19 52 16 100 33 36 93 87 42 46 38 33 89 22 98 66 100 38 23 74 100 16 1 79 71 4 21 36 32 28 17 64 45 100 25 58 28 98 54 11 33 14 43 75 3 68 11 18 47 58 26 66 22 24 98 41 2 40 94 48 41 2 81 16 47 88 77 41 22 30 68 3 19 61 69 34 60 0 71 68 89 10 78 94 48
91 43 17 23 6 6 72 58 37 17 27 92 7 68 37 17 8 98 65 34 92 52 90 78 42 55 58 99 47 6 56 1 100 67 71 53 56 97 50 42 91 76 77 67 15 29 64 75 8 16 87 56 79 57 40 46 26 100 21 87 71 56 44 90 61 70 5 76 93 61 59 9 48 37 47 60 61 100 50 87 73 6 96 25 8 46 80 4 99 37 38 8 71 0 95 84 100 34 92 23
42 49 92 70 61 60 38 44 26 95 16 58 21 98 89 45 30 80 30 89 42 39 30 80 35 56 60 64 38 10 20 78 14 82 27 19 38 43 7 76 81 53 96 96 4 81 33 76 77 3 34 27 51 80 97 48 38 72 64 23 73 88 98 71 63 1 61 60 92 41 92 32 3 40 49 91 93 28 54 26 50 25 74 36 38 90 33 55 36 56 87 88 68 95 0 74 83 99 86 31
82 85 41 68 73 25 69 21 20 28 51 73 78 42 31 36 66 13 72 81 81 14 73 95 93 17 47 35 88 89 88 44 58 53 21 27 71 95 44 28 69 59 54 16 90 23 2 18 89 39 73 55 96 55 73 10 50 84 53 27 78 9 57 7 68 10 39 60 35 28 68 6 21 44 52 43 100 5 87 6 80 44 5 61 54 4 5 99 5 91 64 83 89 84 74 0 21 67 33 43
11 23 45 44 67 89 54 95 60 35 88 50 74 40 88 26 74 70 81 99 20 48 73 81 57 40 2 63 47 95 92 10 26 97 17 62 98 87 3 93 40 48 55 54 57 42 76 98 51 84 13 85 72 57 19 54 92 58 25 73 26 99 91 59 40 66 12 19 23 19 79 65 94 38 27 91 92 15 58 31 58 14 61 11 26 9 55 62 5 66 71 54 10 100 83 21 0 15 30 94
88 75 18 87 39 95 52 45 56 11 51 24 53 56 34 48 4 41 32 60 74 88 19 7 44 77 87 11 32 76 19 44 57 39 48 49 98 67 63 66 88 34 82 39 28 2 43 33 82 89 33 18 75 19 71 38 58 14 12 53 35 95 89 12 84 13 18 72 51 84 83 48 49 27 23 87 43 44 82 81 10 79 32 31 58 98 10 75 5 6 7 11 78 34 99 67 15 0 73 73
36 74 95 74 80 94 19 14 52 16 3 1 80 64 45 72 25 35 77 55 32 85 67 32 71 13 22 63 29 75 62 60 93 6 85 5 50 18 14 89 76 51 34 61 66 57 32 43 72 98 3 67 68 41 46 85 88 66 99 58 11 97 28 65 64 52 28 92 43 95 56 22 36 47 48 67 89 72 75 36 39 83 42 15 12 1 59 49 85 8 42 86 94 92 86 33 30 73 0 83
32 18 93 50 94 80 21 40 72 28 3 98 78 52 20 43 94 32 29 94 36 84 4 10 18 53 37 29 99 72 50 80 65 87 41 96 73 42 11 46 74 85 84 88 17 79 37 74 75 32 18 46 6 7 25 71 71 73 77 8 59 50 49 15 19 94 73 5 19 23 45 10 54 54 93 12 80 32 97 49 65 25 75 34 29 78 86 55 61 70 24 49 48 23 31 43 94 73 83 0
