100
10
0 28 46 16 16 40 34 84 47 17 43 31 13 60 6 40 19 37 21 75 19 83 57 4 68 43 73 64 32 34 62 14 74 43 50 20 76 44 64 13 13 31 29 67 28 80 31 87 42 1 82 64 26 29 41 25 48 64 88 31 33 24 3 48 42 53 15 65 88 12 51 60 28 87 2 16 43 72 77 63 60 31 89 35 51 65 21 66 76 9 7 18 48 7 66 85 73 79 41 27
28 0 3 18 15 53 10 44 70 16 35 71 28 71 40 2 76 46 69 55 10 50 74 32 67 1 73 85 70 65 4 69 35 83 16 36 84 77 10 5 83 36 70 66 55 32 39 67 24 11 61 61 73 29 76 61 76 21 51 74 67 26 62 38 59 9 77 70 24 43 58 22 61 30 40 4 34 17 3 29 63 31 28 41 22 31 8 62 45 76 57 32 84 44 33 66 53 82 74 8
46 3 0 37 38 6 76 12 1 79 4 9 85 13 38 51 55 59 59 38 40 46 85 16 72 78 64 30 33 54 39 15 53 72 33 1 42 68 29 30 61 63 43 83 2 39 32 19 36 43 25 85 48 37 79 48 7 80 51 36 81 80 76 21 17 46 22 38 32 90 70 5 14 56 70 28 10 39 52 87 81 35 87 71 89 7 14 25 25 3 43 20 10 11 15 8 20 86 58 74
16 18 37 0 60 3 17 23 73 81 5 44 72 80 58 87 6 24 26 59 27 57 58 85 87 82 52 47 39 79 37 71 34 12 30 36 6 90 5 17 20 12 13 20 75 12 80 15 60 15 39 85 28 28 45 28 41 77 40 55 25 74 38 8 42 25 3 1 9 4 86 5 61 5 11 45 73 17 5 45 71 16 87 16 70 20 79 47 6 45 27 37 65 86 21 57 52 13 14 54
16 15 38 60 0 49 79 39 32 38 65 80 66 28 30 51 52 46 55 30 82 72 6 49 82 56 18 42 76 14 3 57 53 66 52 65 11 38 69 58 90 87 90 57 26 7 37 83 11 23 8 85 2 34 4 53 43 25 12 90 64 88 64 24 61 82 35 84 24 59 67 21 39 22 80 46 43 4 18 50 52 1 81 65 25 37 88 34 72 71 39 19 13 33 59 41 24 34 68 56
40 53 6 3 49 0 62 16 2 85 1 34 66 21 80 61 86 34 88 2 41 5 14 3 84 22 53 25 46 76 5 68 74 47 59 36 13 65 20 89 23 56 50 18 29 87 31 54 87 9 23 25 54 37 35 17 57 45 61 24 25 20 51 60 86 58 53 66 86 42 53 36 76 42 28 54 32 39 62 48 84 25 3 15 29 11 23 38 27 29 42 80 14 58 60 33 78 18 5 33
34 10 76 17 79 62 0 40 80 66 21 21 18 58 66 38 47 36 68 41 28 10 14 76 75 19 66 64 3 32 65 47 42 11 86 6 32 52 65 89 80 15 19 77 63 78 49 30 20 62 87 32 16 4 12 15 18 82 21 49 53 49 76 46 7 20 36 83 42 60 49 19 88 49 13 7 10 79 39 58 4 26 62 13 53 22 58 90 66 55 62 23 51 23 45 82 67 51 3 48
84 44 12 23 39 16 40 0 44 2 59 60 49 7 36 90 90 86 24 60 34 9 81 53 60 3 21 64 31 53 54 43 46 1 48 82 63 1 19 23 74 26 10 21 82 74 36 48 42 57 20 80 80 2 71 86 14 33 29 59 47 22 24 59 10 50 56 76 89 66 39 43 46 15 15 43 65 11 84 21 4 60 32 29 15 69 21 54 30 76 55 65 44 16 67 72 86 33 20 33
47 70 1 73 32 2 80 44 0 90 74 50 65 58 34 42 20 83 49 53 49 19 88 27 16 55 42 43 86 64 49 75 3 85 37 38 13 66 12 42 76 33 15 76 38 7 1 85 78 7 87 90 20 71 29 6 39 60 86 9 68 44 84 82 1 58 38 80 87 50 12 40 65 36 2 64 84 63 42 4 40 27 89 52 74 55 63 12 29 51 9 40 56 59 45 51 8 81 30 31
17 16 79 81 38 85 66 2 90 0 9 12 17 47 48 9 76 17 72 51 78 71 84 78 80 37 39 34 20 58 25 68 34 52 63 23 74 76 18 8 77 60 43 79 57 88 86 36 34 50 32 50 43 70 7 5 83 37 70 36 21 31 71 10 4 8 20 17 33 12 49 30 24 49 10 7 67 65 84 60 59 42 81 53 17 87 78 40 33 84 65 87 80 9 26 79 47 57 69 78
43 35 4 5 65 1 21 59 74 9 0 36 69 55 15 48 71 32 46 5 82 74 27 47 78 40 6 82 61 4 42 47 48 83 32 30 48 51 75 6 39 38 36 69 38 11 42 10 53 67 84 56 33 35 58 78 58 9 36 45 80 40 12 34 25 21 28 80 16 12 8 86 43 40 38 4 74 78 33 79 54 32 49 31 66 10 60 55 80 75 51 3 45 65 24 7 74 20 36 30
31 71 9 44 80 34 21 60 50 12 36 0 67 17 39 59 83 8 64 67 63 19 73 32 76 89 34 84 83 38 55 87 47 42 4 14 87 53 39 16 5 78 18 68 22 55 1 45 46 71 6 18 46 67 16 10 34 53 36 21 12 18 60 47 58 88 2 89 89 61 52 34 24 49 45 81 36 73 10 28 7 89 75 85 30 46 44 54 44 48 6 46 14 60 83 38 43 87 35 10
13 28 85 72 66 66 18 49 65 17 69 67 0 10 67 46 50 23 1 37 19 16 63 42 73 55 18 73 15 33 52 63 83 72 54 27 80 89 71 62 12 33 19 19 74 43 9 24 74 70 31 29 71 80 38 73 82 28 57 90 60 16 16 41 74 6 17 62 26 32 56 50 17 83 69 58 67 19 87 40 45 69 22 48 27 3 41 18 43 58 7 11 34 67 39 50 53 50 42 70
60 71 13 80 28 21 58 7 58 47 55 17 10 0 32 6 76 19 52 42 2 83 4 29 24 41 14 86 30 27 57 47 73 17 4 86 48 73 52 2 6 44 16 3 67 86 34 42 77 87 39 9 73 54 20 1 61 37 22 82 12 65 64 10 50 3 48 14 61 68 63 44 16 46 58 73 89 66 71 78 21 7 8 53 41 27 73 52 20 83 64 36 31 47 23 4 60 56 84 48
6 40 38 58 30 80 66 36 34 48 15 39 67 32 0 38 87 47 63 57 40 51 15 22 6 3 87 20 87 38 17 8 60 27 68 48 34 86 65 4 25 15 27 65 76 84 71 19 28 23 69 47 65 37 24 81 54 56 50 31 9 9 60 38 26 85 72 29 16 52 1 84 58 78 29 5 35 1 58 46 35 31 48 15 71 74 58 32 20 29 5 83 85 30 69 13 44 55 3 15
40 2 51 87 51 61 38 90 42 9 48 59 46 6 38 0 6 41 64 28 17 74 77 33 23 17 90 10 89 84 22 61 28 6 27 64 40 38 54 17 9 78 47 3 29 50 63 77 87 39 86 36 60 46 52 3 77 76 34 39 83 59 10 4 24 27 89 2 20 16 39 31 37 9 38 16 9 55 47 2 45 68 44 26 79 89 34 66 40 2 50 77 86 72 72 56 14 79 75 81
19 76 55 6 52 86 47 90 20 76 71 83 50 76 87 6 0 88 61 22 23 13 27 42 1 49 17 5 51 80 26 3 31 36 10 33 76 35 23 2 47 7 24 52 69 85 77 60 59 22 11 38 61 66 33 40 57 81 60 17 37 45 25 21 75 73 22 38 68 1 29 23 63 86 72 48 46 40 28 12 71 4 54 35 30 1 57 69 25 4 2 26 13 33 27 28 27 61 61 14
37 46 59 24 46 34 36 86 83 17 32 8 23 19 47 41 88 0 48 11 13 5 81 16 43 33 52 53 35 90 21 8 21 6 36 77 34 12 31 89 64 53 57 10 32 48 45 77 62 70 14 26 54 60 74 20 84 65 62 47 55 43 85 87 49 40 7 41 80 51 41 61 75 72 11 4 57 5 56 39 87 51 33 77 22 60 56 46 13 24 9 68 33 12 36 69 45 35 54 12
21 69 59 26 55 88 68 24 49 72 46 64 1 52 63 64 61 48 0 49 44 83 73 26 77 69 63 15 16 83 66 80 69 25 29 59 57 41 63 4 69 86 3 61 46 58 75 53 71 16 53 20 23 35 54 52 64 69 48 41 60 62 21 45 47 17 14 69 49 62 50 57 46 79 84 34 39 22 55 87 38 47 75 20 18 77 49 32 70 64 62 9 65 41 35 20 39 74 76 38
75 55 38 59 30 2 41 60 53 51 5 67 37 42 57 28 22 11 49 0 6 58 23 15 21 89 1 87 36 28 44 52 3 87 35 14 89 3 84 10 18 86 80 13 35 1 41 39 1 89 78 73 73 62 39 85 8 44 58 6 29 54 69 19 78 49 71 58 8 22 31 41 16 53 53 51 33 51 60 52 76 69 72 31 22 13 15 78 14 19 23 48 29 31 3 37 21 31 89 60
19 10 40 27 82 41 28 34 49 78 82 63 19 2 40 17 23 13 44 6 0 5 56 87 14 31 45 34 68 75 46 9 80 8 14 68 49 74 38 62 2 69 13 69 31 71 58 75 13 81 76 23 59 12 42 50 30 74 2 82 82 3 38 47 13 69 48 24 42 11 43 43 64 21 73 15 88 17 56 8 32 58 12 48 72 74 53 49 18 70 39 46 56 29 19 46 27 75 29 54
83 50 46 57 72 5 10 9 19 71 74 19 16 83 51 74 13 5 83 58 5 0 71 57 47 23 27 10 25 79 47 51 12 14 85 27 88 67 59 46 51 51 9 54 52 42 32 31 72 32 57 17 74 75 35 15 65 43 36 56 33 49 57 34 13 69 88 8 35 76 57 17 9 26 7 77 24 4 3 61 18 85 67 22 41 22 32 11 54 51 51 37 72 86 54 21 82 88 77 20
57 74 85 58 6 14 14 81 88 84 27 73 63 4 15 77 27 81 73 23 56 71 0 83 46 39 26 73 52 37 67 41 25 57 38 34 47 83 26 12 23 37 87 7 85 15 53 1 75 48 87 37 4 51 22 89 6 13 90 14 33 25 39 39 7 19 37 61 25 27 62 75 64 84 3 26 57 27 86 85 29 39 1 71 87 28 47 56 84 2 46 13 70 34 18 6 67 57 20 90
4 32 16 85 49 3 76 53 27 78 47 32 42 29 22 33 42 16 26 15 87 57 83 0 57 26 61 82 73 78 46 44 23 6 85 68 27 70 88 35 81 33 50 21 21 67 69 66 71 71 15 80 32 71 73 69 10 46 42 85 17 74 58 14 80 63 63 43 27 33 63 15 75 58 28 35 22 42 39 27 19 11 62 69 67 55 52 82 74 30 88 20 34 1 88 24 35 40 49 74
68 67 72 87 82 84 75 60 16 80 78 76 73 24 6 23 1 43 77 21 14 47 46 57 0 62 38 76 8 11 22 57 61 75 49 67 35 20 78 39 36 82 21 83 60 15 4 79 47 57 35 58 33 5 45 14 71 47 34 52 72 24 43 3 39 63 86 11 14 67 64 64 83 72 49 72 29 48 77 63 74 56 36 54 54 58 66 7 32 20 1 60 2 56 46 77 8 80 14 13
43 1 78 82 56 22 19 3 55 37 40 89 55 41 3 17 49 33 69 89 31 23 39 26 62 0 75 75 5 80 72 32 48 57 79 77 43 16 64 55 79 75 69 9 80 25 54 68 10 27 89 29 39 76 77 34 57 32 53 32 51 15 29 50 40 55 12 76 56 58 54 1 47 71 34 20 86 82 8 50 81 47 41 79 43 9 57 36 32 34 19 29 39 7 79 57 76 13 87 76
73 73 64 52 18 53 66 21 42 39 6 34 18 14 87 90 17 52 63 1 45 27 26 61 38 75 0 14 84 86 68 75 72 69 4 51 18 9 33 50 63 17 5 66 37 72 46 82 54 69 41 42 83 24 77 83 38 71 71 22 24 12 75 85 88 44 61 20 47 52 68 44 44 28 32 46 23 48 63 82 55 66 76 80 55 49 35 74 3 18 2 81 68 66 17 53 86 11 30 36
64 85 30 47 42 25 64 64 43 34 82 84 73 86 20 10 5 53 15 87 34 10 73 82 76 75 14 0 19 52 78 6 17 81 67 57 60 90 34 48 35 42 82 68 52 67 12 52 24 2 23 37 68 68 71 41 66 11 86 14 9 23 51 55 79 21 82 83 2 71 84 60 18 48 55 19 19 3 19 71 22 89 39 5 85 73 82 13 4 20 69 78 35 31 58 56 66 77 83 52
32 70 33 39 76 46 3 31 86 20 61 83 15 30 87 89 51 35 16 36 68 25 52 73 8 5 84 19 0 68 15 57 40 40 45 90 54 31 69 76 14 32 83 45 59 88 84 17 25 68 54 39 55 73 32 43 27 42 76 84 21 3 35 47 87 32 31 84 68 76 40 35 51 61 49 65 50 9 3 4 88 61 68 13 5 34 48 72 86 79 63 51 1 73 33 9 15 58 59 49
34 65 54 79 14 76 32 53 64 58 4 38 33 27 38 84 80 90 83 28 75 79 37 78 11 80 86 52 68 0 66 79 39 85 30 32 69 24 14 78 37 68 41 83 87 38 24 83 86 21 11 56 3 81 41 4 31 1 74 73 9 19 34 72 37 1 14 80 30 4 43 28 62 6 49 81 32 83 35 23 43 80 81 51 35 70 9 84 37 7 51 58 20 16 63 75 11 23 61 13
62 4 39 37 3 5 65 54 49 25 42 55 52 57 17 22 26 21 66 44 46 47 67 46 22 72 68 78 15 66 0 73 60 72 13 87 64 33 81 55 11 90 30 40 33 44 11 90 87 21 60 61 42 90 41 41 65 65 74 64 39 8 62 13 15 54 32 79 32 55 86 9 20 66 29 43 10 40 10 64 46 20 77 49 8 1 6 52 73 5 88 52 33 11 38 32 40 81 18 33
14 69 15 71 57 68 47 43 75 68 47 87 63 47 8 61 3 8 80 52 9 51 41 44 57 32 75 6 57 79 73 0 9 56 50 70 81 72 33 68 17 53 27 65 15 62 85 40 43 76 69 29 14 28 32 31 4 38 44 6 90 85 35 20 76 64 12 52 21 75 90 7 85 76 71 45 6 30 24 13 62 56 63 54 6 69 14 42 53 80 8 87 51 68 35 65 38 38 81 41
74 35 53 34 53 74 42 46 3 34 48 47 83 73 60 28 31 21 69 3 80 12 25 23 61 48 72 17 40 39 60 9 0 44 90 51 4 41 74 68 24 48 46 87 83 66 55 53 21 89 26 68 70 83 59 29 69 19 51 41 72 50 25 47 43 60 13 81 5 81 16 40 55 40 52 38 25 62 24 58 83 48 29 2 68 12 17 79 18 43 43 45 47 65 53 81 28 90 45 15
43 83 72 12 66 47 11 1 85 52 83 42 72 17 27 6 36 6 25 87 8 14 57 6 75 57 69 81 40 85 72 56 44 0 6 28 80 82 37 40 17 70 71 59 18 31 19 53 48 68 56 69 80 23 35 76 72 89 78 27 23 6 78 84 70 72 18 48 18 80 63 77 66 5 71 10 24 30 32 50 84 12 24 32 14 70 61 88 11 30 81 51 30 87 70 65 4 17 74 2
50 16 33 30 52 59 86 48 37 63 32 4 54 4 68 27 10 36 29 35 14 85 38 85 49 79 4 67 45 30 13 50 90 6 0 7 51 83 15 33 16 38 75 80 76 53 66 21 84 34 38 64 42 36 80 62 10 59 9 39 35 83 6 19 20 90 9 10 59 21 62 23 39 26 44 55 42 14 10 70 4 33 6 72 19 40 35 38 75 56 86 5 75 12 68 25 12 2 12 44
20 36 1 36 65 36 6 82 38 23 30 14 27 86 48 64 33 77 59 14 68 27 34 68 67 77 51 57 90 32 87 70 51 28 7 0 33 25 13 79 58 9 54 3 68 33 5 62 44 8 38 34 83 87 57 15 40 43 2 14 72 53 87 29 60 81 85 29 47 43 76 36 27 15 27 72 29 67 3 74 42 4 58 11 76 26 79 5 28 34 21 15 50 6 82 63 4 34 35 55
76 84 42 6 11 13 32 63 13 74 48 87 80 48 34 40 76 34 57 89 49 88 47 27 35 43 18 60 54 69 64 81 4 80 51 33 0 69 30 13 81 51 31 42 48 42 67 19 39 60 59 47 46 68 56 39 38 26 15 3 68 48 18 15 69 81 40 87 4 1 38 16 44 39 37 4 19 4 37 63 90 84 86 5 75 84 67 28 90 63 12 68 14 46 54 33 62 70 46 72
44 77 68 90 38 65 52 1 66 76 51 53 89 73 86 38 35 12 41 3 74 67 83 70 20 16 9 90 31 24 33 72 41 82 83 25 69 0 59 39 15 15 37 47 6 44 45 71 57 32 89 84 52 24 37 62 5 83 83 18 53 88 61 66 36 71 33 28 48 88 27 89 34 7 46 50 90 49 42 60 50 21 2 33 13 43 31 42 64 61 82 86 77 14 44 74 40 18 47 39
64 10 29 5 69 20 65 19 12 18 75 39 71 52 65 54 23 31 63 84 38 59 26 88 78 64 33 34 69 14 81 33 74 37 15 13 30 59 0 63 58 56 83 23 84 51 80 5 1 48 36 71 81 5 72 44 54 36 42 52 77 47 44 75 46 12 12 18 54 77 39 54 81 58 59 71 61 90 11 56 90 33 61 32 35 45 27 17 65 54 27 82 2 75 1 10 11 73 36 79
13 5 30 17 58 89 89 23 42 8 6 16 62 2 4 17 2 89 4 10 62 46 12 35 39 55 50 48 76 78 55 68 68 40 33 79 13 39 63 0 90 9 73 9 11 87 57 34 56 2 2 14 74 85 57 45 88 57 26 3 52 43 55 24 4 19 84 23 30 70 68 16 34 13 68 6 38 21 33 78 52 76 72 66 37 41 52 44 75 54 50 40 36 72 82 13 46 42 7 63
13 83 61 20 90 23 80 74 76 77 39 5 12 6 25 9 47 64 69 18 2 51 23 81 36 79 63 35 14 37 11 17 24 17 16 58 81 15 58 90 0 31 40 7 22 8 36 68 58 29 4 6 43 51 90 60 24 56 31 72 25 7 36 42 90 60 17 33 21 19 90 73 13 77 16 77 5 78 2 11 82 60 13 83 7 41 32 68 37 68 73 4 24 1 65 87 41 28 11 89
31 36 63 12 87 56 15 26 33 60 38 78 33 44 15 78 7 53 86 86 69 51 37 33 82 75 17 42 32 68 90 53 48 70 38 9 51 15 56 9 31 0 10 28 71 67 48 25 62 83 17 61 19 65 31 78 37 79 24 16 10 68 32 50 8 90 43 26 40 53 2 17 88 60 12 44 54 50 24 2 84 63 12 29 52 81 41 77 40 4 39 89 23 17 76 37 80 71 45 40
29 70 43 13 90 50 19 10 15 43 36 18 19 16 27 47 24 57 3 80 13 9 87 50 21 69 5 82 83 41 30 27 46 71 75 54 31 37 83 73 40 10 0 15 44 86 13 6 68 54 64 63 53 81 42 77 89 54 81 25 27 89 15 60 38 66 27 46 66 55 47 35 41 90 54 32 16 35 89 33 79 88 5 16 77 87 81 84 56 30 81 44 58 59 43 81 55 10 58 38
67 66 83 20 57 18 77 21 76 79 69 68 19 3 65 3 52 10 61 13 69 54 7 21 83 9 66 68 45 83 40 65 87 59 80 3 42 47 23 9 7 28 15 0 7 54 6 68 62 34 54 66 64 21 30 72 88 40 1 25 21 81 87 4 64 86 76 18 48 72 15 24 1 64 3 45 41 61 54 9 62 66 58 24 37 9 36 65 61 54 9 33 43 71 19 13 25 15 11 66
28 55 2 75 26 29 63 82 38 57 38 22 74 67 76 29 69 32 46 35 31 52 85 21 60 80 37 52 59 87 33 15 83 18 76 68 48 6 84 11 22 71 44 7 0 75 43 50 51 75 32 3 37 11 81 76 20 20 63 21 47 89 45 82 52 49 38 45 86 65 24 83 90 44 18 65 31 57 52 55 14 42 58 85 83 64 28 38 8 9 24 73 47 67 54 36 5 79 46 79
80 32 39 12 7 87 78 74 7 88 11 55 43 86 84 50 85 48 58 1 71 42 15 67 15 25 72 67 88 38 44 62 66 31 53 33 42 44 51 87 8 67 86 54 75 0 1 46 75 11 71 45 49 51 50 25 86 4 40 23 68 11 86 4 11 54 17 86 21 66 29 8 2 71 86 50 60 49 70 59 11 67 72 83 40 38 84 11 43 69 26 7 11 44 62 35 87 42 58 3
31 39 32 80 37 31 49 36 1 86 42 1 9 34 71 63 77 45 75 41 58 32 53 69 4 54 46 12 84 24 11 85 55 19 66 5 67 45 80 57 36 48 13 6 43 1 0 66 19 88 28 28 58 27 32 40 73 80 33 52 4 5 52 35 79 81 71 52 32 8 19 53 8 45 6 23 24 14 84 11 46 21 4 54 77 30 25 24 23 54 62 22 9 15 78 8 15 11 84 31
87 67 19 15 83 54 30 48 85 36 10 45 24 42 19 77 60 77 53 39 75 31 1 66 79 68 82 52 17 83 90 40 53 53 21 62 19 71 5 34 68 25 6 68 50 46 66 0 18 15 25 77 58 3 27 7 55 37 10 51 35 79 7 57 10 76 73 19 86 32 33 21 39 47 45 22 56 83 38 48 34 90 19 37 22 88 50 47 19 20 40 30 90 38 85 45 78 83 33 51
42 24 36 60 11 87 20 42 78 34 53 46 74 77 28 87 59 62 71 1 13 72 75 71 47 10 54 24 25 86 87 43 21 48 84 44 39 57 1 56 58 62 68 62 51 75 19 18 0 12 58 12 33 49 52 77 26 57 58 48 18 31 16 53 15 14 65 13 33 48 19 19 8 47 74 36 1 42 74 3 79 34 86 6 83 19 11 38 43 9 59 83 31 23 42 8 4 37 25 11
1 11 43 15 23 9 62 57 7 50 67 71 70 87 23 39 22 70 16 89 81 32 48 71 57 27 69 2 68 21 21 76 89 68 34 8 60 32 48 2 29 83 54 34 75 11 88 15 12 0 29 56 1 35 9 42 86 85 82 87 25 84 75 44 17 36 11 85 89 29 88 38 31 54 56 34 2 19 42 43 90 56 74 5 6 57 53 7 24 83 29 86 87 9 63 74 75 19 24 20
82 61 25 39 8 23 87 20 87 32 84 6 31 39 69 86 11 14 53 78 76 57 87 15 35 89 41 23 54 11 60 69 26 56 38 38 59 89 36 2 4 17 64 54 32 71 28 25 58 29 0 44 21 4 18 20 3 16 43 52 47 8 57 68 70 9 72 57 58 81 73 86 32 85 80 10 57 16 53 81 63 83 67 14 90 6 19 33 11 49 53 45 7 20 24 57 2 75 38 57
64 61 85 85 85 25 32 80 90 50 56 18 29 9 47 36 38 26 20 73 23 17 37 80 58 29 42 37 39 56 61 29 68 69 64 34 47 84 71 14 6 61 63 66 3 45 28 77 12 56 44 0 23 73 7 25 35 62 54 2 2 64 16 8 54 35 77 90 16 85 48 4 80 23 56 15 24 19 64 72 33 29 41 58 10 7 77 76 25 38 70 85 22 34 39 88 20 34 26 20
26 73 48 28 2 54 16 80 20 43 33 46 71 73 65 60 61 54 23 73 59 74 4 32 33 39 83 68 55 3 42 14 70 80 42 83 46 52 81 74 43 19 53 64 37 49 58 58 33 1 21 23 0 9 32 28 64 21 29 63 87 46 24 83 83 53 28 60 54 33 69 60 73 26 52 70 53 13 68 34 36 65 35 10 21 67 66 39 14 19 9 10 50 27 29 81 30 31 35 13
29 29 37 28 34 37 4 2 71 70 35 67 80 54 37 46 66 60 35 62 12 75 51 71 5 76 24 68 73 81 90 28 83 23 36 87 68 24 5 85 51 65 81 21 11 51 27 3 49 35 4 73 9 0 57 69 15 43 52 4 88 43 53 52 3 67 58 29 18 84 29 80 62 83 67 50 15 18 77 85 83 69 39 48 63 75 25 68 3 26 6 55 40 44 56 11 52 4 22 21
41 76 79 45 4 35 12 71 29 7 58 16 38 20 24 52 33 74 54 39 42 35 22 73 45 77 77 71 32 41 41 32 59 35 80 57 56 37 72 57 90 31 42 30 81 50 32 27 52 9 18 7 32 57 0 19 3 11 56 79 17 11 79 83 27 15 6 51 26 14 9 56 88 77 76 20 52 57 30 76 40 66 15 57 74 37 41 50 58 81 64 17 69 70 57 35 40 44 76 56
25 61 48 28 53 17 15 86 6 5 78 10 73 1 81 3 40 20 52 85 50 15 89 69 14 34 83 41 43 4 41 31 29 76 62 15 39 62 44 45 60 78 77 72 76 25 40 7 77 42 20 25 28 69 19 0 7 38 10 12 66 35 45 44 74 27 57 38 77 76 83 65 15 67 27 11 60 72 72 54 47 6 38 86 68 67 18 56 63 9 46 64 55 56 74 59 90 72 87 56
48 76 7 41 43 57 18 14 39 83 58 34 82 61 54 77 57 84 64 8 30 65 6 10 71 57 38 66 27 31 65 4 69 72 10 40 38 5 54 88 24 37 89 88 20 86 73 55 26 86 3 35 64 15 3 7 0 1 80 30 43 57 28 62 38 53 11 12 87 39 30 71 63 72 68 11 72 43 83 22 47 51 76 12 12 48 10 61 38 4 39 87 66 80 21 70 23 86 11 84
64 21 80 77 25 45 82 33 60 37 9 53 28 37 56 76 81 65 69 44 74 43 13 46 47 32 71 11 42 1 65 38 19 89 59 43 26 83 36 57 56 79 54 40 20 4 80 37 57 85 16 62 21 43 11 38 1 0 16 20 43 42 24 58 13 20 82 64 50 47 90 85 86 37 38 89 13 84 60 25 45 33 87 17 7 84 51 34 25 34 19 20 70 46 9 65 46 11 86 50
88 51 51 40 12 61 21 29 86 70 36 36 57 22 50 34 60 62 48 58 2 36 90 42 34 53 71 86 76 74 74 44 51 78 9 2 15 83 42 26 31 24 81 1 63 40 33 10 58 82 43 54 29 52 56 10 80 16 0 68 27 10 62 20 11 88 14 71 28 53 32 28 37 2 49 46 4 5 68 43 36 78 28 16 23 60 32 72 44 22 86 40 11 10 73 14 60 50 49 3
31 74 36 55 90 24 49 59 9 36 45 21 90 82 31 39 17 47 41 6 82 56 14 85 52 32 22 14 84 73 64 6 41 27 39 14 3 18 52 3 72 16 25 25 21 23 52 51 48 87 52 2 63 4 79 12 30 20 68 0 46 2 76 8 15 22 13 15 53 50 70 55 43 19 17 47 78 25 45 62 4 69 2 21 35 76 44 70 19 7 66 26 37 39 63 47 38 88 28 88
33 67 81 25 64 25 53 47 68 21 80 12 60 12 9 83 37 55 60 29 82 33 33 17 72 51 24 9 21 9 39 90 72 23 35 72 68 53 77 52 25 10 27 21 47 68 4 35 18 25 47 2 87 88 17 66 43 43 27 46 0 22 19 4 70 43 27 19 26 63 9 25 21 1 14 47 28 38 2 40 76 83 45 33 16 25 2 43 22 66 10 42 24 38 9 23 25 59 33 51
24 26 80 74 88 20 49 22 44 31 40 18 16 65 9 59 45 43 62 54 3 49 25 74 24 15 12 23 3 19 8 85 50 6 83 53 48 88 47 43 7 68 89 81 89 11 5 79 31 84 8 64 46 43 11 35 57 42 10 2 22 0 27 2 6 13 33 3 33 37 35 48 49 61 15 38 67 19 84 10 89 63 47 22 59 86 77 9 22 11 46 36 72 18 24 75 85 82 65 25
3 62 76 38 64 51 76 24 84 71 12 60 16 64 60 10 25 85 21 69 38 57 39 58 43 29 75 51 35 34 62 35 25 78 6 87 18 61 44 55 36 32 15 87 45 86 52 7 16 75 57 16 24 53 79 45 28 24 62 76 19 27 0 40 66 79 64 24 83 6 60 40 67 30 61 86 10 60 67 84 59 81 17 51 2 14 45 42 64 60 88 54 85 74 49 7 79 69 16 55
48 38 21 8 24 60 46 59 82 10 34 47 41 10 38 4 21 87 45 19 47 34 39 14 3 50 85 55 47 72 13 20 47 84 19 29 15 66 75 24 42 50 60 4 82 4 35 57 53 44 68 8 83 52 83 44 62 58 20 8 4 2 40 0 42 74 8 48 25 44 72 84 2 3 38 11 85 13 47 28 36 41 68 62 49 88 45 32 71 26 86 19 6 31 31 36 26 8 22 5
42 59 17 42 61 86 7 10 1 4 25 58 74 50 26 24 75 49 47 78 13 13 7 80 39 40 88 79 87 37 15 76 43 70 20 60 69 36 46 4 90 8 38 64 52 11 79 10 15 17 70 54 83 3 27 74 38 13 11 15 70 6 66 42 0 24 7 84 38 44 83 37 49 29 82 78 81 67 3 70 64 71 84 46 87 46 54 19 78 52 78 21 17 69 85 88 8 68 38 12
53 9 46 25 82 58 20 50 58 8 21 88 6 3 85 27 73 40 17 49 69 69 19 63 63 55 44 21 32 1 54 64 60 72 90 81 81 71 12 19 60 90 66 86 49 54 81 76 14 36 9 35 53 67 15 27 53 20 88 22 43 13 79 74 24 0 75 71 73 2 90 74 35 16 39 61 70 75 84 22 69 2 8 44 25 70 64 34 81 62 35 39 39 12 70 38 1 14 65 25
15 77 22 3 35 53 36 56 38 20 28 2 17 48 72 89 22 7 14 71 48 88 37 63 86 12 61 82 31 14 32 12 13 18 9 85 40 33 12 84 17 43 27 76 38 17 71 73 65 11 72 77 28 58 6 57 11 82 14 13 27 33 64 8 7 75 0 62 23 67 65 21 14 80 48 82 1 67 61 64 13 27 10 26 24 34 76 23 33 62 13 28 38 44 57 81 7 28 27 86
65 70 38 1 84 66 83 76 80 17 80 89 62 14 29 2 38 41 69 58 24 8 61 43 11 76 20 83 84 80 79 52 81 48 10 29 87 28 18 23 33 26 46 18 45 86 52 19 13 85 57 90 60 29 51 38 12 64 71 15 19 3 24 48 84 71 62 0 33 52 33 36 1 84 73 80 75 50 17 48 42 75 10 41 54 68 54 43 3 74 9 10 73 2 72 83 83 63 35 2
88 24 32 9 24 86 42 89 87 33 16 89 26 61 16 20 68 80 49 8 42 35 25 27 14 56 47 2 68 30 32 21 5 18 59 47 4 48 54 30 21 40 66 48 86 21 32 86 33 89 58 16 54 18 26 77 87 50 28 53 26 33 83 25 38 73 23 33 0 71 11 30 89 51 8 14 22 57 70 64 62 66 36 69 32 71 49 9 23 19 73 38 33 56 29 2 42 21 83 49
12 43 90 4 59 42 60 66 50 12 12 61 32 68 52 16 1 51 62 22 11 76 27 33 67 58 52 71 76 4 55 75 81 80 21 43 1 88 77 70 19 53 55 72 65 66 8 32 48 29 81 85 33 84 14 76 39 47 53 50 63 37 6 44 44 2 67 52 71 0 4 23 31 68 75 44 37 90 20 20 6 83 5 62 90 34 41 26 38 34 43 21 28 23 86 48 43 23 64 29
51 58 70 86 67 53 49 39 12 49 8 52 56 63 1 39 29 41 50 31 43 57 62 63 64 54 68 84 40 43 86 90 16 63 62 76 38 27 39 68 90 2 47 15 24 29 19 33 19 88 73 48 69 29 9 83 30 90 32 70 9 35 60 72 83 90 65 33 11 4 0 45 87 59 26 74 72 17 62 48 52 86 29 41 29 73 76 69 81 12 34 12 19 5 68 17 30 22 81 36
60 22 5 5 21 36 19 43 40 30 86 34 50 44 84 31 23 61 57 41 43 17 75 15 64 1 44 60 35 28 9 7 40 77 23 36 16 89 54 16 73 17 35 24 83 8 53 21 19 38 86 4 60 80 56 65 71 85 28 55 25 48 40 84 37 74 21 36 30 23 45 0 1 89 36 29 69 27 77 69 53 31 67 7 85 24 56 13 59 39 26 48 37 14 28 5 50 84 6 63
28 61 14 61 39 76 88 46 65 24 43 24 17 16 58 37 63 75 46 16 64 9 64 75 83 47 44 18 51 62 20 85 55 66 39 27 44 34 81 34 13 88 41 1 90 2 8 39 8 31 32 80 73 62 88 15 63 86 37 43 21 49 67 2 49 35 14 1 89 31 87 1 0 44 34 65 10 10 19 25 72 21 55 84 32 54 39 63 26 54 72 84 77 51 27 72 36 64 63 8
87 30 56 5 22 42 49 15 36 49 40 49 83 46 78 9 86 72 79 53 21 26 84 58 72 71 28 48 61 6 66 76 40 5 26 15 39 7 58 13 77 60 90 64 44 71 45 47 47 54 85 23 26 83 77 67 72 37 2 19 1 61 30 3 29 16 80 84 51 68 59 89 44 0 58 37 82 85 44 44 79 83 59 31 55 28 22 59 60 85 20 8 86 20 85 51 26 58 19 46
2 40 70 11 80 28 13 15 2 10 38 45 69 58 29 38 72 11 84 53 73 7 3 28 49 34 32 55 49 49 29 71 52 71 44 27 37 46 59 68 16 12 54 3 18 86 6 45 74 56 80 56 52 67 76 27 68 38 49 17 14 15 61 38 82 39 48 73 8 75 26 36 34 58 0 42 77 88 15 45 29 79 49 15 29 72 84 2 40 50 53 43 56 27 81 19 15 54 19 66
16 4 28 45 46 54 7 43 64 7 4 81 58 73 5 16 48 4 34 51 15 77 26 35 72 20 46 19 65 81 43 45 38 10 55 72 4 50 71 6 77 44 32 45 65 50 23 22 36 34 10 15 70 50 20 11 11 89 46 47 47 38 86 11 78 61 82 80 14 44 74 29 65 37 42 0 3 62 43 8 39 23 29 75 21 8 39 78 2 2 7 52 14 69 13 87 68 38 22 46
43 34 10 73 43 32 10 65 84 67 74 36 67 89 35 9 46 57 39 33 88 24 57 22 29 86 23 19 50 32 10 6 25 24 42 29 19 90 61 38 5 54 16 41 31 60 24 56 1 2 57 24 53 15 52 60 72 13 4 78 28 67 10 85 81 70 1 75 22 37 72 69 10 82 77 3 0 24 54 71 57 83 19 57 40 14 23 86 90 84 27 18 13 11 37 89 34 60 35 1
72 17 39 17 4 39 79 11 63 65 78 73 19 66 1 55 40 5 22 51 17 4 27 42 48 82 48 3 9 83 40 30 62 30 14 67 4 49 90 21 78 50 35 61 57 49 14 83 42 19 16 19 13 18 57 72 43 84 5 25 38 19 60 13 67 75 67 50 57 90 17 27 10 85 88 62 24 0 55 12 36 44 50 5 90 15 81 76 89 25 88 20 18 33 22 54 15 50 68 58
77 3 52 5 18 62 39 84 42 84 33 10 87 71 58 47 28 56 55 60 56 3 86 39 77 8 63 19 3 35 10 24 24 32 10 3 37 42 11 33 2 24 89 54 52 70 84 38 74 42 53 64 68 77 30 72 83 60 68 45 2 84 67 47 3 84 61 17 70 20 62 77 19 44 15 43 54 55 0 20 7 26 17 53 5 10 65 84 36 18 38 58 19 83 26 45 1 66 28 25
63 29 87 45 50 48 58 21 4 60 79 28 40 78 46 2 12 39 87 52 8 61 85 27 63 50 82 71 4 23 64 13 58 50 70 74 63 60 56 78 11 2 33 9 55 59 11 48 3 43 81 72 34 85 76 54 22 25 43 62 40 10 84 28 70 22 64 48 64 20 48 69 25 44 45 8 71 12 20 0 55 33 56 73 14 39 52 30 57 46 82 53 11 66 58 18 84 17 87 65
60 63 81 71 52 84 4 4 40 59 54 7 45 21 35 45 71 87 38 76 32 18 29 19 74 81 55 22 88 43 46 62 83 84 4 42 90 50 90 52 82 84 79 62 14 11 46 34 79 90 63 33 36 83 40 47 47 45 36 4 76 89 59 36 64 69 13 42 62 6 52 53 72 79 29 39 57 36 7 55 0 52 66 3 39 9 44 7 54 88 64 17 24 62 75 43 52 46 72 23
31 31 35 16 1 25 26 60 27 42 32 89 69 7 31 68 4 51 47 69 58 85 39 11 56 47 66 89 61 80 20 56 48 12 33 4 84 21 33 76 60 63 88 66 42 67 21 90 34 56 83 29 65 69 66 6 51 33 78 69 83 63 81 41 71 2 27 75 66 83 86 31 21 83 79 23 83 44 26 33 52 0 51 16 76 70 63 55 89 4 46 40 16 22 82 19 7 1 89 55
89 28 87 87 81 3 62 32 89 81 49 75 22 8 48 44 54 33 75 72 12 67 1 62 36 41 76 39 68 81 77 63 29 24 6 58 86 2 61 72 13 12 5 58 58 72 4 19 86 74 67 41 35 39 15 38 76 87 28 2 45 47 17 68 84 8 10 10 36 5 29 67 55 59 49 29 19 50 17 56 66 51 0 78 15 19 71 38 87 67 69 12 66 43 4 27 17 70 6 40
35 41 71 16 65 15 13 29 52 53 31 85 48 53 15 26 35 77 20 31 48 22 71 69 54 79 80 5 13 51 49 54 2 32 72 11 5 33 32 66 83 29 16 24 85 83 54 37 6 5 14 58 10 48 57 86 12 17 16 21 33 22 51 62 46 44 26 41 69 62 41 7 84 31 15 75 57 5 53 73 3 16 78 0 16 41 18 75 50 72 41 52 84 9 9 32 28 43 45 48
51 22 89 70 25 29 53 15 74 17 66 30 27 41 71 79 30 22 18 22 72 41 87 67 54 43 55 85 5 35 8 6 68 14 19 76 75 13 35 37 7 52 77 37 83 40 77 22 83 6 90 10 21 63 74 68 12 7 23 35 16 59 2 49 87 25 24 54 32 90 29 85 32 55 29 21 40 90 5 14 39 76 15 16 0 28 34 73 11 4 22 34 66 56 75 46 31 71 18 27
65 31 7 20 37 11 22 69 55 87 10 46 3 27 74 89 1 60 77 13 74 22 28 55 58 9 49 73 34 70 1 69 12 70 40 26 84 43 45 41 41 81 87 9 64 38 30 88 19 57 6 7 67 75 37 67 48 84 60 76 25 86 14 88 46 70 34 68 71 34 73 24 54 28 72 8 14 15 10 39 9 70 19 41 28 0 74 74 39 20 11 86 75 88 1 67 27 82 2 33
21 8 14 79 88 23 58 21 63 78 60 44 41 73 58 34 57 56 49 15 53 32 47 52 66 57 35 82 48 9 6 14 17 61 35 79 67 31 27 52 32 41 81 36 28 84 25 50 11 53 19 77 66 25 41 18 10 51 32 44 2 77 45 45 54 64 76 54 49 41 76 56 39 22 84 39 23 81 65 52 44 63 71 18 34 74 0 27 8 17 25 42 35 59 3 76 47 85 70 44
66 62 25 47 34 38 90 54 12 40 55 54 18 52 32 66 69 46 32 78 49 11 56 82 7 36 74 13 72 84 52 42 79 88 38 5 28 42 17 44 68 77 84 65 38 11 24 47 38 7 33 76 39 68 50 56 61 34 72 70 43 9 42 32 19 34 23 43 9 26 69 13 63 59 2 78 86 76 84 30 7 55 38 75 73 74 27 0 61 16 26 17 21 35 53 90 23 27 77 43
76 45 25 6 72 27 66 30 29 33 80 44 43 20 20 40 25 13 70 14 18 54 84 74 32 32 3 4 86 37 73 53 18 11 75 28 90 64 65 75 37 40 56 61 8 43 23 19 43 24 11 25 14 3 58 63 38 25 44 19 22 22 64 71 78 81 33 3 23 38 81 59 26 60 40 2 90 89 36 57 54 89 87 50 11 39 8 61 0 87 74 90 78 86 1 77 27 83 80 53
9 76 3 45 71 29 55 76 51 84 75 48 58 83 29 2 4 24 64 19 70 51 2 30 20 34 18 20 79 7 5 80 43 30 56 34 63 61 54 54 68 4 30 54 9 69 54 20 9 83 49 38 19 26 81 9 4 34 22 7 66 11 60 26 52 62 62 74 19 34 12 39 54 85 50 2 84 25 18 46 88 4 67 72 4 20 17 16 87 0 87 77 88 51 22 67 44 31 18 48
7 57 43 27 39 42 62 55 9 65 51 6 7 64 5 50 2 9 62 23 39 51 46 88 1 19 2 69 63 51 88 8 43 81 86 21 12 82 27 50 73 39 81 9 24 26 62 40 59 29 53 70 9 6 64 46 39 19 86 66 10 46 88 86 78 35 13 9 73 43 34 26 72 20 53 7 27 88 38 82 64 46 69 41 22 11 25 26 74 87 0 68 77 87 65 43 3 27 46 63
18 32 20 37 19 80 23 65 40 87 3 46 11 36 83 77 26 68 9 48 46 37 13 20 60 29 81 78 51 58 52 87 45 51 5 15 68 86 82 40 4 89 44 33 73 7 22 30 83 86 45 85 10 55 17 64 87 20 40 26 42 36 54 19 21 39 28 10 38 21 12 48 84 8 43 52 18 20 58 53 17 40 12 52 34 86 42 17 90 77 68 0 17 1 88 23 28 76 15 48
48 84 10 65 13 14 51 44 56 80 45 14 34 31 85 86 13 33 65 29 56 72 70 34 2 39 68 35 1 20 33 51 47 30 75 50 14 77 2 36 24 23 58 43 47 11 9 90 31 87 7 22 50 40 69 55 66 70 11 37 24 72 85 6 17 39 38 73 33 28 19 37 77 86 56 14 13 18 19 11 24 16 66 84 66 75 35 21 78 88 77 17 0 55 12 22 82 13 36 55
7 44 11 86 33 58 23 16 59 9 65 60 67 47 30 72 33 12 41 31 29 86 34 1 56 7 66 31 73 16 11 68 65 87 12 6 46 14 75 72 1 17 59 71 67 44 15 38 23 9 20 34 27 44 70 56 80 46 10 39 38 18 74 31 69 12 44 2 56 23 5 14 51 20 27 69 11 33 83 66 62 22 43 9 56 88 59 35 86 51 87 1 55 0 28 13 45 46 45 33
66 33 15 21 59 60 45 67 45 26 24 83 39 23 69 72 27 36 35 3 19 54 18 88 46 79 17 58 33 63 38 35 53 70 68 82 54 44 1 82 65 76 43 19 54 62 78 85 42 63 24 39 29 56 57 74 21 9 73 63 9 24 49 31 85 70 57 72 29 86 68 28 27 85 81 13 37 22 26 58 75 82 4 9 75 1 3 53 1 22 65 88 12 28 0 73 78 17 21 5
85 66 8 57 41 33 82 72 51 79 7 38 50 4 13 56 28 69 20 37 46 21 6 24 77 57 53 56 9 75 32 65 81 65 25 63 33 74 10 13 87 37 81 13 36 35 8 45 8 74 57 88 81 11 35 59 70 65 14 47 23 75 7 36 88 38 81 83 2 48 17 5 72 51 19 87 89 54 45 18 43 19 27 32 46 67 76 90 77 67 43 23 22 13 73 0 77 64 8 67
73 53 20 52 24 78 67 86 8 47 74 43 53 60 44 14 27 45 39 21 27 82 67 35 8 76 86 66 15 11 40 38 28 4 12 4 62 40 11 46 41 80 55 25 5 87 15 78 4 75 2 20 30 52 40 90 23 46 60 38 25 85 79 26 8 1 7 83 42 43 30 50 36 26 15 68 34 15 1 84 52 7 17 28 31 27 47 23 27 44 3 28 82 45 78 77 0 45 11 7
79 82 86 13 34 18 51 33 81 57 20 87 50 56 55 79 61 35 74 31 75 88 57 40 80 13 11 77 58 23 81 38 90 17 2 34 70 18 73 42 28 71 10 15 79 42 11 83 37 19 75 34 31 4 44 72 86 11 50 88 59 82 69 8 68 14 28 63 21 23 22 84 64 58 54 38 60 50 66 17 46 1 70 43 71 82 85 27 83 31 27 76 13 46 17 64 45 0 9 3
41 74 58 14 68 5 3 20 30 69 36 35 42 84 3 75 61 54 76 89 29 77 20 49 14 87 30 83 59 61 18 81 45 74 12 35 46 47 36 7 11 45 58 11 46 58 84 33 25 24 38 26 35 22 76 87 11 86 49 28 33 65 16 22 38 65 27 35 83 64 81 6 63 19 19 22 35 68 28 87 72 89 6 45 18 2 70 77 80 18 46 15 36 45 21 8 11 9 0 21
27 8 74 54 56 33 48 33 31 78 30 10 70 48 15 81 14 12 38 60 54 20 90 74 13 76 36 52 49 13 33 41 15 2 44 55 72 39 79 63 89 40 38 66 79 3 31 51 11 20 57 20 13 21 56 56 84 50 3 88 51 25 55 5 12 25 86 2 49 29 36 63 8 46 66 46 1 58 25 65 23 55 40 48 27 33 44 43 53 48 63 48 55 33 5 67 7 3 21 0
