100
10
0 20 78 22 27 98 38 4 65 17 27 84 58 50 47 26 91 100 4 2 25 56 93 22 68 100 55 2 3 86 49 59 70 61 4 98 66 36 47 80 10 89 18 51 78 53 38 65 13 49 47 5 93 91 55 99 40 46 45 31 20 6 42 87 12 94 95 8 59 46 84 68 72 86 90 55 34 91 37 4 25 16 74 53 93 41 37 41 80 29 7 92 70 11 75 46 25 92 44 21
20 0 24 59 98 41 86 97 26 53 87 83 26 17 8 81 6 59 99 34 20 67 17 52 8 43 42 63 52 15 4 77 14 15 91 65 4 85 25 100 57 64 99 2 37 13 61 66 70 66 7 39 43 58 54 5 37 41 88 29 75 20 90 86 6 78 63 72 95 10 88 24 69 91 35 32 84 74 59 52 63 28 11 7 75 93 69 59 44 87 78 53 81 86 9 83 41 82 59 61
78 24 0 51 13 85 6 47 72 61 56 64 32 53 74 78 7 28 96 97 74 88 11 3 36 55 5 21 35 7 17 40 20 15 8 52 81 4 90 13 26 32 23 13 17 79 13 70 13 73 6 18 8 45 24 8 79 48 91 41 45 48 48 44 39 25 28 39 45 56 6 89 80 22 73 59 86 29 36 44 53 93 20 45 58 32 1 38 67 43 5 100 12 30 45 40 34 17 16 51
22 59 51 0 30 46 73 93 83 5 90 40 33 52 45 25 51 70 92 76 35 88 97 55 1 95 8 30 50 69 16 60 97 7 57 49 71 37 27 53 31 89 82 99 2 75 27 80 51 42 59 52 62 48 97 1 83 29 23 65 39 91 4 50 37 57 89 97 72 53 96 100 69 80 66 79 51 15 3 74 62 34 37 42 28 76 8 27 72 93 44 87 46 75 21 76 53 74 38 19
27 98 13 30 0 71 43 13 4 41 76 51 50 66 38 29 43 39 32 1 8 67 43 62 97 51 45 34 91 95 95 2 24 9 1 71 6 97 96 12 29 9 28 96 51 8 51 24 55 79 26 50 60 31 95 20 48 92 93 50 72 57 79 33 65 70 82 4 90 28 82 44 90 67 10 15 74 16 98 72 50 84 98 82 27 82 39 12 22 63 30 79 62 78 17 21 14 24 14 56
98 41 85 46 71 0 25 2 92 49 9 2 32 17 88 97 16 63 73 33 10 55 28 82 12 2 62 24 61 90 44 91 49 99 30 34 81 12 91 97 26 92 83 36 41 58 47 91 35 89 10 79 6 78 85 24 8 83 20 76 36 55 88 23 22 92 99 87 63 89 30 57 48 98 64 24 79 16 92 59 38 74 95 69 15 66 100 37 22 74 57 79 2 62 69 19 83 68 29 94
38 86 6 73 43 25 0 12 42 24 31 23 41 94 9 56 82 61 5 63 42 86 93 77 65 27 61 37 62 13 27 14 50 48 99 14 19 35 89 27 86 86 85 94 82 45 92 89 64 14 15 19 57 65 19 84 11 33 57 17 21 65 73 83 81 70 65 48 12 92 80 55 96 4 65 90 97 49 79 86 20 74 71 16 8 51 19 16 10 16 17 54 11 47 13 36 60 1 55 53
4 97 47 93 13 2 12 0 14 42 42 48 37 99 60 64 17 61 75 67 13 71 8 34 66 73 73 5 87 59 22 39 40 75 82 92 29 32 2 4 37 97 16 2 51 86 15 27 99 47 26 2 17 50 83 45 66 100 84 71 89 29 26 78 58 24 17 20 64 5 84 89 79 40 25 3 30 8 10 5 3 54 100 62 78 41 74 84 92 5 45 74 91 4 55 19 10 70 76 68
65 26 72 83 4 92 42 14 0 43 54 14 15 34 38 53 99 82 9 45 25 22 40 68 80 93 31 18 84 43 1 68 29 99 4 89 90 1 43 40 39 51 73 27 96 35 62 34 24 46 86 80 58 44 76 85 15 17 37 7 36 32 19 57 100 77 74 10 69 41 20 88 79 55 31 70 78 50 8 3 91 10 100 56 93 43 33 78 16 93 90 32 99 95 58 93 54 81 9 9
17 53 61 5 41 49 24 42 43 0 34 29 70 16 61 36 92 46 63 71 70 2 24 72 55 42 16 75 28 15 88 12 52 41 32 27 82 77 52 37 73 95 81 67 50 73 77 43 12 77 38 18 70 24 38 39 58 59 96 84 19 7 71 18 100 10 15 41 94 59 81 27 42 6 28 6 93 48 40 31 77 69 16 44 22 14 95 78 11 19 27 97 70 69 63 71 44 65 4 3
27 87 56 90 76 9 31 42 54 34 0 76 62 88 54 88 30 27 2 57 35 95 17 95 74 53 22 35 51 54 85 77 95 68 81 42 32 17 53 86 47 22 64 83 34 82 81 42 34 19 80 58 64 17 1 43 70 78 18 65 84 81 34 27 54 49 63 33 28 84 62 68 49 69 24 11 72 5 73 26 54 71 36 93 79 20 35 44 57 37 24 98 46 45 53 51 62 11 39 58
84 83 64 40 51 2 23 48 14 29 76 0 57 31 49 44 58 33 51 43 34 36 21 19 51 16 90 41 4 76 71 71 34 55 93 31 43 18 16 42 73 56 49 14 53 69 84 42 6 38 16 53 54 36 94 52 24 77 95 1 83 94 100 62 38 46 98 46 19 46 77 99 25 54 50 72 39 7 54 15 98 4 52 100 79 96 8 28 27 62 75 10 6 79 56 76 44 17 90 67
58 26 32 33 50 32 41 37 15 70 62 57 0 1 94 92 15 84 73 3 68 39 91 92 59 93 27 96 88 74 92 40 85 50 43 53 74 99 55 75 83 97 24 59 44 35 30 54 84 90 79 49 35 73 99 66 9 96 2 62 73 69 18 73 8 29 18 33 64 66 88 21 10 3 24 5 41 37 3 25 50 4 42 35 14 27 63 4 53 22 80 72 14 42 17 43 31 36 5 17
50 17 53 52 66 17 94 99 34 16 88 31 1 0 25 60 33 38 100 75 8 52 32 31 84 54 47 95 88 78 75 83 62 37 72 47 42 80 91 65 58 70 2 9 56 66 73 52 95 53 3 84 86 74 16 77 13 7 23 12 41 53 45 97 58 79 21 7 91 26 47 11 42 62 26 50 53 23 71 16 8 74 75 95 3 97 49 45 52 22 5 53 19 47 24 82 5 68 38 74
47 8 74 45 38 88 9 60 38 61 54 49 94 25 0 19 17 83 61 58 66 44 19 37 85 44 31 1 92 2 73 58 43 5 93 76 79 42 26 22 100 56 79 90 30 51 33 27 34 5 90 1 11 1 68 61 29 67 66 8 4 69 19 25 46 46 63 84 86 55 82 80 55 100 95 67 87 14 48 13 22 32 28 29 81 73 36 46 23 18 56 48 64 3 33 41 9 57 36 56
26 81 78 25 29 97 56 64 53 36 88 44 92 60 19 0 35 56 22 64 30 47 18 42 6 71 98 94 69 28 65 45 28 5 61 9 93 46 15 13 35 13 90 73 84 36 23 75 59 27 95 77 21 84 6 67 62 15 71 70 15 34 63 54 15 52 75 11 61 12 75 10 43 4 75 91 10 13 18 100 65 55 72 54 9 14 52 100 35 33 75 73 18 71 95 47 74 10 51 2
91 6 7 51 43 16 82 17 99 92 30 58 15 33 17 35 0 62 82 41 58 33 59 46 29 67 79 54 97 99 9 41 68 3 20 93 98 94 66 7 38 5 42 13 54 36 44 29 31 99 73 30 79 79 82 7 46 57 80 39 44 90 10 60 29 6 5 5 5 37 25 4 90 9 53 91 17 86 13 8 57 93 38 94 18 67 63 15 68 64 2 9 70 24 70 18 3 41 5 83
100 59 28 70 39 63 61 61 82 46 27 33 84 38 83 56 62 0 52 42 60 64 10 24 48 43 60 68 23 16 82 89 54 65 59 86 23 13 89 94 45 25 59 81 27 97 30 69 6 64 60 36 76 26 66 20 17 50 57 22 84 45 34 52 58 6 74 43 38 100 44 69 97 90 63 86 31 69 93 60 33 97 23 27 21 2 69 83 4 100 52 57 95 96 17 49 3 32 69 98
4 99 96 92 32 73 5 75 9 63 2 51 73 100 61 22 82 52 0 2 26 43 19 27 18 55 86 73 82 9 39 74 97 16 16 80 23 71 18 20 61 16 34 54 69 61 41 63 8 21 16 60 99 34 67 50 1 52 18 42 6 88 63 30 17 35 83 8 59 76 76 14 100 35 56 29 87 84 33 60 29 42 1 56 94 83 4 20 71 70 34 13 65 43 81 15 55 93 70 77
2 34 97 76 1 33 63 67 45 71 57 43 3 75 58 64 41 42 2 0 5 84 45 87 95 90 55 60 72 68 57 2 47 77 15 31 58 1 5 90 31 52 11 5 59 41 89 30 86 37 25 2 74 58 22 63 56 32 6 17 87 2 72 68 23 97 92 88 14 32 46 31 96 96 39 49 3 7 91 41 46 47 79 36 42 34 23 83 54 61 2 58 56 25 78 59 94 21 40 20
25 20 74 35 8 10 42 13 25 70 35 34 68 8 66 30 58 60 26 5 0 79 87 57 6 100 11 62 74 77 23 76 72 23 92 39 12 26 56 41 32 37 86 18 34 93 74 90 90 100 39 33 63 11 4 17 63 5 78 24 62 87 20 99 22 77 40 70 67 27 88 38 15 41 24 8 90 1 72 9 68 62 64 46 10 26 81 29 94 32 18 61 89 55 51 50 86 89 86 63
56 67 88 88 67 55 86 71 22 2 95 36 39 52 44 47 33 64 43 84 79 0 55 12 22 4 50 32 2 6 25 62 69 98 14 5 59 34 63 60 42 49 44 12 89 17 51 15 42 16 91 33 3 7 14 39 23 83 17 17 17 37 35 22 19 83 85 62 98 74 25 76 70 86 86 47 79 10 58 72 21 95 33 71 30 31 46 31 26 43 86 61 33 57 21 49 3 15 37 70
93 17 11 97 43 28 93 8 40 24 17 21 91 32 19 18 59 10 19 45 87 55 0 79 5 79 27 63 11 71 65 46 62 33 87 38 5 60 60 70 86 28 47 60 31 79 33 46 82 19 17 80 20 16 21 91 54 66 64 86 44 73 22 10 20 2 65 12 60 6 46 93 100 65 21 11 74 36 20 77 3 11 14 48 38 42 5 96 57 14 58 60 33 51 95 35 92 33 67 29
22 52 3 55 62 82 77 34 68 72 95 19 92 31 37 42 46 24 27 87 57 12 79 0 48 44 70 30 82 29 37 80 31 39 13 50 40 90 14 82 88 8 42 97 4 48 26 87 60 15 98 49 2 9 13 79 19 77 31 11 72 10 19 22 99 25 39 22 94 31 87 53 15 90 30 55 43 38 99 51 8 22 80 49 80 78 58 32 25 22 10 25 60 16 72 55 32 16 49 66
68 8 36 1 97 12 65 66 80 55 74 51 59 84 85 6 29 48 18 95 6 22 5 48 0 100 86 52 60 46 40 60 60 65 49 72 85 1 100 26 79 11 55 56 27 74 10 57 99 18 50 34 9 79 99 84 99 92 62 1 16 44 39 15 35 48 100 61 97 3 2 6 6 45 65 42 38 36 95 22 49 34 96 65 49 53 91 100 36 69 63 1 57 98 100 30 11 94 12 39
100 43 55 95 51 2 27 73 93 42 53 16 93 54 44 71 67 43 55 90 100 4 79 44 100 0 30 92 72 64 6 71 89 60 32 13 33 22 41 46 40 20 89 92 48 10 68 67 20 15 14 49 37 28 28 72 67 69 21 68 31 14 11 49 6 50 40 2 1 20 21 60 62 53 10 36 21 52 85 16 83 38 34 33 85 57 68 60 4 19 21 64 87 84 80 8 39 44 93 33
55 42 5 8 45 62 61 73 31 16 22 90 27 47 31 98 79 60 86 55 11 50 27 70 86 30 0 49 56 21 70 92 35 25 22 53 85 81 100 26 29 38 4 32 50 9 43 53 95 9 17 99 92 34 39 51 54 42 75 81 45 66 93 86 99 97 29 31 92 80 34 30 35 97 63 11 5 25 12 81 35 40 8 75 9 71 37 76 25 60 75 67 98 38 8 33 10 43 22 91
2 63 21 30 34 24 37 5 18 75 35 41 96 95 1 94 54 68 73 60 62 32 63 30 52 92 49 0 62 91 48 63 84 35 29 64 2 56 7 64 90 65 92 47 50 51 91 98 19 82 28 19 73 74 55 31 64 12 4 95 85 84 55 11 68 82 5 77 75 70 90 71 74 85 40 61 66 47 16 33 32 59 78 33 32 22 68 84 46 37 14 91 60 7 56 17 62 58 46 22
3 52 35 50 91 61 62 87 84 28 51 4 88 88 92 69 97 23 82 72 74 2 11 82 60 72 56 62 0 38 56 94 63 1 42 48 42 77 66 18 33 91 92 84 35 2 31 4 39 29 88 97 15 5 97 94 87 83 68 30 29 89 54 48 94 25 47 40 13 56 46 40 83 89 87 75 15 47 87 11 100 21 50 10 6 97 82 32 55 19 75 100 12 9 100 85 19 88 52 65
86 15 7 69 95 90 13 59 43 15 54 76 74 78 2 28 99 16 9 68 77 6 71 29 46 64 21 91 38 0 1 100 2 16 53 29 80 51 65 54 51 95 58 72 73 49 80 97 59 33 8 87 7 49 23 12 12 13 29 19 32 5 13 34 69 1 55 49 78 59 47 13 45 8 56 4 34 89 16 85 23 17 38 52 21 58 67 73 47 60 81 69 72 1 44 75 88 49 78 16
49 4 17 16 95 44 27 22 1 88 85 71 92 75 73 65 9 82 39 57 23 25 65 37 40 6 70 48 56 1 0 1 58 27 46 77 100 30 89 28 17 15 82 100 60 96 40 97 46 6 38 63 45 86 3 56 3 64 6 40 61 52 95 21 67 73 58 36 4 72 19 97 41 93 68 51 91 100 92 34 7 9 60 29 61 67 10 28 70 49 7 62 60 24 97 19 58 87 83 33
59 77 40 60 2 91 14 39 68 12 77 71 40 83 58 45 41 89 74 2 76 62 46 80 60 71 92 63 94 100 1 0 75 22 49 30 25 3 64 10 22 93 83 15 87 70 88 62 69 60 95 48 79 81 14 66 73 79 86 49 33 33 34 53 54 25 1 4 13 85 1 36 38 12 42 40 13 50 8 76 69 67 9 67 95 21 46 54 35 23 37 56 89 42 47 77 43 22 70 82
70 14 20 97 24 49 50 40 29 52 95 34 85 62 43 28 68 54 97 47 72 69 62 31 60 89 35 84 63 2 58 75 0 23 41 7 1 18 27 52 13 59 7 32 75 100 8 13 38 37 96 20 24 93 28 51 64 25 25 17 47 66 36 31 64 63 99 68 22 5 86 35 26 59 71 96 63 49 13 79 5 98 11 51 5 80 67 99 39 75 21 5 27 75 90 23 66 15 96 8
61 15 15 7 9 99 48 75 99 41 68 55 50 37 5 5 3 65 16 77 23 98 33 39 65 60 25 35 1 16 27 22 23 0 12 24 11 68 88 8 49 13 5 61 23 94 30 25 72 80 71 48 21 40 61 24 74 65 16 74 6 12 65 60 63 71 82 92 65 33 51 1 47 67 39 1 88 58 60 47 95 79 20 83 70 88 73 87 79 20 5 78 78 39 73 100 57 32 30 67
4 91 8 57 1 30 99 82 4 32 81 93 43 72 93 61 20 59 16 15 92 14 87 13 49 32 22 29 42 53 46 49 41 12 0 15 84 85 54 61 13 54 81 20 89 33 12 75 66 84 13 97 31 50 55 67 88 73 93 48 70 35 39 30 56 96 87 16 97 57 75 72 73 7 14 97 1 52 90 90 51 32 1 77 72 89 1 100 44 37 93 31 41 67 46 14 7 64 33 71
98 65 52 49 71 34 14 92 89 27 42 31 53 47 76 9 93 86 80 31 39 5 38 50 72 13 53 64 48 29 77 30 7 24 15 0 47 67 16 88 78 61 35 53 13 39 76 93 56 58 79 86 16 27 72 69 5 65 16 89 66 41 6 99 68 11 41 78 92 58 48 10 50 31 14 74 41 99 85 10 53 75 25 56 41 66 17 62 26 23 44 35 85 31 37 49 91 9 94 44
66 4 81 71 6 81 19 29 90 82 32 43 74 42 79 93 98 23 23 58 12 59 5 40 85 33 85 2 42 80 100 25 1 11 84 47 0 50 9 48 58 81 22 72 96 52 20 46 41 42 37 32 12 79 21 51 10 59 51 47 86 40 16 50 91 69 70 81 45 90 46 89 28 63 52 30 87 46 63 87 61 33 36 61 64 70 60 22 55 81 40 82 65 100 86 38 58 56 18 26
36 85 4 37 97 12 35 32 1 77 17 18 99 80 42 46 94 13 71 1 26 34 60 90 1 22 81 56 77 51 30 3 18 68 85 67 50 0 86 43 20 48 58 38 49 65 82 6 30 28 11 84 53 6 58 33 76 63 55 59 67 57 23 15 59 85 77 68 89 22 77 6 5 42 85 78 53 78 80 86 42 38 43 20 90 94 31 50 90 26 11 2 29 36 70 55 20 48 87 29
47 25 90 27 96 91 89 2 43 52 53 16 55 91 26 15 66 89 18 5 56 63 60 14 100 41 100 7 66 65 89 64 27 88 54 16 9 86 0 11 60 37 7 81 47 48 60 85 52 85 63 73 5 11 80 90 20 2 29 16 57 97 7 79 62 4 12 21 50 94 50 84 100 90 80 69 74 64 91 52 40 39 35 64 73 54 24 72 73 15 32 77 79 22 34 71 47 79 16 68
80 100 13 53 12 97 27 4 40 37 86 42 75 65 22 13 7 94 20 90 41 60 70 82 26 46 26 64 18 54 28 10 52 8 61 88 48 43 11 0 72 50 4 90 29 39 7 59 100 34 90 56 75 81 6 79 61 5 33 99 8 1 12 42 95 33 90 3 92 22 64 77 65 47 37 96 20 57 45 36 78 25 95 94 16 54 3 71 14 48 3 6 73 77 65 33 77 7 78 9
10 57 26 31 29 26 86 37 39 73 47 73 83 58 100 35 38 45 61 31 32 42 86 88 79 40 29 90 33 51 17 22 13 49 13 78 58 20 60 72 0 53 84 68 68 31 21 3 64 23 71 19 40 56 3 96 22 18 37 74 27 23 40 7 70 44 15 90 42 91 84 39 5 63 8 92 30 26 97 75 16 19 92 11 82 67 17 40 91 90 61 91 89 31 65 8 85 51 91 18
89 64 32 89 9 92 86 97 51 95 22 56 97 70 56 13 5 25 16 52 37 49 28 8 11 20 38 65 91 95 15 93 59 13 54 61 81 48 37 50 53 0 85 27 58 15 12 86 99 77 81 7 12 93 55 2 54 83 8 25 30 17 86 85 50 99 58 26 61 25 85 51 54 21 12 38 61 74 11 60 61 33 81 76 82 40 77 61 13 86 55 37 94 3 23 54 1 23 77 6
18 99 23 82 28 83 85 16 73 81 64 49 24 2 79 90 42 59 34 11 86 44 47 42 55 89 4 92 92 58 82 83 7 5 81 35 22 58 7 4 84 85 0 38 48 4 89 27 33 34 63 29 34 66 53 86 53 91 36 33 94 51 17 93 96 39 52 5 15 59 83 21 58 26 28 77 73 62 45 66 16 47 55 62 35 77 40 85 46 82 44 98 99 72 78 82 88 64 56 46
51 2 13 99 96 36 94 2 27 67 83 14 59 9 90 73 13 81 54 5 18 12 60 97 56 92 32 47 84 72 100 15 32 61 20 53 72 38 81 90 68 27 38 0 2 78 96 48 94 61 57 83 65 70 68 80 37 56 26 30 55 96 59 32 42 60 75 24 31 53 54 20 88 86 29 17 54 78 36 72 15 10 87 65 100 16 74 34 14 37 85 12 24 29 61 26 94 32 1 72
78 37 17 2 51 41 82 51 96 50 34 53 44 56 30 84 54 27 69 59 34 89 31 4 27 48 50 50 35 73 60 87 75 23 89 13 96 49 47 29 68 58 48 2 0 13 13 3 3 74 44 59 35 60 63 84 24 51 17 79 81 36 51 10 48 26 39 26 24 55 24 7 31 38 60 12 93 80 64 83 13 95 52 28 59 57 69 82 11 78 15 35 31 22 65 99 96 90 15 49
53 13 79 75 8 58 45 86 35 73 82 69 35 66 51 36 36 97 61 41 93 17 79 48 74 10 9 51 2 49 96 70 100 94 33 39 52 65 48 39 31 15 4 78 13 0 98 25 56 24 41 22 49 86 34 71 19 96 13 81 19 21 19 13 81 21 24 63 1 36 48 52 10 91 78 21 21 13 10 88 89 82 41 40 32 99 24 58 37 60 6 11 100 84 96 70 50 36 26 2
38 61 13 27 51 47 92 15 62 77 81 84 30 73 33 23 44 30 41 89 74 51 33 26 10 68 43 91 31 80 40 88 8 30 12 76 20 82 60 7 21 12 89 96 13 98 0 91 10 5 83 10 32 54 81 7 16 38 28 74 97 81 91 31 11 83 49 68 66 23 40 24 54 95 48 6 3 29 70 52 71 45 27 45 26 9 52 57 86 83 57 90 89 8 60 83 54 59 87 75
65 66 70 80 24 91 89 27 34 43 42 42 54 52 27 75 29 69 63 30 90 15 46 87 57 67 53 98 4 97 97 62 13 25 75 93 46 6 85 59 3 86 27 48 3 25 91 0 76 1 12 36 98 47 24 85 70 23 22 43 24 24 80 12 46 26 13 39 65 41 92 50 13 26 52 17 97 70 26 8 23 22 13 79 94 60 53 60 27 96 71 87 47 39 39 10 10 78 99 32
13 70 13 51 55 35 64 99 24 12 34 6 84 95 34 59 31 6 8 86 90 42 82 60 99 20 95 19 39 59 46 69 38 72 66 56 41 30 52 100 64 99 33 94 3 56 10 76 0 77 24 7 57 48 30 94 26 73 25 31 18 73 81 27 18 80 10 34 69 73 7 1 100 97 30 24 88 28 29 93 87 43 82 29 64 52 1 32 45 15 41 64 88 28 75 76 8 84 76 55
49 66 73 42 79 89 14 47 46 77 19 38 90 53 5 27 99 64 21 37 100 16 19 15 18 15 9 82 29 33 6 60 37 80 84 58 42 28 85 34 23 77 34 61 74 24 5 1 77 0 44 59 13 31 54 46 37 67 28 86 96 65 9 42 60 18 34 13 30 1 13 30 68 84 12 72 23 90 4 10 91 72 55 59 79 26 77 7 31 49 20 87 74 90 42 30 25 93 9 84
47 7 6 59 26 10 15 26 86 38 80 16 79 3 90 95 73 60 16 25 39 91 17 98 50 14 17 28 88 8 38 95 96 71 13 79 37 11 63 90 71 81 63 57 44 41 83 12 24 44 0 95 27 81 86 20 52 59 64 80 90 58 81 47 29 63 19 30 43 44 99 94 11 39 68 49 75 55 40 25 83 82 10 28 63 7 96 72 88 5 52 53 63 6 60 35 97 80 57 2
5 39 18 52 50 79 19 2 80 18 58 53 49 84 1 77 30 36 60 2 33 33 80 49 34 49 99 19 97 87 63 48 20 48 97 86 32 84 73 56 19 7 29 83 59 22 10 36 7 59 95 0 97 35 90 67 7 53 67 28 56 87 35 51 31 29 68 55 38 39 80 44 57 35 74 9 80 89 79 63 79 60 11 66 83 99 57 96 21 34 10 62 42 72 79 91 92 98 99 89
93 43 8 62 60 6 57 17 58 70 64 54 35 86 11 21 79 76 99 74 63 3 20 2 9 37 92 73 15 7 45 79 24 21 31 16 12 53 5 75 40 12 34 65 35 49 32 98 57 13 27 97 0 65 38 46 82 34 31 100 41 23 34 14 9 67 47 57 32 20 52 43 15 41 48 11 46 19 1 80 14 35 7 12 3 54 36 21 56 35 100 26 51 36 59 21 66 44 69 18
91 58 45 48 31 78 65 50 44 24 17 36 73 74 1 84 79 26 34 58 11 7 16 9 79 28 34 74 5 49 86 81 93 40 50 27 79 6 11 81 56 93 66 70 60 86 54 47 48 31 81 35 65 0 27 95 11 10 90 5 54 24 1 15 3 33 51 51 52 35 11 53 75 54 86 87 14 57 21 93 31 41 27 18 81 55 3 78 81 77 67 79 6 43 26 37 95 23 68 19
55 54 24 97 95 85 19 83 76 38 1 94 99 16 68 6 82 66 67 22 4 14 21 13 99 28 39 55 97 23 3 14 28 61 55 72 21 58 80 6 3 55 53 68 63 34 81 24 30 54 86 90 38 27 0 28 61 56 74 79 94 61 17 62 76 67 77 12 40 55 70 54 21 98 89 94 49 9 76 14 67 92 87 39 86 18 25 56 53 29 93 78 33 41 93 87 17 54 66 83
99 5 8 1 20 24 84 45 85 39 43 52 66 77 61 67 7 20 50 63 17 39 91 79 84 72 51 31 94 12 56 66 51 24 67 69 51 33 90 79 96 2 86 80 84 71 7 85 94 46 20 67 46 95 28 0 27 18 42 96 19 35 44 17 71 72 91 24 93 62 30 13 4 64 13 33 3 50 86 4 86 60 60 50 54 75 64 8 56 3 29 78 74 87 52 60 57 73 97 19
40 37 79 83 48 8 11 66 15 58 70 24 9 13 29 62 46 17 1 56 63 23 54 19 99 67 54 64 87 12 3 73 64 74 88 5 10 76 20 61 22 54 53 37 24 19 16 70 26 37 52 7 82 11 61 27 0 72 60 17 30 25 75 82 25 15 33 31 60 38 17 86 40 36 9 8 55 92 47 89 27 39 99 33 46 2 96 31 55 40 8 34 33 76 18 85 23 35 20 57
46 41 48 29 92 83 33 100 17 59 78 77 96 7 67 15 57 50 52 32 5 83 66 77 92 69 42 12 83 13 64 79 25 65 73 65 59 63 2 5 18 83 91 56 51 96 38 23 73 67 59 53 34 10 56 18 72 0 35 69 99 80 71 72 96 74 92 28 89 74 77 86 66 81 93 10 76 50 18 73 13 73 9 30 42 24 30 63 21 71 66 8 51 64 12 38 25 31 26 70
45 88 91 23 93 20 57 84 37 96 18 95 2 23 66 71 80 57 18 6 78 17 64 31 62 21 75 4 68 29 6 86 25 16 93 16 51 55 29 33 37 8 36 26 17 13 28 22 25 28 64 67 31 90 74 42 60 35 0 46 86 55 82 31 34 78 14 72 99 89 71 3 51 18 94 46 66 73 58 100 41 80 64 79 34 43 16 83 56 67 2 55 80 63 66 75 61 98 51 84
31 29 41 65 50 76 17 71 7 84 65 1 62 12 8 70 39 22 42 17 24 17 86 11 1 68 81 95 30 19 40 49 17 74 48 89 47 59 16 99 74 25 33 30 79 81 74 43 31 86 80 28 100 5 79 96 17 69 46 0 94 45 59 3 35 49 38 36 67 59 78 83 84 82 44 25 69 92 72 10 36 31 69 15 7 72 94 29 77 99 52 98 44 55 93 22 70 17 29 28
20 75 45 39 72 36 21 89 36 19 84 83 73 41 4 15 44 84 6 87 62 17 44 72 16 31 45 85 29 32 61 33 47 6 70 66 86 67 57 8 27 30 94 55 81 19 97 24 18 96 90 56 41 54 94 19 30 99 86 94 0 71 56 27 79 11 32 98 51 42 4 50 97 53 73 65 4 69 73 73 84 40 46 62 85 81 68 32 23 36 42 61 57 72 38 88 36 95 37 29
6 20 48 91 57 55 65 29 32 7 81 94 69 53 69 34 90 45 88 2 87 37 73 10 44 14 66 84 89 5 52 33 66 12 35 41 40 57 97 1 23 17 51 96 36 21 81 24 73 65 58 87 23 24 61 35 25 80 55 45 71 0 50 62 88 16 37 86 78 5 37 37 90 3 90 32 2 29 50 43 73 7 83 65 14 31 32 72 78 75 88 70 67 3 63 80 42 93 47 38
42 90 48 4 79 88 73 26 19 71 34 100 18 45 19 63 10 34 63 72 20 35 22 19 39 11 93 55 54 13 95 34 36 65 39 6 16 23 7 12 40 86 17 59 51 19 91 80 81 9 81 35 34 1 17 44 75 71 82 59 56 50 0 13 22 52 61 71 74 75 49 35 50 80 93 19 83 96 71 64 86 3 79 87 59 75 91 24 10 100 82 91 63 59 60 53 91 14 24 46
87 86 44 50 33 23 83 78 57 18 27 62 73 97 25 54 60 52 30 68 99 22 10 22 15 49 86 11 48 34 21 53 31 60 30 99 50 15 79 42 7 85 93 32 10 13 31 12 27 42 47 51 14 15 62 17 82 72 31 3 27 62 13 0 63 77 100 99 26 57 99 40 80 43 15 25 81 70 97 15 56 23 9 44 54 56 1 68 69 14 50 45 78 91 37 96 72 70 25 94
12 6 39 37 65 22 81 58 100 100 54 38 8 58 46 15 29 58 17 23 22 19 20 99 35 6 99 68 94 69 67 54 64 63 56 68 91 59 62 95 70 50 96 42 48 81 11 46 18 60 29 31 9 3 76 71 25 96 34 35 79 88 22 63 0 67 79 2 78 90 59 50 45 3 44 28 13 58 96 60 34 69 4 9 27 81 6 26 28 62 28 43 44 29 3 22 70 50 58 78
94 78 25 57 70 92 70 24 77 10 49 46 29 79 46 52 6 6 35 97 77 83 2 25 48 50 97 82 25 1 73 25 63 71 96 11 69 85 4 33 44 99 39 60 26 21 83 26 80 18 63 29 67 33 67 72 15 74 78 49 11 16 52 77 67 0 76 28 76 32 7 6 69 44 82 53 58 97 86 42 97 21 38 47 93 55 74 29 24 49 51 14 15 58 52 20 16 42 4 15
95 63 28 89 82 99 65 17 74 15 63 98 18 21 63 75 5 74 83 92 40 85 65 39 100 40 29 5 47 55 58 1 99 82 87 41 70 77 12 90 15 58 52 75 39 24 49 13 10 34 19 68 47 51 77 91 33 92 14 38 32 37 61 100 79 76 0 85 56 4 67 37 26 75 69 5 30 75 41 57 49 51 90 87 49 18 27 41 68 50 20 16 25 80 49 33 75 95 34 62
8 72 39 97 4 87 48 20 10 41 33 46 33 7 84 11 5 43 8 88 70 62 12 22 61 2 31 77 40 49 36 4 68 92 16 78 81 68 21 3 90 26 5 24 26 63 68 39 34 13 30 55 57 51 12 24 31 28 72 36 98 86 71 99 2 28 85 0 14 60 96 69 8 46 43 45 81 95 84 72 97 43 98 34 50 5 91 69 27 15 72 18 10 19 53 81 31 53 98 75
59 95 45 72 90 63 12 64 69 94 28 19 64 91 86 61 5 38 59 14 67 98 60 94 97 1 92 75 13 78 4 13 22 65 97 92 45 89 50 92 42 61 15 31 24 1 66 65 69 30 43 38 32 52 40 93 60 89 99 67 51 78 74 26 78 76 56 14 0 15 53 17 44 90 97 37 86 37 45 50 22 58 59 30 52 75 88 12 84 85 45 26 49 89 80 92 65 91 50 84
46 10 56 53 28 89 92 5 41 59 84 46 66 26 55 12 37 100 76 32 27 74 6 31 3 20 80 70 56 59 72 85 5 33 57 58 90 22 94 22 91 25 59 53 55 36 23 41 73 1 44 39 20 35 55 62 38 74 89 59 42 5 75 57 90 32 4 60 15 0 76 86 91 51 75 33 15 29 50 14 27 100 51 25 38 45 45 3 11 59 51 27 15 74 15 6 99 78 93 12
84 88 6 96 82 30 80 84 20 81 62 77 88 47 82 75 25 44 76 46 88 25 46 87 2 21 34 90 46 47 19 1 86 51 75 48 46 77 50 64 84 85 83 54 24 48 40 92 7 13 99 80 52 11 70 30 17 77 71 78 4 37 49 99 59 7 67 96 53 76 0 18 45 92 56 71 5 13 76 19 86 20 97 52 69 29 91 98 15 70 1 89 68 33 88 49 24 3 4 49
68 24 89 100 44 57 55 89 88 27 68 99 21 11 80 10 4 69 14 31 38 76 93 53 6 60 30 71 40 13 97 36 35 1 72 10 89 6 84 77 39 51 21 20 7 52 24 50 1 30 94 44 43 53 54 13 86 86 3 83 50 37 35 40 50 6 37 69 17 86 18 0 43 94 17 3 95 38 64 28 92 76 89 76 76 89 98 69 46 52 79 54 7 76 63 28 24 17 45 99
72 69 80 69 90 48 96 79 79 42 49 25 10 42 55 43 90 97 100 96 15 70 100 15 6 62 35 74 83 45 41 38 26 47 73 50 28 5 100 65 5 54 58 88 31 10 54 13 100 68 11 57 15 75 21 4 40 66 51 84 97 90 50 80 45 69 26 8 44 91 45 43 0 3 63 42 85 32 8 95 9 19 100 20 8 61 32 40 76 93 74 39 13 47 20 56 82 15 89 48
86 91 22 80 67 98 4 40 55 6 69 54 3 62 100 4 9 90 35 96 41 86 65 90 45 53 97 85 89 8 93 12 59 67 7 31 63 42 90 47 63 21 26 86 38 91 95 26 97 84 39 35 41 54 98 64 36 81 18 82 53 3 80 43 3 44 75 46 90 51 92 94 3 0 15 88 87 31 42 95 73 34 39 63 100 78 58 50 13 71 30 64 95 33 36 67 91 75 14 21
90 35 73 66 10 64 65 25 31 28 24 50 24 26 95 75 53 63 56 39 24 86 21 30 65 10 63 40 87 56 68 42 71 39 14 14 52 85 80 37 8 12 28 29 60 78 48 52 30 12 68 74 48 86 89 13 9 93 94 44 73 90 93 15 44 82 69 43 97 75 56 17 63 15 0 97 57 4 37 83 83 74 49 12 17 7 88 38 7 27 10 54 51 65 23 59 30 35 61 30
55 32 59 79 15 24 90 3 70 6 11 72 5 50 67 91 91 86 29 49 8 47 11 55 42 36 11 61 75 4 51 40 96 1 97 74 30 78 69 96 92 38 77 17 12 21 6 17 24 72 49 9 11 87 94 33 8 10 46 25 65 32 19 25 28 53 5 45 37 33 71 3 42 88 97 0 59 28 43 2 64 66 3 17 71 86 22 27 77 94 20 27 91 48 22 50 68 64 93 24
34 84 86 51 74 79 97 30 78 93 72 39 41 53 87 10 17 31 87 3 90 79 74 43 38 21 5 66 15 34 91 13 63 88 1 41 87 53 74 20 30 61 73 54 93 21 3 97 88 23 75 80 46 14 49 3 55 76 66 69 4 2 83 81 13 58 30 81 86 15 5 95 85 87 57 59 0 33 51 12 62 26 16 36 70 41 1 67 37 92 79 55 18 55 68 13 58 4 98 38
91 74 29 15 16 16 49 8 50 48 5 7 37 23 14 13 86 69 84 7 1 10 36 38 36 52 25 47 47 89 100 50 49 58 52 99 46 78 64 57 26 74 62 78 80 13 29 70 28 90 55 89 19 57 9 50 92 50 73 92 69 29 96 70 58 97 75 95 37 29 13 38 32 31 4 28 33 0 5 24 54 27 10 14 36 53 27 70 44 83 40 10 40 76 7 96 15 61 80 63
37 59 36 3 98 92 79 10 8 40 73 54 3 71 48 18 13 93 33 91 72 58 20 99 95 85 12 16 87 16 92 8 13 60 90 85 63 80 91 45 97 11 45 36 64 10 70 26 29 4 40 79 1 21 76 86 47 18 58 72 73 50 71 97 96 86 41 84 45 50 76 64 8 42 37 43 51 5 0 27 8 71 8 90 66 38 11 77 31 88 69 89 80 83 21 7 10 23 71 55
4 52 44 74 72 59 86 5 3 31 26 15 25 16 13 100 8 60 60 41 9 72 77 51 22 16 81 33 11 85 34 76 79 47 90 10 87 86 52 36 75 60 66 72 83 88 52 8 93 10 25 63 80 93 14 4 89 73 100 10 73 43 64 15 60 42 57 72 50 14 19 28 95 95 83 2 12 24 27 0 43 3 30 70 1 10 100 52 20 1 92 14 90 55 51 6 74 35 34 32
25 63 53 62 50 38 20 3 91 77 54 98 50 8 22 65 57 33 29 46 68 21 3 8 49 83 35 32 100 23 7 69 5 95 51 53 61 42 40 78 16 61 16 15 13 89 71 23 87 91 83 79 14 31 67 86 27 13 41 36 84 73 86 56 34 97 49 97 22 27 86 92 9 73 83 64 62 54 8 43 0 45 97 54 92 40 40 11 62 88 33 22 80 69 11 77 61 5 95 21
16 28 93 34 84 74 74 54 10 69 71 4 4 74 32 55 93 97 42 47 62 95 11 22 34 38 40 59 21 17 9 67 98 79 32 75 33 38 39 25 19 33 47 10 95 82 45 22 43 72 82 60 35 41 92 60 39 73 80 31 40 7 3 23 69 21 51 43 58 100 20 76 19 34 74 66 26 27 71 3 45 0 18 81 96 79 51 85 95 83 42 60 100 24 87 2 32 70 2 93
74 11 20 37 98 95 71 100 100 16 36 52 42 75 28 72 38 23 1 79 64 33 14 80 96 34 8 78 50 38 60 9 11 20 1 25 36 43 35 95 92 81 55 87 52 41 27 13 82 55 10 11 7 27 87 60 99 9 64 69 46 83 79 9 4 38 90 98 59 51 97 89 100 39 49 3 16 10 8 30 97 18 0 81 60 55 87 56 29 76 32 75 31 74 11 53 78 90 44 37
53 7 45 42 82 69 16 62 56 44 93 100 35 95 29 54 94 27 56 36 46 71 48 49 65 33 75 33 10 52 29 67 51 83 77 56 61 20 64 94 11 76 62 65 28 40 45 79 29 59 28 66 12 18 39 50 33 30 79 15 62 65 87 44 9 47 87 34 30 25 52 76 20 63 12 17 36 14 90 70 54 81 81 0 58 48 65 24 25 68 88 11 44 37 91 27 60 14 32 81
93 75 58 28 27 15 8 78 93 22 79 79 14 3 81 9 18 21 94 42 10 30 38 80 49 85 9 32 6 21 61 95 5 70 72 41 64 90 73 16 82 82 35 100 59 32 26 94 64 79 63 83 3 81 86 54 46 42 34 7 85 14 59 54 27 93 49 50 52 38 69 76 8 100 17 71 70 36 66 1 92 96 60 58 0 98 98 82 100 28 94 86 58 60 18 48 84 97 93 100
41 93 32 76 82 66 51 41 43 14 20 96 27 97 73 14 67 2 83 34 26 31 42 78 53 57 71 22 97 58 67 21 80 88 89 66 70 94 54 54 67 40 77 16 57 99 9 60 52 26 7 99 54 55 18 75 2 24 43 72 81 31 75 56 81 55 18 5 75 45 29 89 61 78 7 86 41 53 38 10 40 79 55 48 98 0 70 43 2 65 93 80 26 30 17 66 45 35 12 11
37 69 1 8 39 100 19 74 33 95 35 8 63 49 36 52 63 69 4 23 81 46 5 58 91 68 37 68 82 67 10 46 67 73 1 17 60 31 24 3 17 77 40 74 69 24 52 53 1 77 96 57 36 3 25 64 96 30 16 94 68 32 91 1 6 74 27 91 88 45 91 98 32 58 88 22 1 27 11 100 40 51 87 65 98 70 0 36 71 33 57 41 59 6 60 16 33 15 9 36
41 59 38 27 12 37 16 84 78 78 44 28 4 45 46 100 15 83 20 83 29 31 96 32 100 60 76 84 32 73 28 54 99 87 100 62 22 50 72 71 40 61 85 34 82 58 57 60 32 7 72 96 21 78 56 8 31 63 83 29 32 72 24 68 26 29 41 69 12 3 98 69 40 50 38 27 67 70 77 52 11 85 56 24 82 43 36 0 86 84 33 67 48 87 48 27 80 50 32 49
80 44 67 72 22 22 10 92 16 11 57 27 53 52 23 35 68 4 71 54 94 26 57 25 36 4 25 46 55 47 70 35 39 79 44 26 55 90 73 14 91 13 46 14 11 37 86 27 45 31 88 21 56 81 53 56 55 21 56 77 23 78 10 69 28 24 68 27 84 11 15 46 76 13 7 77 37 44 31 20 62 95 29 25 100 2 71 86 0 84 52 63 36 87 78 29 34 49 44 30
29 87 43 93 63 74 16 5 93 19 37 62 22 22 18 33 64 100 70 61 32 43 14 22 69 19 60 37 19 60 49 23 75 20 37 23 81 26 15 48 90 86 82 37 78 60 83 96 15 49 5 34 35 77 29 3 40 71 67 99 36 75 100 14 62 49 50 15 85 59 70 52 93 71 27 94 92 83 88 1 88 83 76 68 28 65 33 84 84 0 25 68 83 89 42 37 67 42 61 15
7 78 5 44 30 57 17 45 90 27 24 75 80 5 56 75 2 52 34 2 18 86 58 10 63 21 75 14 75 81 7 37 21 5 93 44 40 11 32 3 61 55 44 85 15 6 57 71 41 20 52 10 100 67 93 29 8 66 2 52 42 88 82 50 28 51 20 72 45 51 1 79 74 30 10 20 79 40 69 92 33 42 32 88 94 93 57 33 52 25 0 66 81 44 93 54 80 35 14 32
92 53 100 87 79 79 54 74 32 97 98 10 72 53 48 73 9 57 13 58 61 61 60 25 1 64 67 91 100 69 62 56 5 78 31 35 82 2 77 6 91 37 98 12 35 11 90 87 64 87 53 62 26 79 78 78 34 8 55 98 61 70 91 45 43 14 16 18 26 27 89 54 39 64 54 27 55 10 89 14 22 60 75 11 86 80 41 67 63 68 66 0 23 7 6 79 52 79 35 44
70 81 12 46 62 2 11 91 99 70 46 6 14 19 64 18 70 95 65 56 89 33 33 60 57 87 98 60 12 72 60 89 27 78 41 85 65 29 79 73 89 94 99 24 31 100 89 47 88 74 63 42 51 6 33 74 33 51 80 44 57 67 63 78 44 15 25 10 49 15 68 7 13 95 51 91 18 40 80 90 80 100 31 44 58 26 59 48 36 83 81 23 0 76 96 74 63 66 22 55
11 86 30 75 78 62 47 4 95 69 45 79 42 47 3 71 24 96 43 25 55 57 51 16 98 84 38 7 9 1 24 42 75 39 67 31 100 36 22 77 31 3 72 29 22 84 8 39 28 90 6 72 36 43 41 87 76 64 63 55 72 3 59 91 29 58 80 19 89 74 33 76 47 33 65 48 55 76 83 55 69 24 74 37 60 30 6 87 87 89 44 7 76 0 12 88 27 35 60 99
75 9 45 21 17 69 13 55 58 63 53 56 17 24 33 95 70 17 81 78 51 21 95 72 100 80 8 56 100 44 97 47 90 73 46 37 86 70 34 65 65 23 78 61 65 96 60 39 75 42 60 79 59 26 93 52 18 12 66 93 38 63 60 37 3 52 49 53 80 15 88 63 20 36 23 22 68 7 21 51 11 87 11 91 18 17 60 48 78 42 93 6 96 12 0 51 38 26 63 44
46 83 40 76 21 19 36 19 93 71 51 76 43 82 41 47 18 49 15 59 50 49 35 55 30 8 33 17 85 75 19 77 23 100 14 49 38 55 71 33 8 54 82 26 99 70 83 10 76 30 35 91 21 37 87 60 85 38 75 22 88 80 53 96 22 20 33 81 92 6 49 28 56 67 59 50 13 96 7 6 77 2 53 27 48 66 16 27 29 37 54 79 74 88 51 0 91 51 14 67
25 41 34 53 14 83 60 10 54 44 62 44 31 5 9 74 3 3 55 94 86 3 92 32 11 39 10 62 19 88 58 43 66 57 7 91 58 20 47 77 85 1 88 94 96 50 54 10 8 25 97 92 66 95 17 57 23 25 61 70 36 42 91 72 70 16 75 31 65 99 24 24 82 91 30 68 58 15 10 74 61 32 78 60 84 45 33 80 34 67 80 52 63 27 38 91 0 23 36 40
92 82 17 74 24 68 1 70 81 65 11 17 36 68 57 10 41 32 93 21 89 15 33 16 94 44 43 58 88 49 87 22 15 32 64 9 56 48 79 7 51 23 64 32 90 36 59 78 84 93 80 98 44 23 54 73 35 31 98 17 95 93 14 70 50 42 95 53 91 78 3 17 15 75 35 64 4 61 23 35 5 70 90 14 97 35 15 50 49 42 35 79 66 35 26 51 23 0 8 49
44 59 16 38 14 29 55 76 9 4 39 90 5 38 36 51 5 69 70 40 86 37 67 49 12 93 22 46 52 78 83 70 96 30 33 94 18 87 16 78 91 77 56 1 15 26 87 99 76 9 57 99 69 68 66 97 20 26 51 29 37 47 24 25 58 4 34 98 50 93 4 45 89 14 61 93 98 80 71 34 95 2 44 32 93 12 9 32 44 61 14 35 22 60 63 14 36 8 0 88
21 61 51 19 56 94 53 68 9 3 58 67 17 74 56 2 83 98 77 20 63 70 29 66 39 33 91 22 65 16 33 82 8 67 71 44 26 29 68 9 18 6 46 72 49 2 75 32 55 84 2 89 18 19 83 19 57 70 84 28 29 38 46 94 78 15 62 75 84 12 49 99 48 21 30 24 38 63 55 32 21 93 37 81 100 11 36 49 30 15 32 44 55 99 44 67 40 49 88 0
